5 0.675694 0.666016 0.0819444 0.0835937 0.264989
10 0.532639 0.491797 0.0486111 0.0492188 0.274056
4 0.5125 0.547656 0.0611111 0.06875 0.384378
6 0.76875 0.821484 0.0902778 0.0882813 0.414356
8 0.445833 0.718359 0.0916667 0.107031 0.478881
6 0.679861 0.666797 0.0819444 0.0804688 0.546086
4 0.513194 0.454688 0.0513889 0.065625 0.575215
4 0.694444 0.494922 0.0722222 0.0726563 0.610286
4 0.573611 0.655469 0.0611111 0.0625 0.649315
10 0.514583 0.455078 0.0486111 0.0585938 0.67745
4 0.867361 0.521484 0.0680556 0.0601562 0.938991
