10 0.532639 0.491797 0.0486111 0.0492188 0.259928
4 0.5125 0.547656 0.0611111 0.06875 0.355904
6 0.768056 0.821094 0.0916667 0.0890625 0.400958
5 0.681944 0.6625 0.0833333 0.0828125 0.428248
8 0.445833 0.718359 0.0916667 0.107031 0.476367
4 0.513194 0.455078 0.0513889 0.0648438 0.579524
4 0.573611 0.655859 0.0611111 0.0617188 0.585975
4 0.694444 0.494922 0.0722222 0.0726563 0.591652
6 0.684028 0.664062 0.0819444 0.08125 0.690394
10 0.514583 0.455078 0.0486111 0.0585938 0.690516
4 0.867361 0.521484 0.0680556 0.0601562 0.940478
