10 0.531944 0.491797 0.0472222 0.0492188 0.273255
4 0.5125 0.547656 0.0611111 0.06875 0.318241
5 0.690972 0.650391 0.0847222 0.0851562 0.327796
4 0.574306 0.655469 0.0652778 0.0625 0.399632
6 0.768056 0.821094 0.0916667 0.0890625 0.4116
8 0.445833 0.717969 0.0916667 0.107813 0.479108
6 0.691667 0.651563 0.0861111 0.084375 0.485197
4 0.513889 0.454688 0.05 0.0640625 0.592138
4 0.696528 0.496094 0.0708333 0.071875 0.607547
10 0.514583 0.454688 0.0486111 0.0578125 0.730655
4 0.866667 0.521484 0.0694444 0.0601562 0.942794
