3 0.742361 0.539844 0.0597222 0.053125 0.278888
11 0.20625 0.632422 0.0875 0.0835937 0.334106
11 0.397917 0.694922 0.104167 0.108594 0.451552
10 0.65 0.470703 0.0555556 0.0757812 0.458172
4 0.648611 0.471875 0.0638889 0.08125 0.553887
4 0.695833 0.494141 0.0555556 0.0664062 0.560842
10 0.58125 0.458984 0.0652778 0.0789063 0.589556
11 0.440972 0.704687 0.123611 0.121875 0.698636
8 0.450694 0.707422 0.126389 0.125781 0.733971
4 0.513889 0.456641 0.05 0.0617188 0.735921
4 0.8625 0.523047 0.0722222 0.0679687 0.862392
