4 0.461111 0.448047 0.0527778 0.0617188 0.250103
10 0.610417 0.709766 0.0708333 0.0664062 0.274429
11 0.288889 0.662109 0.1 0.110156 0.340614
5 0.647222 0.471484 0.0555556 0.0789063 0.370358
4 0.408333 0.441797 0.0555556 0.0710938 0.379242
7 0.609722 0.711719 0.0694444 0.0671875 0.419055
4 0.647222 0.471484 0.0555556 0.0789063 0.500467
3 0.736111 0.525391 0.0694444 0.0820312 0.598979
4 0.697222 0.494141 0.0583333 0.0695312 0.730034
8 0.288889 0.661719 0.1 0.1125 0.754901
4 0.5125 0.45625 0.0444444 0.05625 0.758429
4 0.572917 0.4625 0.0569444 0.0734375 0.800208
4 0.8625 0.522266 0.0666667 0.0632813 0.927803
