11 0.102083 0.598047 0.1125 0.0945313 0.262927
4 0.409028 0.437109 0.0541667 0.0617188 0.339441
12 0.425 0.660156 0.0861111 0.071875 0.361216
10 0.610417 0.710547 0.0708333 0.0664062 0.366827
4 0.647222 0.471094 0.0555556 0.0796875 0.468324
5 0.645833 0.471484 0.0555556 0.0789063 0.494646
3 0.735417 0.525 0.0708333 0.0828125 0.610985
4 0.696528 0.494141 0.0569444 0.0679687 0.665248
4 0.572917 0.4625 0.0569444 0.0734375 0.780082
4 0.511806 0.45625 0.0430556 0.05625 0.789373
4 0.8625 0.522266 0.0666667 0.0632813 0.93032
