4 0.697222 0.495703 0.0583333 0.0679687 0.31975
10 0.581944 0.460938 0.0666667 0.078125 0.329301
4 0.58125 0.460938 0.0680556 0.078125 0.339895
4 0.649306 0.473437 0.0597222 0.078125 0.375044
12 0.23125 0.940234 0.115278 0.114844 0.376917
11 0.20625 0.631641 0.0902778 0.0820312 0.398355
11 0.393056 0.694922 0.1 0.108594 0.450201
4 0.514583 0.454688 0.0486111 0.0671875 0.589067
11 0.438194 0.704297 0.118056 0.121094 0.629214
8 0.453472 0.707812 0.126389 0.125 0.701314
4 0.863194 0.521094 0.0708333 0.0625 0.89153
