10 0.231641 0.863194 0.0429688 0.151389 0.251041
4 0.532422 0.138194 0.0148437 0.0986111 0.300447
4 0.450391 0.0631944 0.0164062 0.0625 0.305521
9 0.696875 0.633333 0.0390625 0.127778 0.322351
11 0.637891 0.535417 0.0585938 0.126389 0.33193
10 0.419141 0.0180556 0.0164062 0.0361111 0.341204
10 0.423438 0.356944 0.0125 0.0444444 0.363429
1 0.476172 0.0486111 0.0195312 0.05 0.401687
1 0.650781 0.241667 0.059375 0.208333 0.411693
4 0.418359 0.0194444 0.0164062 0.0333333 0.434203
10 0.396875 0.354861 0.015625 0.0541667 0.454819
4 0.506641 0.0597222 0.0179687 0.05 0.463961
7 0.643359 0.725694 0.0414063 0.134722 0.464702
1 0.70625 0.109722 0.0515625 0.186111 0.470428
11 0.587891 0.804167 0.0476562 0.15 0.479073
4 0.397266 0.0569444 0.0179687 0.0972222 0.554372
3 0.531641 0.164583 0.0195312 0.0486111 0.580877
4 0.450781 0.157639 0.0171875 0.0486111 0.630551
11 0.640625 0.727778 0.04375 0.138889 0.672038
7 0.289844 0.356944 0.0578125 0.183333 0.694034
4 0.844531 0.884028 0.0234375 0.0375 0.730295
4 0.560547 0.108333 0.0148437 0.05 0.743392
8 0.589063 0.806944 0.04375 0.15 0.767047
4 0.5875 0.110417 0.015625 0.0513889 0.782726
4 0.45 0.109028 0.015625 0.0486111 0.793538
4 0.395703 0.111806 0.0148437 0.0486111 0.796009
4 0.423438 0.108333 0.015625 0.05 0.842669
4 0.533203 0.109722 0.0148437 0.05 0.884869
