10 0.55625 0.6875 0.025 0.0777778 0.264958
4 0.847266 0.894444 0.0320312 0.0611111 0.290725
10 0.520703 0.706944 0.0304688 0.105556 0.295335
1 0.477734 0.201389 0.0164062 0.0472222 0.315552
10 0.619141 0.75625 0.0335938 0.134722 0.338662
6 0.757031 0.0368056 0.0234375 0.0652778 0.376622
8 0.589453 0.808333 0.0414063 0.15 0.43034
1 0.971094 0.297222 0.053125 0.191667 0.443467
6 0.722656 0.0243056 0.03125 0.0430556 0.475917
4 0.50625 0.0590278 0.01875 0.0513889 0.477407
11 0.490625 0.75625 0.034375 0.120833 0.50355
6 0.0503906 0.926389 0.0429688 0.102778 0.554438
4 0.450781 0.160417 0.0140625 0.0458333 0.555675
4 0.560938 0.106944 0.015625 0.05 0.691176
4 0.450391 0.109028 0.0148437 0.0486111 0.718083
4 0.5875 0.109722 0.015625 0.05 0.805046
4 0.396484 0.109722 0.0148437 0.05 0.832047
4 0.533984 0.109028 0.0148437 0.0486111 0.879746
