10 0.699219 0.640972 0.03125 0.1125 0.254424
3 0.7625 0.0423611 0.025 0.0736111 0.296582
3 0.975 0.247917 0.040625 0.120833 0.335158
4 0.845312 0.886806 0.0265625 0.0430556 0.387993
4 0.50625 0.0590278 0.01875 0.0486111 0.39752
10 0.620313 0.755556 0.034375 0.136111 0.397947
3 0.978516 0.291667 0.0414063 0.141667 0.421866
4 0.451562 0.156944 0.0140625 0.0472222 0.472136
11 0.590234 0.809028 0.0445312 0.154167 0.474122
10 0.396875 0.354167 0.0140625 0.05 0.476224
8 0.592578 0.811111 0.0414063 0.158333 0.60787
11 0.491797 0.757639 0.0335938 0.126389 0.681567
4 0.560547 0.108333 0.0164062 0.05 0.733044
4 0.450391 0.107639 0.0148437 0.0486111 0.743087
10 0.469922 0.645139 0.0273438 0.0847222 0.780188
4 0.396094 0.109722 0.015625 0.0527778 0.812532
4 0.587891 0.109722 0.0164062 0.05 0.826867
4 0.533594 0.109722 0.015625 0.0472222 0.880186
