10 0.534766 0.24375 0.0148437 0.0569444 0.256057
4 0.397656 0.0819444 0.015625 0.0944444 0.257573
4 0.411328 0.01875 0.0164062 0.0347222 0.259303
4 0.396875 0.0527778 0.0171875 0.0611111 0.27633
1 0.114063 0.950694 0.059375 0.0986111 0.276692
11 0.594922 0.804167 0.0445312 0.15 0.291068
4 0.560156 0.0576389 0.01875 0.0458333 0.292656
4 0.942578 0.930556 0.0257812 0.0472222 0.327085
10 0.424219 0.358333 0.0140625 0.0416667 0.330342
10 0.58125 0.709028 0.0328125 0.104167 0.339527
11 0.249219 0.881944 0.0640625 0.177778 0.356253
7 0.494922 0.756944 0.0367187 0.127778 0.374165
3 0.508203 0.355556 0.0210938 0.0472222 0.381999
8 0.596094 0.809722 0.0453125 0.158333 0.387047
1 0.533984 0.122222 0.0164062 0.0722222 0.409443
10 0.221484 0.358333 0.0257812 0.0861111 0.418342
10 0.533984 0.358333 0.0148437 0.0416667 0.422083
11 0.533984 0.772222 0.0335938 0.111111 0.430001
4 0.533594 0.202778 0.015625 0.05 0.443303
4 0.419141 0.0194444 0.0164062 0.0361111 0.458354
10 0.397656 0.355556 0.015625 0.05 0.467297
9 0.40625 0.696528 0.0390625 0.148611 0.47454
4 0.844531 0.884722 0.0265625 0.0388889 0.567495
4 0.451953 0.158333 0.0164062 0.0472222 0.635683
4 0.560938 0.106944 0.015625 0.05 0.699945
4 0.450391 0.108333 0.0148437 0.0472222 0.758757
4 0.423438 0.106944 0.015625 0.0527778 0.772998
4 0.396484 0.110417 0.0148437 0.0513889 0.788686
4 0.5875 0.108333 0.015625 0.05 0.798819
4 0.533594 0.109722 0.0140625 0.0527778 0.814356
11 0.494922 0.757639 0.0351562 0.131944 0.818251
