3 0.506641 0.0569444 0.0179687 0.0472222 0.31918
10 0.620703 0.755556 0.0351562 0.136111 0.334224
4 0.560156 0.0569444 0.0203125 0.05 0.368377
1 0.507422 0.0548611 0.0179687 0.0486111 0.424184
4 0.844531 0.886806 0.0265625 0.0430556 0.444835
10 0.396875 0.354167 0.015625 0.0527778 0.457016
8 0.593359 0.810417 0.0414063 0.156944 0.507762
10 0.469141 0.646528 0.0273438 0.0791667 0.533032
11 0.591406 0.808333 0.04375 0.15 0.541962
4 0.451172 0.157639 0.0148437 0.0486111 0.579645
4 0.45 0.109028 0.0140625 0.0513889 0.65338
11 0.492188 0.756944 0.034375 0.127778 0.6569
4 0.561328 0.106944 0.0164062 0.0527778 0.733148
4 0.396094 0.109722 0.015625 0.0527778 0.796231
4 0.587891 0.108333 0.0164062 0.05 0.807268
4 0.533594 0.109028 0.015625 0.0486111 0.877847
