1 0.533984 0.204861 0.0179687 0.0541667 0.288216
1 0.473047 0.0208333 0.0210938 0.0277778 0.318433
4 0.559766 0.0583333 0.0195312 0.0472222 0.332455
10 0.521484 0.713194 0.0273438 0.0902778 0.336561
3 0.976172 0.290972 0.0460938 0.156944 0.35056
3 0.657812 0.259028 0.0578125 0.165278 0.364653
1 0.477344 0.201389 0.0171875 0.0472222 0.395329
4 0.421875 0.0201389 0.0171875 0.0347222 0.415682
6 0.760156 0.0604167 0.0296875 0.106944 0.429967
6 0.722266 0.025 0.0289063 0.0444444 0.435282
3 0.760156 0.0583333 0.0296875 0.105556 0.439076
4 0.423828 0.20625 0.0148437 0.0458333 0.44317
4 0.396484 0.0375 0.0195312 0.0666667 0.477467
11 0.590234 0.809028 0.0429688 0.151389 0.511688
10 0.396875 0.354861 0.015625 0.0486111 0.512371
4 0.451172 0.160417 0.0148437 0.0486111 0.606213
1 0.784375 0.567361 0.0578125 0.126389 0.649407
11 0.490625 0.756944 0.034375 0.122222 0.6538
4 0.844141 0.882639 0.0242187 0.0375 0.669311
4 0.450391 0.109028 0.0148437 0.0513889 0.745934
4 0.560547 0.106944 0.0164062 0.05 0.757295
4 0.396094 0.109722 0.015625 0.05 0.788535
4 0.587891 0.109722 0.0164062 0.05 0.818616
4 0.533594 0.108333 0.0140625 0.05 0.839256
