4 0.411328 0.01875 0.0164062 0.0375 0.257783
4 0.75625 0.0347222 0.0203125 0.0611111 0.27763
4 0.945703 0.931944 0.0242187 0.0444444 0.28484
10 0.573047 0.710417 0.0335938 0.101389 0.297477
10 0.23125 0.861806 0.0421875 0.148611 0.300144
10 0.423828 0.356944 0.0132813 0.0444444 0.342149
1 0.967188 0.109722 0.053125 0.175 0.347177
4 0.45 0.0625 0.015625 0.0611111 0.359843
1 0.65625 0.261111 0.0609375 0.166667 0.362525
7 0.643359 0.723611 0.0398437 0.133333 0.400562
4 0.397656 0.0604167 0.0171875 0.104167 0.445655
4 0.417188 0.0194444 0.0171875 0.0333333 0.446747
1 0.476562 0.0479167 0.01875 0.0513889 0.493763
10 0.396875 0.354167 0.015625 0.0527778 0.513458
4 0.506641 0.0597222 0.0179687 0.0472222 0.535365
1 0.705078 0.111111 0.0539063 0.194444 0.550667
4 0.450781 0.157639 0.0171875 0.0486111 0.578919
1 0.533594 0.129167 0.01875 0.0805556 0.62356
7 0.289062 0.35625 0.0578125 0.181944 0.651713
4 0.532812 0.111806 0.015625 0.0541667 0.70122
11 0.640625 0.725 0.0421875 0.138889 0.710497
4 0.844531 0.883333 0.0234375 0.0388889 0.736534
4 0.560547 0.107639 0.0148437 0.0513889 0.768155
4 0.45 0.108333 0.015625 0.05 0.788122
4 0.396094 0.111111 0.015625 0.05 0.806285
4 0.5875 0.109722 0.015625 0.05 0.810824
8 0.588281 0.80625 0.0421875 0.145833 0.828933
4 0.423438 0.108333 0.015625 0.05 0.840001
