4 0.745703 0.920139 0.0195312 0.0486111 0.273223
4 0.685156 0.0243056 0.015625 0.0430556 0.277991
4 0.534766 0.0486111 0.0132813 0.05 0.281744
10 0.0101562 0.247222 0.01875 0.158333 0.294026
4 0.944531 0.931944 0.021875 0.0444444 0.339929
3 0.661719 0.247222 0.065625 0.188889 0.340826
1 0.767969 0.21875 0.053125 0.1625 0.364576
2 0.661328 0.250694 0.0679687 0.181944 0.371341
1 0.559766 0.0576389 0.0179687 0.0430556 0.376304
10 0.50625 0.255556 0.015625 0.0388889 0.399949
4 0.560156 0.0576389 0.0171875 0.0430556 0.402426
4 0.397656 0.0597222 0.0171875 0.102778 0.412472
3 0.450391 0.15625 0.0179687 0.0458333 0.457367
1 0.560156 0.103472 0.0171875 0.0541667 0.465849
4 0.587891 0.05625 0.0179687 0.0430556 0.50856
1 0.959766 0.100694 0.0523437 0.1625 0.509042
8 0.477734 0.377083 0.0210938 0.0847222 0.524201
4 0.505859 0.0479167 0.0164062 0.0569444 0.527776
11 0.651172 0.723611 0.0382813 0.127778 0.60795
1 0.837891 0.602083 0.0476562 0.159722 0.615987
10 0.477734 0.375 0.0195312 0.0833333 0.641814
4 0.45 0.111806 0.015625 0.0513889 0.649163
10 0.424609 0.373611 0.0179687 0.0722222 0.712474
4 0.560547 0.109028 0.0148437 0.0486111 0.748721
4 0.396094 0.110417 0.015625 0.0458333 0.810156
4 0.423438 0.109028 0.015625 0.0486111 0.82452
10 0.533984 0.383333 0.0195312 0.0722222 0.827283
4 0.5875 0.109722 0.0171875 0.05 0.828197
4 0.533594 0.110417 0.015625 0.0486111 0.864837
4 0.477734 0.109028 0.0164062 0.0513889 0.875415
