3 0.664062 0.252083 0.0625 0.176389 0.256457
1 0.6625 0.250694 0.0609375 0.170833 0.260252
10 0.50625 0.252083 0.0140625 0.0402778 0.260864
4 0.506641 0.211806 0.0148437 0.0597222 0.261335
10 0.423828 0.356944 0.0132813 0.0472222 0.268629
3 0.450391 0.155556 0.0179687 0.0444444 0.276564
1 0.832812 0.619444 0.0609375 0.163889 0.280853
10 0.396875 0.0451389 0.0171875 0.0597222 0.297113
10 0.419141 0.0166667 0.0164062 0.0333333 0.305892
11 0.521875 0.665278 0.034375 0.122222 0.314312
4 0.397656 0.0673611 0.015625 0.106944 0.315063
11 0.469141 0.660417 0.0335938 0.118056 0.31677
3 0.966406 0.114583 0.053125 0.181944 0.343494
1 0.708984 0.103472 0.0492188 0.1625 0.349073
3 0.775391 0.08125 0.0367187 0.140278 0.356074
4 0.746094 0.920139 0.021875 0.0541667 0.365321
9 0.417578 0.714583 0.0414063 0.148611 0.371455
1 0.476172 0.04375 0.0164062 0.0541667 0.374432
11 0.641016 0.732639 0.0492188 0.151389 0.408642
10 0.533984 0.355556 0.0148437 0.0472222 0.41831
4 0.942578 0.930556 0.0242187 0.0472222 0.438595
1 0.450781 0.157639 0.0171875 0.0430556 0.456484
4 0.84375 0.884028 0.025 0.0375 0.508952
10 0.476953 0.378472 0.0179687 0.0736111 0.521477
4 0.5875 0.05625 0.0171875 0.0430556 0.537516
4 0.506641 0.0520833 0.0148437 0.0486111 0.541985
1 0.96875 0.104861 0.0546875 0.173611 0.580628
4 0.450391 0.110417 0.0148437 0.0513889 0.642164
1 0.765234 0.165278 0.0398437 0.138889 0.65462
1 0.533984 0.129167 0.0179687 0.0805556 0.710928
4 0.560938 0.108333 0.0140625 0.0472222 0.816551
4 0.423438 0.107639 0.015625 0.0486111 0.820656
4 0.396484 0.111806 0.0148437 0.0486111 0.823135
4 0.587891 0.107639 0.0164062 0.0486111 0.853078
4 0.477734 0.108333 0.0164062 0.05 0.868052
