6 0.0484375 0.924306 0.0546875 0.1125 0.254575
10 0.603516 0.690278 0.0304688 0.116667 0.267759
4 0.450781 0.350694 0.015625 0.0513889 0.287978
8 0.589453 0.80625 0.0476562 0.159722 0.290307
1 0.649219 0.252083 0.0515625 0.168056 0.310893
10 0.469531 0.645139 0.0296875 0.0791667 0.320831
10 0.518359 0.677083 0.0273438 0.0791667 0.322467
4 0.759766 0.0347222 0.0179687 0.0638889 0.32378
4 0.603906 0.697917 0.03125 0.126389 0.343815
4 0.942578 0.930556 0.0273438 0.0472222 0.350651
10 0.438281 0.656944 0.0328125 0.111111 0.351233
3 0.966406 0.0923611 0.05625 0.1625 0.361991
3 0.978516 0.282639 0.0429688 0.154167 0.367656
10 0.450391 0.347917 0.0179687 0.0513889 0.391954
12 0.201172 0.854167 0.0414063 0.1 0.395635
3 0.758984 0.0618056 0.0210938 0.0902778 0.424412
4 0.423438 0.205556 0.0125 0.0444444 0.426459
4 0.844922 0.886806 0.0273438 0.0430556 0.468565
11 0.651563 0.727083 0.03125 0.0930556 0.538304
10 0.396875 0.353472 0.015625 0.0486111 0.581323
4 0.451172 0.15625 0.0148437 0.0486111 0.584877
11 0.591016 0.803472 0.0476562 0.159722 0.587924
4 0.450391 0.0576389 0.0164062 0.0430556 0.630332
4 0.560547 0.10625 0.0148437 0.0486111 0.728158
4 0.450391 0.107639 0.0148437 0.0513889 0.73762
4 0.587109 0.109028 0.0148437 0.0513889 0.774809
4 0.395703 0.157639 0.0148437 0.0541667 0.81764
4 0.533203 0.107639 0.0148437 0.0486111 0.834113
