4 0.684375 0.0277778 0.01875 0.0472222 0.259398
3 0.396484 0.101389 0.0164062 0.0583333 0.272143
3 0.396484 0.0548611 0.0195312 0.0569444 0.276343
10 0.00976562 0.268056 0.0164062 0.138889 0.283417
4 0.559766 0.0576389 0.0195312 0.0458333 0.307318
11 0.255859 0.890972 0.0632813 0.165278 0.309111
10 0.533984 0.358333 0.0148437 0.0416667 0.310748
8 0.591797 0.811111 0.0429688 0.158333 0.344719
1 0.533594 0.125694 0.0171875 0.0708333 0.406477
4 0.534375 0.204167 0.015625 0.0444444 0.407929
11 0.590234 0.809028 0.0445312 0.151389 0.434699
4 0.395703 0.109722 0.0148437 0.0472222 0.573148
4 0.450391 0.158333 0.0164062 0.0472222 0.663203
4 0.560547 0.10625 0.0148437 0.0513889 0.698564
10 0.530469 0.777083 0.0296875 0.0958333 0.719902
4 0.844531 0.885417 0.0234375 0.0402778 0.728138
4 0.45 0.108333 0.0140625 0.0472222 0.729735
4 0.5875 0.108333 0.015625 0.05 0.740307
11 0.490234 0.75625 0.0351562 0.123611 0.765323
4 0.533203 0.109722 0.0148437 0.0527778 0.811963
4 0.423047 0.108333 0.0164062 0.0527778 0.818122
3 0.964063 0.494444 0.0671875 0.197222 0.897888
