4 0.944531 0.931944 0.025 0.0444444 0.269933
1 0.660156 0.25625 0.0609375 0.165278 0.270067
11 0.491016 0.75625 0.0320312 0.118056 0.271042
4 0.559766 0.0569444 0.0179687 0.0444444 0.277762
3 0.957812 0.0972222 0.0578125 0.163889 0.279747
11 0.590234 0.805556 0.0429688 0.158333 0.296659
4 0.423438 0.205556 0.0125 0.0416667 0.355755
3 0.660937 0.259722 0.0625 0.163889 0.356316
4 0.451172 0.155556 0.0148437 0.05 0.359572
11 0.234766 0.88125 0.0585938 0.176389 0.380661
10 0.60625 0.709028 0.0328125 0.131944 0.386519
4 0.844922 0.885417 0.0273438 0.0402778 0.414249
3 0.505859 0.0590278 0.0179687 0.0458333 0.418121
10 0.491016 0.758333 0.0320312 0.116667 0.418653
10 0.469922 0.642361 0.0257812 0.0847222 0.47108
10 0.396875 0.354861 0.0140625 0.0486111 0.477501
3 0.762891 0.180556 0.0523437 0.177778 0.480472
8 0.591016 0.807639 0.0429688 0.151389 0.565763
10 0.434375 0.705556 0.034375 0.116667 0.583141
3 0.771484 0.0770833 0.0382813 0.1375 0.642873
4 0.450391 0.109722 0.0148437 0.0527778 0.696714
4 0.560547 0.109722 0.0148437 0.0472222 0.712731
4 0.395703 0.158333 0.0148437 0.0527778 0.834491
4 0.5875 0.109028 0.015625 0.0486111 0.840358
4 0.533984 0.109028 0.0148437 0.0486111 0.881162
