4 0.845703 0.886111 0.0289063 0.0416667 0.269867
6 0.0511719 0.930556 0.0414063 0.0944444 0.273532
11 0.491406 0.755556 0.0359375 0.122222 0.290493
1 0.760547 0.0826389 0.0257812 0.120833 0.296424
3 0.0148437 0.06875 0.028125 0.123611 0.298278
8 0.589453 0.808333 0.0445312 0.147222 0.326404
11 0.591016 0.808333 0.0429688 0.15 0.350274
4 0.50625 0.0590278 0.01875 0.0486111 0.382716
1 0.477734 0.201389 0.0164062 0.0472222 0.395105
10 0.619922 0.754167 0.0335938 0.133333 0.436798
4 0.450781 0.161111 0.0140625 0.0444444 0.6333
4 0.560938 0.106944 0.015625 0.05 0.707592
4 0.45 0.109028 0.0140625 0.0486111 0.724504
4 0.5875 0.109028 0.015625 0.0486111 0.800697
4 0.396484 0.109028 0.0148437 0.0513889 0.822867
4 0.533594 0.110417 0.015625 0.0486111 0.882731
