6 0.0480469 0.924306 0.0539063 0.1125 0.263466
11 0.623047 0.0215278 0.0304688 0.0402778 0.273333
10 0.555859 0.689583 0.0257812 0.0791667 0.304408
10 0.45 0.349306 0.01875 0.0513889 0.320904
4 0.759375 0.0340278 0.0171875 0.0625 0.333668
4 0.942187 0.930556 0.028125 0.0472222 0.35053
10 0.534766 0.38125 0.0195312 0.0763889 0.355036
11 0.436328 0.665278 0.0351562 0.122222 0.359423
12 0.202734 0.85625 0.0445312 0.101389 0.361556
10 0.436719 0.665972 0.034375 0.120833 0.363464
3 0.746875 0.211111 0.0578125 0.2 0.379269
8 0.592188 0.8125 0.0453125 0.163889 0.401997
10 0.605469 0.702083 0.0296875 0.123611 0.442223
3 0.758984 0.0618056 0.0210938 0.0875 0.480668
4 0.844922 0.886806 0.0257812 0.0430556 0.492613
4 0.423438 0.205556 0.0125 0.0444444 0.492978
10 0.397266 0.354167 0.0164062 0.0444444 0.627257
11 0.591016 0.809722 0.0476562 0.158333 0.627777
3 0.978516 0.281944 0.0429688 0.158333 0.632808
4 0.451172 0.15625 0.0148437 0.0486111 0.635527
11 0.651563 0.729167 0.03125 0.0916667 0.646906
4 0.450391 0.0569444 0.0164062 0.0416667 0.654803
4 0.560547 0.10625 0.0148437 0.0486111 0.733261
4 0.450781 0.108333 0.0140625 0.05 0.765621
4 0.587109 0.108333 0.0148437 0.05 0.808284
4 0.533203 0.108333 0.0148437 0.0472222 0.810558
4 0.395703 0.158333 0.0148437 0.0527778 0.824928
