10 0.450781 0.348611 0.0171875 0.0527778 0.314799
11 0.623047 0.0194444 0.0304688 0.0361111 0.317292
4 0.942187 0.930556 0.028125 0.0472222 0.337434
4 0.423438 0.205556 0.0125 0.0444444 0.338769
10 0.469531 0.647917 0.0265625 0.0791667 0.342736
10 0.457812 0.75 0.0375 0.116667 0.406632
3 0.759375 0.0611111 0.0203125 0.0916667 0.438013
4 0.844922 0.886806 0.0273438 0.0430556 0.467178
10 0.603906 0.699306 0.03125 0.126389 0.487023
11 0.651563 0.727083 0.03125 0.0930556 0.535978
10 0.396875 0.353472 0.015625 0.0486111 0.547247
4 0.451172 0.15625 0.0148437 0.0486111 0.548135
6 0.0492188 0.927083 0.04375 0.0958333 0.604779
11 0.590625 0.807639 0.0484375 0.159722 0.651006
10 0.4375 0.665278 0.03125 0.116667 0.659486
4 0.450391 0.0576389 0.0164062 0.0430556 0.687427
4 0.560547 0.10625 0.0148437 0.0486111 0.691446
4 0.450781 0.108333 0.0140625 0.05 0.746686
4 0.587109 0.109028 0.0148437 0.0513889 0.782281
4 0.395703 0.158333 0.0148437 0.0527778 0.803549
4 0.533594 0.108333 0.0140625 0.0472222 0.824843
