9 0.401563 0.696528 0.0359375 0.1375 0.250934
10 0.55625 0.6875 0.025 0.0777778 0.252876
10 0.521094 0.706944 0.03125 0.105556 0.260328
10 0.424219 0.356944 0.0140625 0.0416667 0.274341
10 0.618359 0.754861 0.0351562 0.1375 0.311713
4 0.847266 0.89375 0.0304688 0.0597222 0.320643
4 0.50625 0.0590278 0.01875 0.0513889 0.338008
1 0.477344 0.201389 0.0171875 0.0472222 0.365311
6 0.757031 0.0361111 0.0234375 0.0638889 0.366014
8 0.589453 0.808333 0.0429688 0.15 0.435461
1 0.970703 0.296528 0.0539063 0.190278 0.445712
6 0.722266 0.0243056 0.0320312 0.0430556 0.469293
11 0.490625 0.75625 0.034375 0.120833 0.487195
6 0.0503906 0.925694 0.0429688 0.104167 0.552316
4 0.450391 0.160417 0.0148437 0.0458333 0.60124
4 0.560938 0.106944 0.015625 0.05 0.683885
4 0.450391 0.108333 0.0148437 0.0472222 0.7273
4 0.5875 0.109722 0.015625 0.05 0.797719
4 0.396094 0.109028 0.015625 0.0513889 0.83428
4 0.533594 0.109028 0.015625 0.0486111 0.877273
