4 0.451562 0.132639 0.015625 0.0819444 0.267372
11 0.604297 0.781944 0.0492188 0.172222 0.275838
5 0.121484 0.947917 0.0523437 0.104167 0.276135
11 0.616406 0.765278 0.0359375 0.130556 0.283725
4 0.845703 0.8875 0.0273438 0.0444444 0.305075
4 0.680078 0.0277778 0.0179687 0.0444444 0.308247
3 0.657812 0.251389 0.0640625 0.180556 0.321305
10 0.423828 0.358333 0.0132813 0.0472222 0.327118
4 0.533594 0.135417 0.01875 0.0930556 0.333135
3 0.880859 0.284722 0.0585938 0.188889 0.346433
4 0.416406 0.01875 0.0171875 0.0375 0.358777
7 0.646484 0.722222 0.0320312 0.116667 0.371273
3 0.709766 0.111111 0.0492188 0.180556 0.385108
4 0.450781 0.0611111 0.015625 0.0555556 0.393775
4 0.397266 0.0604167 0.0179687 0.106944 0.482457
4 0.505859 0.0583333 0.0195312 0.0555556 0.486647
1 0.533594 0.13125 0.01875 0.0819444 0.509632
10 0.397266 0.354167 0.0148437 0.0555556 0.518444
11 0.644922 0.722917 0.0335938 0.115278 0.611
4 0.451172 0.158333 0.0179687 0.05 0.639544
11 0.587109 0.808333 0.0429688 0.147222 0.652686
4 0.450391 0.109028 0.0164062 0.0513889 0.689159
10 0.528125 0.778472 0.0296875 0.0902778 0.697004
4 0.560547 0.108333 0.0164062 0.0527778 0.731805
4 0.533203 0.111806 0.0164062 0.0541667 0.79202
4 0.5875 0.110417 0.0171875 0.0513889 0.81321
4 0.395703 0.110417 0.0164062 0.0486111 0.816126
4 0.423438 0.108333 0.015625 0.0527778 0.830714
