10 0.417969 0.0173611 0.015625 0.0347222 0.255975
8 0.478125 0.378472 0.0203125 0.0819444 0.260565
8 0.594531 0.805556 0.046875 0.15 0.269432
4 0.521875 0.66875 0.0265625 0.115278 0.281899
1 0.477344 0.0423611 0.01875 0.0625 0.29715
3 0.133594 0.173611 0.053125 0.15 0.334238
4 0.45 0.0604167 0.0140625 0.0541667 0.351515
4 0.944531 0.931944 0.0234375 0.0444444 0.359467
10 0.50625 0.251389 0.0140625 0.05 0.386571
10 0.423828 0.357639 0.0132813 0.0458333 0.392438
10 0.476953 0.377778 0.0210938 0.0861111 0.39882
6 0.724609 0.0256944 0.0335938 0.0458333 0.435125
4 0.396094 0.0506944 0.0171875 0.0652778 0.450308
1 0.825 0.606944 0.05625 0.155556 0.57296
4 0.532812 0.0458333 0.015625 0.0611111 0.582958
4 0.533203 0.1125 0.0148437 0.0555556 0.597914
1 0.533594 0.130556 0.0171875 0.0805556 0.639543
4 0.560938 0.05625 0.01875 0.0402778 0.642192
11 0.646875 0.729861 0.0453125 0.143056 0.657714
10 0.505859 0.202778 0.0164062 0.0388889 0.688261
4 0.450781 0.158333 0.015625 0.0472222 0.766801
4 0.45 0.107639 0.015625 0.0486111 0.768027
4 0.560547 0.109028 0.0148437 0.0486111 0.796422
4 0.396094 0.111111 0.0140625 0.0472222 0.828527
4 0.423438 0.108333 0.015625 0.05 0.831967
4 0.5875 0.109722 0.015625 0.05 0.834342
