10 0.424219 0.356944 0.0140625 0.0416667 0.259692
10 0.520703 0.706944 0.0320312 0.105556 0.260696
10 0.618359 0.754861 0.0351562 0.140278 0.287045
4 0.847656 0.89375 0.03125 0.0597222 0.30754
6 0.757031 0.0361111 0.0234375 0.0638889 0.345461
1 0.477344 0.201389 0.0171875 0.0472222 0.353425
4 0.50625 0.0590278 0.01875 0.0513889 0.367204
8 0.589453 0.808333 0.0429688 0.15 0.407769
1 0.970703 0.296528 0.0539063 0.190278 0.423888
6 0.722266 0.0243056 0.0320312 0.0430556 0.46635
11 0.490625 0.75625 0.034375 0.120833 0.472033
6 0.0503906 0.925694 0.0429688 0.104167 0.550436
4 0.450391 0.160417 0.0148437 0.0458333 0.585433
4 0.561328 0.106944 0.0164062 0.05 0.68382
4 0.450391 0.108333 0.0148437 0.0472222 0.725555
4 0.5875 0.109722 0.015625 0.05 0.797192
4 0.396094 0.109028 0.015625 0.0513889 0.834922
4 0.533984 0.109028 0.0148437 0.0486111 0.877461
