10 0.592969 0.802778 0.0484375 0.161111 0.250181
10 0.555469 0.688889 0.0265625 0.0805556 0.2537
3 0.759766 0.0652778 0.0210938 0.0972222 0.259745
3 0.658203 0.261111 0.0601562 0.158333 0.261061
1 0.451172 0.159028 0.0148437 0.0458333 0.265448
10 0.396484 0.354861 0.0148437 0.0513889 0.269736
4 0.423438 0.211806 0.0140625 0.0652778 0.292918
4 0.451172 0.155556 0.0148437 0.05 0.303787
4 0.845703 0.886806 0.0273438 0.0430556 0.312561
3 0.505859 0.0597222 0.0179687 0.0472222 0.339583
1 0.714844 0.11875 0.053125 0.198611 0.339618
11 0.593359 0.804167 0.0476562 0.152778 0.352813
11 0.491016 0.758333 0.0320312 0.116667 0.387367
10 0.603906 0.708333 0.0328125 0.133333 0.388492
11 0.232422 0.882639 0.0585938 0.176389 0.410101
10 0.491016 0.759722 0.0320312 0.113889 0.476637
8 0.590234 0.806944 0.0460938 0.155556 0.651362
4 0.560547 0.109722 0.0148437 0.0472222 0.68785
4 0.450391 0.110417 0.0148437 0.0513889 0.690263
4 0.395703 0.158333 0.0148437 0.0527778 0.794443
4 0.5875 0.109028 0.015625 0.0486111 0.847449
4 0.533594 0.109722 0.015625 0.0472222 0.882248
