1 0.476172 0.0451389 0.0164062 0.0513889 0.250304
10 0.533984 0.355556 0.0148437 0.0472222 0.301416
7 0.325 0.6125 0.0640625 0.188889 0.311705
10 0.396484 0.0451389 0.0164062 0.0597222 0.313494
10 0.419141 0.0166667 0.0164062 0.0333333 0.328444
1 0.450391 0.157639 0.0164062 0.0430556 0.366839
11 0.469141 0.664583 0.0351562 0.120833 0.381205
4 0.397266 0.0590278 0.0164062 0.0986111 0.384303
4 0.533203 0.1125 0.0148437 0.0555556 0.399004
4 0.746094 0.920139 0.021875 0.0541667 0.40562
1 0.666797 0.0326389 0.0445312 0.0652778 0.411696
1 0.828906 0.629861 0.0671875 0.193056 0.420676
10 0.476953 0.377778 0.0179687 0.075 0.423492
4 0.50625 0.0527778 0.015625 0.05 0.423954
1 0.659766 0.109722 0.0523437 0.191667 0.429885
1 0.967969 0.110417 0.0515625 0.179167 0.430065
4 0.5875 0.0569444 0.01875 0.0472222 0.434823
4 0.945312 0.931944 0.0234375 0.0444444 0.457478
11 0.641406 0.734028 0.046875 0.148611 0.46394
4 0.842969 0.885417 0.0234375 0.0347222 0.518918
1 0.658594 0.261806 0.05625 0.1625 0.520312
4 0.450391 0.111111 0.0148437 0.05 0.604154
1 0.533594 0.129167 0.01875 0.0805556 0.692769
4 0.560938 0.108333 0.015625 0.0472222 0.774653
4 0.396094 0.111111 0.0140625 0.0472222 0.789947
4 0.423438 0.107639 0.015625 0.0486111 0.813435
4 0.5875 0.106944 0.0171875 0.05 0.827468
4 0.477344 0.108333 0.015625 0.05 0.866745
