4 0.560156 0.0576389 0.01875 0.0486111 0.250245
8 0.590234 0.8125 0.0429688 0.155556 0.275044
10 0.534375 0.358333 0.015625 0.0416667 0.288459
4 0.417578 0.01875 0.0164062 0.0319444 0.29597
1 0.473828 0.0201389 0.0210938 0.0263889 0.298361
11 0.252344 0.889583 0.0609375 0.173611 0.323714
4 0.683203 0.0284722 0.0179687 0.0486111 0.369119
4 0.533594 0.202778 0.015625 0.05 0.410618
1 0.533594 0.127083 0.0171875 0.0708333 0.427523
10 0.396875 0.354861 0.015625 0.0513889 0.431431
4 0.397266 0.0555556 0.0164062 0.0944444 0.485488
11 0.589063 0.810417 0.04375 0.148611 0.495258
4 0.451172 0.158333 0.0164062 0.0472222 0.632242
4 0.560938 0.10625 0.015625 0.0513889 0.685932
4 0.844531 0.885417 0.0234375 0.0402778 0.713178
4 0.450391 0.108333 0.0148437 0.0472222 0.727648
10 0.529688 0.777778 0.0296875 0.0916667 0.754107
4 0.5875 0.108333 0.015625 0.05 0.760424
4 0.396094 0.109722 0.015625 0.0472222 0.764754
11 0.488672 0.755556 0.0367187 0.125 0.794746
4 0.533203 0.109722 0.0148437 0.0527778 0.798167
4 0.423438 0.107639 0.015625 0.0513889 0.803915
3 0.964063 0.497917 0.0671875 0.193056 0.889051
