4 0.944531 0.931944 0.025 0.0444444 0.275343
4 0.559766 0.0569444 0.0179687 0.0444444 0.279499
3 0.957422 0.0979167 0.0585938 0.165278 0.29863
4 0.423438 0.205556 0.0125 0.0416667 0.346963
3 0.661328 0.259722 0.0632813 0.163889 0.358433
4 0.451172 0.15625 0.0148437 0.0486111 0.365039
10 0.60625 0.709028 0.0328125 0.134722 0.380221
4 0.844922 0.885417 0.0273438 0.0402778 0.387483
11 0.234766 0.88125 0.0585938 0.176389 0.396047
3 0.763281 0.181944 0.053125 0.177778 0.408618
3 0.505859 0.0590278 0.0179687 0.0458333 0.413113
10 0.434766 0.70625 0.0335938 0.118056 0.47015
10 0.396875 0.354861 0.0140625 0.0486111 0.488777
10 0.491016 0.757639 0.0335938 0.118056 0.578107
3 0.770703 0.0770833 0.0382813 0.1375 0.655598
8 0.591016 0.807639 0.0429688 0.151389 0.662103
4 0.450391 0.109722 0.0148437 0.0527778 0.689822
4 0.560547 0.109722 0.0148437 0.0472222 0.706661
4 0.395703 0.158333 0.0148437 0.0527778 0.834578
4 0.5875 0.109028 0.015625 0.0486111 0.838448
4 0.533984 0.109028 0.0148437 0.0486111 0.880745
