10 0.50625 0.252778 0.0140625 0.0416667 0.257206
4 0.752734 0.91875 0.0210938 0.0486111 0.258738
3 0.45 0.155556 0.01875 0.0416667 0.264812
10 0.560938 0.354167 0.015625 0.0527778 0.265058
1 0.719141 0.53125 0.0585938 0.1375 0.267591
3 0.761719 0.0895833 0.0328125 0.126389 0.27018
4 0.45 0.155556 0.0171875 0.0416667 0.28205
10 0.396484 0.0451389 0.0164062 0.0597222 0.286788
7 0.324609 0.611111 0.0648438 0.188889 0.299034
11 0.469141 0.663194 0.0351562 0.120833 0.30273
1 0.476172 0.0451389 0.0164062 0.0513889 0.307345
10 0.419141 0.0173611 0.0164062 0.0347222 0.328841
1 0.697266 0.0291667 0.0476562 0.0583333 0.334071
1 0.6625 0.113194 0.0546875 0.193056 0.365639
5 0.657812 0.267361 0.05625 0.154167 0.367037
1 0.762109 0.0881944 0.0304688 0.126389 0.377129
7 0.957812 0.0909722 0.0578125 0.154167 0.379333
10 0.533984 0.355556 0.0148437 0.0472222 0.386917
4 0.533594 0.1125 0.015625 0.0555556 0.401544
4 0.397266 0.0583333 0.0164062 0.0972222 0.409733
4 0.944922 0.931944 0.0242187 0.0444444 0.416046
4 0.5875 0.05625 0.01875 0.0458333 0.440214
11 0.645312 0.729167 0.0453125 0.138889 0.448905
10 0.476953 0.378472 0.0179687 0.0736111 0.452771
4 0.506641 0.0527778 0.0164062 0.05 0.468053
1 0.657422 0.264583 0.0554687 0.156944 0.489334
4 0.450391 0.109722 0.0148437 0.05 0.640432
4 0.84375 0.884722 0.025 0.0388889 0.675787
1 0.533984 0.129167 0.0179687 0.0805556 0.676401
1 0.960156 0.0965278 0.0609375 0.1625 0.708923
4 0.560938 0.107639 0.015625 0.0486111 0.782064
4 0.396094 0.111111 0.0140625 0.0472222 0.789082
4 0.423047 0.106944 0.0164062 0.05 0.807193
4 0.5875 0.106944 0.0171875 0.05 0.832543
4 0.477734 0.108333 0.0164062 0.05 0.858346
