11 0.520703 0.666667 0.0335938 0.125 0.254619
4 0.533203 0.111111 0.0148437 0.0527778 0.264696
7 0.648828 0.723611 0.0429688 0.136111 0.265457
10 0.505859 0.254167 0.0148437 0.0388889 0.280791
10 0.561719 0.375694 0.01875 0.0791667 0.284401
10 0.418359 0.711806 0.0382813 0.1375 0.285621
4 0.534375 0.0506944 0.0171875 0.0569444 0.290699
10 0.417578 0.0173611 0.0164062 0.0347222 0.304739
1 0.533203 0.1125 0.0148437 0.0583333 0.320094
4 0.506641 0.210417 0.0148437 0.0569444 0.332327
4 0.945312 0.932639 0.025 0.0458333 0.333038
4 0.844531 0.886806 0.0265625 0.0402778 0.354991
11 0.595312 0.802083 0.046875 0.1625 0.384818
10 0.423828 0.356944 0.0132813 0.0472222 0.402394
4 0.559766 0.05625 0.0179687 0.0402778 0.410518
4 0.397656 0.0604167 0.0171875 0.104167 0.41984
1 0.450391 0.157639 0.0179687 0.0430556 0.441368
6 0.720312 0.0291667 0.0375 0.0472222 0.446678
3 0.45 0.155556 0.01875 0.0444444 0.450064
1 0.477344 0.0402778 0.0203125 0.0638889 0.506628
8 0.593359 0.801389 0.0492188 0.161111 0.527944
4 0.45 0.111806 0.015625 0.0541667 0.565616
10 0.396875 0.354861 0.015625 0.0541667 0.575031
1 0.960156 0.0972222 0.0578125 0.169444 0.593628
10 0.477734 0.375694 0.0195312 0.0791667 0.614053
11 0.644922 0.726389 0.0429688 0.141667 0.640416
1 0.533594 0.134028 0.0171875 0.0847222 0.663069
4 0.560547 0.109028 0.0148437 0.0486111 0.742081
4 0.5875 0.109028 0.015625 0.0486111 0.809544
4 0.396094 0.110417 0.015625 0.0458333 0.809696
4 0.477734 0.107639 0.0164062 0.0541667 0.827949
4 0.423438 0.108333 0.015625 0.05 0.8313
