4 0.754687 0.0368056 0.0234375 0.0652778 0.257268
6 0.716016 0.0263889 0.0289063 0.0416667 0.26118
1 0.505859 0.254167 0.0179687 0.0444444 0.276549
10 0.534766 0.154167 0.0148437 0.0444444 0.279235
11 0.615625 0.7625 0.034375 0.122222 0.283816
10 0.478125 0.297917 0.015625 0.0402778 0.299113
4 0.679297 0.0243056 0.0179687 0.0402778 0.322192
4 0.473437 0.0180556 0.0171875 0.025 0.322925
5 0.657422 0.249306 0.0648438 0.181944 0.332498
4 0.945312 0.932639 0.025 0.0430556 0.333561
7 0.644531 0.718056 0.03125 0.111111 0.355621
4 0.415234 0.0194444 0.0164062 0.0361111 0.357445
10 0.423438 0.356944 0.0125 0.0472222 0.360805
1 0.657812 0.24375 0.059375 0.179167 0.361309
3 0.762109 0.0902778 0.0398437 0.152778 0.417566
4 0.397266 0.0597222 0.0164062 0.105556 0.439475
4 0.450391 0.0604167 0.0148437 0.0513889 0.475099
9 0.695312 0.63125 0.0328125 0.106944 0.512844
10 0.396875 0.353472 0.015625 0.0541667 0.531233
8 0.586328 0.806944 0.0414063 0.147222 0.536692
4 0.451172 0.157639 0.0164062 0.0486111 0.647586
4 0.560938 0.106944 0.015625 0.0472222 0.648293
4 0.844531 0.884028 0.025 0.0402778 0.661008
4 0.450781 0.108333 0.015625 0.0472222 0.713501
11 0.644141 0.719444 0.0335938 0.119444 0.727705
4 0.587891 0.109028 0.0164062 0.0486111 0.829742
4 0.423438 0.108333 0.015625 0.05 0.842671
4 0.396094 0.110417 0.015625 0.0458333 0.84785
4 0.533594 0.108333 0.015625 0.0472222 0.880749
