4 0.754687 0.0361111 0.021875 0.0638889 0.273511
1 0.901953 0.118056 0.0523437 0.147222 0.278874
10 0.534766 0.154167 0.0148437 0.0444444 0.300237
10 0.228906 0.859722 0.040625 0.138889 0.30382
1 0.507031 0.0541667 0.01875 0.0583333 0.314505
3 0.761328 0.0916667 0.0382813 0.15 0.323581
4 0.416797 0.01875 0.0179687 0.0319444 0.340574
10 0.423828 0.356944 0.0132813 0.0444444 0.341292
4 0.944922 0.932639 0.0242187 0.0430556 0.345531
4 0.678906 0.0236111 0.0171875 0.0388889 0.348148
11 0.614844 0.761806 0.0359375 0.126389 0.363404
1 0.505859 0.254167 0.0179687 0.0444444 0.366882
10 0.478125 0.297917 0.015625 0.0402778 0.37281
1 0.657422 0.244444 0.0601562 0.180556 0.38806
9 0.467187 0.705556 0.040625 0.15 0.39614
4 0.396875 0.0402778 0.01875 0.0722222 0.402294
4 0.450391 0.0597222 0.0148437 0.05 0.473108
8 0.585547 0.80625 0.0429688 0.148611 0.477787
10 0.397656 0.353472 0.015625 0.0513889 0.547345
7 0.645703 0.719444 0.0320312 0.119444 0.561389
11 0.644531 0.71875 0.034375 0.123611 0.566493
7 0.572656 0.700694 0.0296875 0.101389 0.587062
4 0.560156 0.109028 0.015625 0.0486111 0.637654
9 0.694141 0.634028 0.0335938 0.109722 0.645127
4 0.451172 0.157639 0.0164062 0.0486111 0.67551
4 0.844531 0.884028 0.025 0.0402778 0.702671
4 0.450391 0.108333 0.0148437 0.0472222 0.718252
4 0.587891 0.109028 0.0164062 0.0486111 0.840529
4 0.423438 0.108333 0.015625 0.05 0.840756
4 0.396484 0.110417 0.0148437 0.0486111 0.841772
4 0.533594 0.108333 0.015625 0.0472222 0.880095
