6 0.896484 0.895139 0.0367187 0.0569444 0.261851
4 0.505469 0.0506944 0.015625 0.0486111 0.263501
4 0.746094 0.920139 0.021875 0.0541667 0.289759
10 0.505859 0.253472 0.0148437 0.0402778 0.292712
4 0.587891 0.0576389 0.0179687 0.0458333 0.294319
10 0.419141 0.0173611 0.0164062 0.0347222 0.297767
4 0.50625 0.211806 0.015625 0.0597222 0.301165
11 0.323828 0.613889 0.0585938 0.177778 0.304369
3 0.45 0.154861 0.01875 0.0458333 0.314039
10 0.422656 0.201389 0.0140625 0.0472222 0.323591
10 0.560938 0.354167 0.015625 0.0527778 0.325222
4 0.944531 0.93125 0.0234375 0.0458333 0.325553
10 0.476953 0.379861 0.0179687 0.0736111 0.328473
10 0.533984 0.35625 0.0148437 0.0458333 0.332205
10 0.423828 0.35625 0.0148437 0.0513889 0.372563
10 0.396484 0.04375 0.0179687 0.0597222 0.382862
1 0.450391 0.156944 0.0179687 0.0444444 0.397797
10 0.396875 0.354861 0.015625 0.0541667 0.413517
6 0.973047 0.0402778 0.0429688 0.0611111 0.424012
4 0.396875 0.0590278 0.0171875 0.101389 0.452317
7 0.323828 0.614583 0.0664062 0.193056 0.452421
1 0.533594 0.133333 0.01875 0.075 0.585898
4 0.533594 0.1125 0.015625 0.05 0.589355
4 0.45 0.1125 0.015625 0.0527778 0.595024
1 0.840234 0.605556 0.0554687 0.175 0.609568
4 0.396094 0.110417 0.015625 0.0458333 0.794324
4 0.587891 0.109028 0.0164062 0.0486111 0.80444
4 0.423438 0.107639 0.015625 0.0486111 0.824751
4 0.561328 0.110417 0.0148437 0.0458333 0.8295
4 0.477734 0.109722 0.0164062 0.05 0.878466
