4 0.846094 0.891667 0.0296875 0.0555556 0.266976
3 0.758594 0.0680556 0.021875 0.1 0.267836
4 0.423438 0.211806 0.0140625 0.0680556 0.279043
3 0.505859 0.0597222 0.0179687 0.0444444 0.334948
4 0.450781 0.155556 0.0140625 0.05 0.346595
10 0.603125 0.707639 0.0328125 0.134722 0.392921
11 0.491797 0.761111 0.0320312 0.119444 0.455369
3 0.651953 0.2625 0.0554687 0.155556 0.556782
11 0.229297 0.884722 0.0570313 0.175 0.564943
4 0.45 0.110417 0.0140625 0.0513889 0.653684
4 0.560547 0.108333 0.0148437 0.0472222 0.698142
8 0.590625 0.808333 0.0453125 0.155556 0.706067
10 0.468359 0.646528 0.0273438 0.0819444 0.732979
4 0.395703 0.158333 0.0148437 0.0527778 0.759988
4 0.587109 0.111111 0.0148437 0.0527778 0.823085
4 0.533984 0.109722 0.0148437 0.0472222 0.88251
