4 0.505469 0.0472222 0.0171875 0.0583333 0.252679
10 0.0101562 0.245833 0.01875 0.163889 0.278957
11 0.641406 0.723611 0.0421875 0.133333 0.297764
1 0.560156 0.103472 0.0171875 0.0541667 0.333179
3 0.836328 0.604167 0.0492188 0.138889 0.335862
4 0.944531 0.931944 0.021875 0.0416667 0.344424
4 0.397656 0.0604167 0.0171875 0.109722 0.35281
1 0.762109 0.216667 0.0523437 0.161111 0.355082
10 0.50625 0.254861 0.015625 0.0402778 0.362268
4 0.559766 0.0583333 0.0179687 0.0444444 0.40743
10 0.423438 0.379861 0.0234375 0.0930556 0.417656
6 0.71875 0.0277778 0.0390625 0.0472222 0.451168
4 0.84375 0.885417 0.021875 0.0375 0.479024
3 0.662109 0.25 0.0695312 0.183333 0.485126
8 0.478125 0.376389 0.021875 0.0833333 0.491217
4 0.587891 0.05625 0.0179687 0.0430556 0.496727
10 0.477734 0.375694 0.0195312 0.0819444 0.50334
1 0.832812 0.600694 0.0515625 0.129167 0.647183
1 0.960156 0.0986111 0.05625 0.163889 0.688883
10 0.533594 0.383333 0.0203125 0.0722222 0.732837
4 0.560938 0.109722 0.015625 0.0472222 0.770645
4 0.396484 0.110417 0.0164062 0.0458333 0.821157
4 0.45 0.107639 0.0171875 0.0486111 0.832964
4 0.5875 0.109722 0.0171875 0.05 0.834004
4 0.423047 0.109028 0.0179687 0.0513889 0.836556
4 0.533594 0.110417 0.015625 0.0486111 0.865472
4 0.477344 0.109722 0.0171875 0.05 0.877603
