1 0.758203 0.0840278 0.0226563 0.109722 0.250294
4 0.474219 0.0180556 0.01875 0.0305556 0.251625
4 0.560156 0.0569444 0.01875 0.0472222 0.253437
10 0.424219 0.357639 0.0140625 0.0430556 0.254189
10 0.41875 0.0180556 0.015625 0.0361111 0.257683
6 0.758594 0.04375 0.0203125 0.0847222 0.280538
4 0.944922 0.93125 0.0226563 0.0430556 0.281226
3 0.974609 0.264583 0.0429688 0.131944 0.303311
2 0.844922 0.596528 0.0507812 0.129167 0.34763
3 0.84375 0.597917 0.053125 0.131944 0.372586
4 0.45 0.0618056 0.015625 0.0569444 0.377445
4 0.683203 0.0284722 0.0179687 0.0486111 0.452169
4 0.397656 0.05625 0.0171875 0.0986111 0.459321
10 0.530859 0.779861 0.0304688 0.0930556 0.464661
11 0.589453 0.810417 0.0429688 0.148611 0.480812
8 0.590625 0.8125 0.0421875 0.155556 0.504125
4 0.451562 0.157639 0.0171875 0.0486111 0.505702
10 0.397266 0.354861 0.0148437 0.0513889 0.531141
4 0.45 0.108333 0.015625 0.05 0.631707
4 0.533203 0.110417 0.0148437 0.0569444 0.646318
4 0.560547 0.107639 0.0148437 0.0513889 0.677731
1 0.533594 0.131944 0.01875 0.0861111 0.703315
1 0.844531 0.6 0.0515625 0.15 0.703337
4 0.587891 0.109028 0.0164062 0.0513889 0.780917
4 0.396094 0.111111 0.015625 0.0472222 0.783465
4 0.423438 0.108333 0.015625 0.05 0.818387
