1 0.794531 0.578472 0.0390625 0.123611 0.253814
6 0.896094 0.895139 0.0359375 0.0569444 0.270456
3 0.450391 0.154167 0.0179687 0.0472222 0.299674
4 0.945312 0.93125 0.0234375 0.0458333 0.313233
10 0.423047 0.201389 0.0148437 0.0472222 0.361166
4 0.397266 0.0666667 0.0164062 0.105556 0.375204
1 0.450781 0.15625 0.0171875 0.0458333 0.404508
10 0.397266 0.354861 0.0148437 0.0569444 0.44567
4 0.533594 0.113889 0.015625 0.05 0.476055
1 0.839063 0.604167 0.0578125 0.180556 0.54339
10 0.477344 0.377083 0.01875 0.0763889 0.564001
4 0.589453 0.0472222 0.0179687 0.0555556 0.565834
4 0.450391 0.113194 0.0148437 0.0513889 0.620387
1 0.533594 0.134028 0.01875 0.0763889 0.621107
1 0.960547 0.0986111 0.0570313 0.169444 0.759898
4 0.396094 0.109722 0.015625 0.0472222 0.814061
4 0.587891 0.109028 0.0164062 0.0486111 0.816701
4 0.423438 0.107639 0.015625 0.0486111 0.817542
4 0.561328 0.109722 0.0148437 0.0444444 0.838461
4 0.477734 0.109722 0.0164062 0.05 0.872351
