1 0.50625 0.05625 0.0171875 0.0569444 0.258748
4 0.559766 0.0576389 0.0179687 0.0458333 0.25964
4 0.45 0.0604167 0.0140625 0.0541667 0.274115
4 0.45 0.0847222 0.015625 0.075 0.277782
10 0.396875 0.354167 0.015625 0.0555556 0.278582
11 0.414453 0.716667 0.0476562 0.161111 0.278675
4 0.416016 0.0180556 0.0164062 0.0333333 0.279452
1 0.657031 0.245139 0.0625 0.184722 0.280187
10 0.423438 0.357639 0.0125 0.0458333 0.299689
3 0.505859 0.253472 0.0195312 0.0486111 0.30929
10 0.232031 0.863889 0.0421875 0.147222 0.328237
4 0.945312 0.931944 0.0234375 0.0444444 0.332016
10 0.415234 0.71875 0.0445312 0.159722 0.348924
1 0.477344 0.0465278 0.01875 0.0541667 0.386998
3 0.765234 0.0493056 0.0289063 0.0902778 0.3905
4 0.844141 0.885417 0.0242187 0.0402778 0.426933
1 0.713672 0.10625 0.0492188 0.173611 0.431709
4 0.397656 0.0583333 0.0171875 0.102778 0.436042
1 0.958594 0.109028 0.053125 0.170833 0.444988
7 0.646875 0.722222 0.0375 0.122222 0.475078
4 0.507031 0.0576389 0.0171875 0.0486111 0.492521
4 0.451172 0.156944 0.0164062 0.0472222 0.541447
11 0.587891 0.805556 0.0445312 0.15 0.732001
4 0.560547 0.107639 0.0148437 0.0486111 0.73986
4 0.45 0.107639 0.015625 0.0486111 0.752751
4 0.396094 0.110417 0.015625 0.0458333 0.783689
4 0.423438 0.107639 0.015625 0.0486111 0.815671
4 0.5875 0.109028 0.015625 0.0486111 0.827435
4 0.533594 0.109028 0.015625 0.0486111 0.868563
