10 0.4125 0.688194 0.04375 0.1375 0.259511
10 0.613281 0.722917 0.0296875 0.0902778 0.26017
10 0.521094 0.713194 0.0296875 0.0958333 0.261214
10 0.423438 0.358333 0.015625 0.0416667 0.265963
9 0.341406 0.592361 0.0671875 0.179167 0.269256
4 0.411719 0.0180556 0.015625 0.0361111 0.27335
6 0.0375 0.917361 0.046875 0.104167 0.298056
1 0.342187 0.04375 0.0359375 0.0708333 0.307243
10 0.555859 0.688889 0.0257812 0.0805556 0.309066
1 0.473047 0.0201389 0.0210938 0.0263889 0.310477
3 0.214062 0.0965278 0.053125 0.1625 0.318627
1 0.476953 0.203472 0.0164062 0.0430556 0.330848
4 0.845312 0.884722 0.025 0.0388889 0.35755
2 0.662109 0.254167 0.0648438 0.175 0.387134
8 0.591406 0.809722 0.0421875 0.161111 0.406069
6 0.983203 0.0395833 0.0335938 0.0708333 0.414555
10 0.00898437 0.243056 0.0164062 0.155556 0.419405
4 0.396875 0.0395833 0.01875 0.0680556 0.422664
6 0.722656 0.025 0.0296875 0.0444444 0.431785
11 0.340625 0.598611 0.0578125 0.180556 0.497827
11 0.590234 0.807639 0.0445312 0.154167 0.531427
3 0.771094 0.0798611 0.04375 0.145833 0.589735
10 0.397266 0.355556 0.0164062 0.0472222 0.631835
4 0.560938 0.107639 0.015625 0.0486111 0.66792
11 0.491016 0.754861 0.0367187 0.131944 0.718174
4 0.451172 0.160417 0.0148437 0.0458333 0.75333
4 0.45 0.107639 0.0140625 0.0458333 0.799441
4 0.396094 0.109722 0.015625 0.0472222 0.826786
4 0.423438 0.107639 0.0140625 0.0486111 0.828901
4 0.5875 0.109028 0.015625 0.0486111 0.83624
4 0.533594 0.109028 0.0140625 0.0486111 0.866199
