4 0.416797 0.01875 0.0164062 0.0319444 0.268882
11 0.589844 0.804861 0.04375 0.151389 0.273928
10 0.397266 0.353472 0.0164062 0.0513889 0.301344
4 0.560156 0.0576389 0.01875 0.0430556 0.319959
1 0.474609 0.0194444 0.0210938 0.0277778 0.329952
8 0.589063 0.808333 0.04375 0.15 0.43957
1 0.534375 0.123611 0.0171875 0.0722222 0.460186
4 0.397266 0.0534722 0.0164062 0.0930556 0.545395
4 0.451953 0.158333 0.0164062 0.0472222 0.656223
4 0.450391 0.108333 0.0148437 0.0472222 0.701758
4 0.560938 0.106944 0.015625 0.05 0.706571
11 0.488281 0.752778 0.0375 0.125 0.716998
4 0.533594 0.110417 0.015625 0.0541667 0.723824
1 0.825 0.592361 0.0515625 0.134722 0.730195
4 0.396484 0.109722 0.0148437 0.0472222 0.776051
10 0.529297 0.777778 0.0289063 0.0916667 0.782462
4 0.587891 0.109722 0.0164062 0.05 0.806924
4 0.423828 0.107639 0.0148437 0.0513889 0.807484
