4 0.559766 0.0583333 0.0195312 0.0472222 0.251031
1 0.533984 0.204861 0.0179687 0.0541667 0.251244
1 0.661719 0.245139 0.0625 0.179167 0.264695
4 0.0105469 0.336806 0.0195312 0.165278 0.275165
4 0.746484 0.920833 0.0195312 0.0472222 0.285099
4 0.944141 0.932639 0.0242187 0.0402778 0.298327
10 0.520703 0.7125 0.0273438 0.0916667 0.336914
3 0.508203 0.351389 0.0210938 0.0472222 0.352223
1 0.477734 0.201389 0.0164062 0.0472222 0.358785
1 0.844922 0.884722 0.0257812 0.0388889 0.365095
1 0.765625 0.0868056 0.0390625 0.154167 0.376615
8 0.591406 0.809722 0.040625 0.155556 0.384859
10 0.419922 0.0180556 0.0164062 0.0361111 0.390205
3 0.769531 0.0881944 0.040625 0.154167 0.398509
4 0.396875 0.0583333 0.015625 0.1 0.440051
4 0.00820312 0.249306 0.0148437 0.195833 0.451611
11 0.589844 0.807639 0.04375 0.151389 0.468157
4 0.423828 0.206944 0.0148437 0.0472222 0.522711
6 0.724219 0.0236111 0.03125 0.0416667 0.578909
11 0.490234 0.753472 0.0351562 0.129167 0.686461
4 0.560547 0.106944 0.0164062 0.05 0.728871
4 0.451172 0.160417 0.0148437 0.0486111 0.740913
4 0.450391 0.109722 0.0148437 0.05 0.764981
4 0.396094 0.109722 0.015625 0.0472222 0.815467
4 0.587891 0.109722 0.0164062 0.05 0.833436
4 0.533984 0.109028 0.0148437 0.0486111 0.862464
