4 0.944922 0.931944 0.0242187 0.0444444 0.267281
10 0.419141 0.711806 0.0398437 0.1375 0.271832
1 0.841406 0.595139 0.06875 0.120833 0.273222
10 0.416797 0.0159722 0.0164062 0.0319444 0.279214
10 0.505859 0.254861 0.0148437 0.0375 0.287282
10 0.561719 0.375694 0.01875 0.0791667 0.288603
4 0.745313 0.919444 0.021875 0.05 0.293793
10 0.521094 0.665972 0.0328125 0.118056 0.312107
8 0.594141 0.802083 0.0507812 0.156944 0.3214
4 0.533984 0.0513889 0.0179687 0.05 0.334854
4 0.505859 0.20625 0.0132813 0.0402778 0.363448
1 0.476953 0.0409722 0.0195312 0.0625 0.368837
4 0.559766 0.05625 0.0179687 0.0402778 0.37959
1 0.450391 0.158333 0.0179687 0.0416667 0.393812
3 0.449609 0.15625 0.0179687 0.0430556 0.39407
4 0.397266 0.0611111 0.0164062 0.102778 0.395025
4 0.533203 0.111806 0.0148437 0.0569444 0.399484
10 0.423828 0.356944 0.0132813 0.0472222 0.40884
11 0.597266 0.802083 0.0476562 0.159722 0.421191
10 0.396484 0.354861 0.0148437 0.0541667 0.499454
6 0.720703 0.0284722 0.0382813 0.0486111 0.507311
11 0.64375 0.726389 0.0421875 0.138889 0.529435
1 0.960938 0.103472 0.0578125 0.176389 0.560121
4 0.45 0.111111 0.015625 0.0527778 0.566122
10 0.477734 0.376389 0.0195312 0.0777778 0.617816
1 0.533203 0.131944 0.0179687 0.0777778 0.644287
4 0.843359 0.884722 0.0257812 0.0388889 0.671832
4 0.560547 0.109028 0.0148437 0.0486111 0.749374
4 0.396484 0.111111 0.0148437 0.0472222 0.790678
4 0.5875 0.109028 0.015625 0.0486111 0.808787
4 0.423438 0.107639 0.015625 0.0486111 0.834853
4 0.477734 0.107639 0.0164062 0.0513889 0.835451
