1 0.533984 0.125 0.0179687 0.0722222 0.276037
3 0.659375 0.253472 0.065625 0.179167 0.302016
10 0.232812 0.863194 0.0421875 0.145833 0.321763
1 0.960547 0.115278 0.0523437 0.177778 0.325027
4 0.45 0.0625 0.015625 0.0638889 0.328949
11 0.415625 0.709028 0.046875 0.168056 0.333611
10 0.397266 0.354861 0.0148437 0.0541667 0.357624
10 0.423438 0.357639 0.0125 0.0458333 0.35986
3 0.451172 0.157639 0.0164062 0.0486111 0.387457
4 0.417969 0.0194444 0.01875 0.0361111 0.418146
10 0.528125 0.757639 0.034375 0.131944 0.422408
1 0.714453 0.10625 0.0492188 0.173611 0.437278
4 0.451172 0.157639 0.0164062 0.0486111 0.450428
4 0.450391 0.106944 0.0164062 0.05 0.575288
4 0.397266 0.0527778 0.0179687 0.0944444 0.583714
8 0.5875 0.807639 0.040625 0.148611 0.692673
4 0.560547 0.107639 0.0148437 0.0486111 0.707844
4 0.533203 0.111806 0.0148437 0.0541667 0.754072
4 0.396094 0.110417 0.015625 0.0458333 0.788792
4 0.5875 0.109028 0.015625 0.0486111 0.795143
4 0.423438 0.107639 0.015625 0.0513889 0.802952
