10 0.478516 0.297222 0.0164062 0.0416667 0.251177
4 0.398828 0.0402778 0.0195312 0.0722222 0.254723
11 0.415625 0.718056 0.040625 0.141667 0.262688
1 0.860937 0.481944 0.0609375 0.169444 0.265658
10 0.00859375 0.247917 0.0171875 0.156944 0.270687
4 0.560156 0.0583333 0.01875 0.0472222 0.274199
4 0.397656 0.0743056 0.015625 0.104167 0.284449
10 0.415234 0.719444 0.0398437 0.144444 0.291675
3 0.709766 0.1125 0.0539063 0.175 0.300986
4 0.944922 0.931944 0.0242187 0.0444444 0.30608
4 0.844141 0.884722 0.0257812 0.0388889 0.311088
4 0.75625 0.0361111 0.01875 0.0638889 0.315113
4 0.45 0.0611111 0.0140625 0.0555556 0.320942
10 0.424219 0.358333 0.0125 0.0472222 0.335418
8 0.561719 0.379167 0.0234375 0.0916667 0.354259
11 0.585156 0.805556 0.046875 0.147222 0.366875
10 0.397656 0.354861 0.015625 0.0569444 0.390557
4 0.746875 0.920139 0.0203125 0.0486111 0.421522
1 0.477344 0.0458333 0.01875 0.0555556 0.434611
1 0.65625 0.263889 0.0578125 0.169444 0.437175
7 0.644922 0.725 0.0414063 0.133333 0.45763
9 0.466797 0.703472 0.0398437 0.151389 0.465557
1 0.709375 0.113194 0.05 0.190278 0.51221
1 0.959766 0.103472 0.0539063 0.179167 0.515594
1 0.832031 0.616667 0.05625 0.177778 0.573414
4 0.507031 0.0590278 0.0171875 0.0486111 0.605181
4 0.560938 0.108333 0.015625 0.0472222 0.745154
11 0.641406 0.727083 0.04375 0.1375 0.755509
4 0.451953 0.158333 0.0164062 0.0472222 0.761985
4 0.450391 0.108333 0.0148437 0.0472222 0.788426
8 0.5875 0.80625 0.0453125 0.148611 0.803444
4 0.396484 0.110417 0.0148437 0.0458333 0.81624
4 0.423828 0.108333 0.0148437 0.05 0.837563
4 0.587891 0.110417 0.0164062 0.0486111 0.846144
4 0.533594 0.109722 0.015625 0.0472222 0.874219
