4 0.944922 0.931944 0.0257812 0.0444444 0.276583
4 0.473828 0.0194444 0.0179687 0.0277778 0.285079
3 0.757031 0.0652778 0.028125 0.116667 0.287349
3 0.533203 0.152778 0.0210938 0.0555556 0.388515
1 0.758203 0.150694 0.0367187 0.140278 0.391983
6 0.758203 0.0444444 0.0257812 0.0777778 0.404683
4 0.450781 0.0611111 0.015625 0.0527778 0.405725
4 0.50625 0.0583333 0.0203125 0.0555556 0.414064
4 0.417188 0.0194444 0.0171875 0.0361111 0.42714
4 0.844922 0.884722 0.0257812 0.0416667 0.428035
1 0.533594 0.13125 0.01875 0.0819444 0.517902
11 0.645703 0.721528 0.0335938 0.118056 0.519408
4 0.396484 0.0430556 0.0179687 0.0666667 0.541778
8 0.588672 0.808333 0.0429688 0.147222 0.580107
4 0.451562 0.158333 0.0171875 0.05 0.616025
10 0.529688 0.778472 0.0296875 0.0902778 0.700664
4 0.450391 0.109028 0.0164062 0.0513889 0.703303
4 0.560547 0.109028 0.0164062 0.0513889 0.711643
4 0.533203 0.111806 0.0164062 0.0541667 0.787405
4 0.5875 0.110417 0.0171875 0.0513889 0.796228
4 0.396094 0.109722 0.015625 0.0472222 0.814475
4 0.423438 0.107639 0.015625 0.0513889 0.831299
