10 0.533984 0.358333 0.0132813 0.0444444 0.253934
10 0.423828 0.357639 0.0132813 0.0430556 0.267718
1 0.476953 0.203472 0.0148437 0.0430556 0.304944
8 0.589453 0.809722 0.0414063 0.144444 0.344301
3 0.508203 0.354167 0.0195312 0.0472222 0.369142
11 0.589453 0.809722 0.0414063 0.147222 0.381581
2 0.660547 0.252778 0.0664062 0.180556 0.411628
4 0.559766 0.05625 0.0195312 0.0430556 0.443752
4 0.397266 0.0388889 0.0179687 0.0694444 0.456913
4 0.844922 0.884722 0.0257812 0.0388889 0.50962
10 0.397266 0.354167 0.0148437 0.05 0.583829
4 0.451172 0.161111 0.0148437 0.0444444 0.687577
11 0.489844 0.753472 0.0328125 0.118056 0.702587
4 0.560547 0.109028 0.0148437 0.0486111 0.726824
4 0.396875 0.110417 0.0140625 0.0486111 0.790423
4 0.450391 0.108333 0.0148437 0.0444444 0.794742
4 0.423828 0.106944 0.0148437 0.05 0.799728
4 0.5875 0.109028 0.015625 0.0486111 0.822151
4 0.533594 0.109028 0.0140625 0.0486111 0.845718
