10 0.555859 0.688194 0.0242187 0.0791667 0.251224
1 0.533594 0.204167 0.0171875 0.0527778 0.262999
4 0.411719 0.0180556 0.0171875 0.0361111 0.302579
11 0.252734 0.890278 0.0664062 0.169444 0.307118
3 0.508594 0.352083 0.0203125 0.0486111 0.315875
1 0.477734 0.201389 0.0164062 0.0472222 0.325773
10 0.521484 0.713194 0.0289063 0.0902778 0.326104
1 0.473047 0.0208333 0.0210938 0.0277778 0.32687
4 0.397266 0.0638889 0.0164062 0.108333 0.335652
9 0.403906 0.694444 0.040625 0.147222 0.337455
4 0.560156 0.0583333 0.01875 0.0472222 0.356401
11 0.23125 0.872222 0.05625 0.175 0.381949
4 0.423828 0.20625 0.0132813 0.0458333 0.398716
6 0.7625 0.0604167 0.03125 0.106944 0.406725
3 0.762109 0.0583333 0.0304688 0.105556 0.462967
6 0.721875 0.025 0.0296875 0.0444444 0.480769
11 0.590625 0.808333 0.04375 0.152778 0.520715
4 0.844141 0.883333 0.0242187 0.0388889 0.541375
3 0.975781 0.2875 0.0484375 0.166667 0.585109
10 0.397266 0.354861 0.0164062 0.0486111 0.587727
1 0.784766 0.567361 0.0570313 0.126389 0.626189
4 0.450781 0.161111 0.0140625 0.0472222 0.627547
4 0.560938 0.106944 0.015625 0.05 0.684359
4 0.45 0.109028 0.0140625 0.0513889 0.71758
11 0.490625 0.756944 0.034375 0.125 0.738263
4 0.396094 0.109722 0.015625 0.05 0.801036
4 0.5875 0.109722 0.015625 0.05 0.817568
4 0.533984 0.109028 0.0148437 0.0486111 0.824683
