4 0.451562 0.132639 0.015625 0.0819444 0.271472
4 0.506641 0.0569444 0.0195312 0.0555556 0.291147
1 0.758984 0.152778 0.0382813 0.138889 0.313833
4 0.418359 0.0201389 0.0164062 0.0347222 0.36021
3 0.451562 0.157639 0.0171875 0.0513889 0.395286
11 0.646094 0.720833 0.034375 0.116667 0.400844
3 0.65625 0.248611 0.0625 0.180556 0.457448
4 0.451562 0.157639 0.0171875 0.0513889 0.458021
4 0.397656 0.0590278 0.0171875 0.101389 0.467815
4 0.450781 0.0611111 0.015625 0.0527778 0.47483
10 0.397266 0.354167 0.0164062 0.0555556 0.501993
1 0.533984 0.131944 0.0195312 0.0805556 0.56219
4 0.844922 0.884028 0.0257812 0.0402778 0.585779
4 0.450391 0.107639 0.0164062 0.0513889 0.663931
10 0.530469 0.778472 0.03125 0.0930556 0.667748
8 0.588672 0.808333 0.0429688 0.147222 0.712518
4 0.533203 0.111806 0.0164062 0.0541667 0.718358
4 0.560938 0.108333 0.015625 0.05 0.762823
4 0.5875 0.110417 0.0171875 0.0513889 0.803849
4 0.423438 0.107639 0.015625 0.0513889 0.80774
4 0.396094 0.109722 0.015625 0.0472222 0.819638
