6 0.896094 0.895833 0.0359375 0.0583333 0.25081
11 0.610547 0.790972 0.0382813 0.129167 0.286798
1 0.781641 0.208333 0.0523437 0.130556 0.287406
9 0.416406 0.713194 0.04375 0.154167 0.292049
4 0.506641 0.2125 0.0148437 0.0611111 0.299129
4 0.588672 0.05 0.0179687 0.0527778 0.316967
10 0.416016 0.0173611 0.0164062 0.0347222 0.319199
10 0.396875 0.35625 0.015625 0.0569444 0.324277
1 0.450391 0.157639 0.0195312 0.0458333 0.330701
10 0.505859 0.254167 0.0148437 0.0416667 0.335075
4 0.746094 0.920139 0.021875 0.0541667 0.346667
4 0.397656 0.0666667 0.0171875 0.105556 0.362169
8 0.477734 0.378472 0.0195312 0.0819444 0.362417
1 0.839844 0.593056 0.05625 0.158333 0.362768
1 0.760156 0.08125 0.0265625 0.126389 0.36669
4 0.944922 0.931944 0.0242187 0.0444444 0.379734
3 0.45 0.155556 0.01875 0.0472222 0.502948
1 0.532812 0.15 0.0171875 0.0555556 0.507459
4 0.45 0.1125 0.015625 0.0527778 0.614027
4 0.533203 0.1125 0.0148437 0.05 0.663919
10 0.477734 0.376389 0.0195312 0.0805556 0.700267
1 0.961719 0.100694 0.05625 0.176389 0.714512
4 0.396094 0.110417 0.015625 0.0458333 0.779012
4 0.587891 0.109722 0.0164062 0.0472222 0.800513
4 0.560938 0.110417 0.015625 0.0458333 0.827089
4 0.423438 0.109028 0.015625 0.0486111 0.834882
10 0.533594 0.383333 0.0203125 0.075 0.836494
4 0.477344 0.109028 0.0171875 0.0513889 0.874578
