10 0.50625 0.254167 0.0140625 0.0361111 0.26648
6 0.724609 0.0236111 0.0335938 0.0416667 0.267207
1 0.533984 0.0472222 0.0164062 0.0527778 0.273049
6 0.851172 0.580556 0.0507812 0.144444 0.283173
4 0.942187 0.930556 0.0234375 0.0472222 0.291004
9 0.3375 0.726389 0.040625 0.15 0.29721
10 0.476953 0.377083 0.0195312 0.0791667 0.299563
4 0.686719 0.0236111 0.0171875 0.0416667 0.300507
4 0.449609 0.0597222 0.0132813 0.0527778 0.311245
4 0.533203 0.0458333 0.0148437 0.0638889 0.332865
3 0.967969 0.111111 0.05 0.172222 0.332917
8 0.597266 0.804861 0.0445312 0.156944 0.361198
10 0.521484 0.663889 0.0304688 0.116667 0.39892
11 0.528125 0.771528 0.0359375 0.115278 0.431036
4 0.50625 0.20625 0.0125 0.0375 0.439349
4 0.844531 0.886111 0.0234375 0.0388889 0.462048
4 0.396484 0.0451389 0.0164062 0.0569444 0.469857
1 0.966406 0.10625 0.0515625 0.165278 0.56439
1 0.476953 0.0402778 0.0195312 0.0638889 0.568267
4 0.560938 0.0555556 0.0171875 0.0388889 0.595914
4 0.453516 0.135417 0.0164062 0.0680556 0.619102
4 0.450391 0.115278 0.0148437 0.0583333 0.66604
11 0.650391 0.730556 0.0445312 0.141667 0.699478
1 0.533984 0.130556 0.0164062 0.0805556 0.702964
4 0.560156 0.108333 0.0140625 0.0472222 0.77127
4 0.423828 0.107639 0.0148437 0.0486111 0.825083
4 0.587109 0.109722 0.0148437 0.05 0.833446
4 0.396094 0.110417 0.0140625 0.0486111 0.846405
