10 0.417969 0.0173611 0.015625 0.0347222 0.281882
1 0.477344 0.0423611 0.01875 0.0625 0.315265
4 0.521875 0.667361 0.0265625 0.1125 0.333786
8 0.594141 0.805556 0.0460938 0.15 0.336204
4 0.45 0.0604167 0.0140625 0.0541667 0.337007
10 0.423828 0.357639 0.0132813 0.0458333 0.35249
4 0.944141 0.931944 0.0242187 0.0444444 0.353092
10 0.506641 0.251389 0.0148437 0.05 0.385113
10 0.477344 0.377778 0.0203125 0.0861111 0.3895
6 0.724609 0.0256944 0.0335938 0.0458333 0.397728
4 0.397266 0.0645833 0.0164062 0.104167 0.420124
1 0.822266 0.609722 0.0554687 0.161111 0.505482
4 0.532812 0.0458333 0.015625 0.0611111 0.560497
6 0.965234 0.10625 0.0570313 0.179167 0.594031
4 0.533203 0.1125 0.0148437 0.0555556 0.608224
1 0.533594 0.130556 0.0171875 0.0805556 0.623203
4 0.560547 0.05625 0.0179687 0.0402778 0.634211
11 0.646484 0.729861 0.0460938 0.143056 0.660836
10 0.50625 0.202778 0.015625 0.0388889 0.679531
4 0.451172 0.157639 0.0148437 0.0458333 0.759995
4 0.450391 0.108333 0.0148437 0.0472222 0.77056
4 0.560547 0.109028 0.0148437 0.0486111 0.794621
4 0.5875 0.109028 0.015625 0.0486111 0.83139
4 0.423438 0.108333 0.015625 0.05 0.831924
4 0.396484 0.111111 0.0148437 0.0472222 0.837715
