6 0.758594 0.04375 0.0203125 0.0847222 0.263988
10 0.418359 0.0180556 0.0164062 0.0361111 0.273278
4 0.944922 0.931944 0.0226563 0.0416667 0.301935
1 0.757812 0.0847222 0.0234375 0.108333 0.317165
2 0.848437 0.594444 0.0546875 0.141667 0.34571
4 0.45 0.0618056 0.015625 0.0569444 0.375016
11 0.589063 0.809722 0.0453125 0.15 0.413211
4 0.397656 0.0583333 0.0171875 0.102778 0.418326
4 0.683203 0.0291667 0.0164062 0.05 0.423219
8 0.589453 0.809722 0.0445312 0.15 0.428351
1 0.848047 0.597917 0.0539063 0.159722 0.483999
4 0.451562 0.157639 0.0171875 0.0486111 0.49132
10 0.396875 0.354861 0.015625 0.0513889 0.513807
3 0.846484 0.595833 0.0539063 0.152778 0.526906
10 0.530859 0.779861 0.0304688 0.0902778 0.553034
4 0.45 0.108333 0.015625 0.05 0.635908
4 0.533594 0.111111 0.015625 0.0583333 0.645504
4 0.560547 0.107639 0.0148437 0.0513889 0.662821
1 0.533594 0.13125 0.01875 0.0875 0.708677
4 0.587891 0.109028 0.0164062 0.0513889 0.777681
4 0.396094 0.111111 0.015625 0.0472222 0.788541
4 0.423438 0.108333 0.015625 0.05 0.818872
