1 0.848828 0.639583 0.0570313 0.170833 0.250994
10 0.417578 0.0173611 0.0164062 0.0347222 0.288177
10 0.0105469 0.245833 0.0195312 0.163889 0.295131
3 0.963672 0.10625 0.0554687 0.179167 0.309986
4 0.942187 0.929861 0.025 0.0486111 0.342656
1 0.450391 0.157639 0.0195312 0.0458333 0.361979
10 0.50625 0.255556 0.015625 0.0388889 0.362991
1 0.560156 0.102778 0.0171875 0.0555556 0.364213
6 0.721094 0.0270833 0.040625 0.0458333 0.365512
1 0.766406 0.221528 0.0546875 0.173611 0.371623
4 0.844531 0.885417 0.0234375 0.0375 0.387262
4 0.397266 0.0576389 0.0179687 0.0986111 0.452196
8 0.477734 0.377778 0.0195312 0.0805556 0.470586
4 0.559766 0.0583333 0.0179687 0.0444444 0.471842
4 0.505078 0.0472222 0.0164062 0.0583333 0.474552
3 0.660937 0.251389 0.06875 0.186111 0.491233
4 0.587891 0.05625 0.0179687 0.0430556 0.506793
3 0.450391 0.15625 0.0195312 0.0458333 0.537435
10 0.477734 0.376389 0.0195312 0.0777778 0.567976
4 0.45 0.1125 0.015625 0.0527778 0.627519
1 0.959375 0.101389 0.05625 0.169444 0.692651
4 0.560938 0.109722 0.015625 0.05 0.739768
4 0.396094 0.110417 0.015625 0.0458333 0.784567
10 0.533984 0.384722 0.0195312 0.0694444 0.785815
4 0.5875 0.109722 0.0171875 0.05 0.804274
4 0.423438 0.109028 0.015625 0.0486111 0.832073
4 0.533594 0.110417 0.015625 0.0486111 0.863214
4 0.477734 0.109028 0.0164062 0.0513889 0.873596
