1 0.341016 0.0423611 0.0367187 0.0569444 0.252889
4 0.560156 0.0583333 0.01875 0.0472222 0.275751
1 0.641016 0.45625 0.0554687 0.165278 0.277434
4 0.505859 0.0604167 0.0179687 0.0458333 0.284533
3 0.799609 0.288194 0.0648438 0.204167 0.285723
3 0.760938 0.0881944 0.0265625 0.123611 0.293735
4 0.845312 0.8875 0.0265625 0.0444444 0.313967
1 0.535156 0.204861 0.0171875 0.0486111 0.330337
3 0.639453 0.464583 0.0523437 0.168056 0.367192
10 0.605859 0.710417 0.0335938 0.1375 0.393547
4 0.423438 0.205556 0.0125 0.0416667 0.400827
4 0.450781 0.15625 0.0140625 0.0486111 0.412028
8 0.591016 0.809028 0.0445312 0.154167 0.476615
10 0.396875 0.354861 0.0140625 0.0486111 0.497748
10 0.469922 0.645139 0.0273438 0.0819444 0.560011
11 0.492188 0.759722 0.034375 0.127778 0.631217
4 0.45 0.109722 0.0140625 0.05 0.739212
4 0.560938 0.108333 0.015625 0.0472222 0.756
4 0.395703 0.159028 0.0148437 0.0513889 0.808489
4 0.587109 0.109722 0.0164062 0.0472222 0.839795
4 0.533594 0.110417 0.015625 0.0458333 0.877896
