10 0.419141 0.0180556 0.0164062 0.0361111 0.254346
1 0.767578 0.211111 0.0523437 0.15 0.257326
8 0.478516 0.377083 0.0195312 0.0819444 0.272005
10 0.573828 0.7125 0.0320312 0.0916667 0.279468
1 0.969531 0.113889 0.05 0.169444 0.288691
4 0.41875 0.0180556 0.0171875 0.0361111 0.315958
8 0.534766 0.373611 0.0210938 0.0833333 0.342183
4 0.945312 0.931944 0.021875 0.0444444 0.344812
10 0.478125 0.376389 0.0203125 0.0833333 0.355009
3 0.837891 0.590278 0.0601562 0.113889 0.371958
1 0.841406 0.594444 0.053125 0.130556 0.380609
10 0.519141 0.668056 0.0257812 0.108333 0.400361
3 0.505859 0.486111 0.0445312 0.113889 0.411935
4 0.449609 0.0597222 0.0148437 0.05 0.416143
10 0.50625 0.202778 0.015625 0.0388889 0.440131
4 0.396875 0.0451389 0.0171875 0.0652778 0.440705
10 0.424219 0.357639 0.0125 0.0458333 0.44341
4 0.683203 0.0277778 0.0179687 0.0472222 0.500707
1 0.533984 0.129167 0.0179687 0.0833333 0.551045
4 0.533594 0.123611 0.015625 0.0722222 0.632549
4 0.844141 0.885417 0.0226563 0.0402778 0.663568
4 0.560547 0.0548611 0.0179687 0.0375 0.666306
11 0.64375 0.725694 0.0453125 0.143056 0.687047
4 0.451562 0.157639 0.015625 0.0486111 0.714284
8 0.592578 0.804861 0.0445312 0.148611 0.730435
4 0.560547 0.108333 0.0148437 0.05 0.757691
4 0.587891 0.108333 0.0164062 0.05 0.764164
4 0.45 0.108333 0.015625 0.0472222 0.781596
4 0.396484 0.110417 0.0148437 0.0458333 0.809144
4 0.533594 0.05625 0.01875 0.0375 0.811545
4 0.423828 0.108333 0.0148437 0.05 0.837055
