10 0.61875 0.754861 0.0328125 0.131944 0.275765
4 0.505859 0.0576389 0.0179687 0.0486111 0.27795
10 0.0078125 0.245139 0.015625 0.156944 0.281767
4 0.423828 0.20625 0.0148437 0.0458333 0.311737
11 0.266016 0.893056 0.0601562 0.163889 0.313801
9 0.405469 0.688889 0.040625 0.138889 0.333505
10 0.520703 0.7125 0.0289063 0.0916667 0.339938
1 0.477734 0.201389 0.0164062 0.0472222 0.34582
11 0.617969 0.754167 0.0328125 0.133333 0.392951
1 0.976172 0.289583 0.0460938 0.165278 0.394973
4 0.944922 0.932639 0.0257812 0.0430556 0.402145
10 0.396875 0.354167 0.015625 0.05 0.409218
10 0.554688 0.686806 0.025 0.0763889 0.413934
6 0.722656 0.0256944 0.03125 0.0458333 0.471266
4 0.450781 0.160417 0.0140625 0.0486111 0.611762
4 0.450391 0.109028 0.0148437 0.0513889 0.704298
4 0.560938 0.106944 0.015625 0.05 0.711619
8 0.589844 0.807639 0.0421875 0.151389 0.7364
4 0.844531 0.885417 0.0265625 0.0402778 0.755381
11 0.490234 0.754861 0.0351562 0.126389 0.756123
4 0.396484 0.109028 0.0148437 0.0513889 0.804017
4 0.5875 0.108333 0.015625 0.05 0.827657
4 0.533594 0.109028 0.015625 0.0486111 0.882449
