6 0.0476562 0.934028 0.0484375 0.0902778 0.259038
4 0.511719 0.0243056 0.01875 0.0208333 0.259478
10 0.534375 0.241667 0.015625 0.0638889 0.262296
11 0.532812 0.776389 0.0359375 0.113889 0.262298
10 0.533203 0.777778 0.0335938 0.1 0.281921
7 0.492969 0.760417 0.0359375 0.120833 0.283899
3 0.507812 0.354861 0.0203125 0.0458333 0.32034
4 0.560547 0.05625 0.0179687 0.0430556 0.347179
9 0.405078 0.692361 0.0445312 0.156944 0.350082
4 0.533594 0.204167 0.015625 0.05 0.361325
10 0.424219 0.35625 0.0140625 0.0430556 0.39285
4 0.844922 0.892361 0.0304688 0.0569444 0.401594
4 0.396484 0.0506944 0.0179687 0.0625 0.420548
1 0.533984 0.122917 0.0164062 0.0708333 0.452763
11 0.492969 0.759028 0.034375 0.126389 0.60237
11 0.592188 0.811111 0.0484375 0.15 0.637876
10 0.397266 0.354861 0.0148437 0.0486111 0.647731
4 0.451953 0.157639 0.0164062 0.0486111 0.684357
4 0.560547 0.107639 0.0148437 0.0486111 0.7162
4 0.450391 0.108333 0.0148437 0.0472222 0.746023
4 0.587109 0.111111 0.0148437 0.0527778 0.789147
4 0.533203 0.109722 0.0148437 0.0527778 0.797564
4 0.396094 0.109722 0.015625 0.0472222 0.802775
4 0.423438 0.107639 0.015625 0.0513889 0.812686
3 0.971484 0.504167 0.0523437 0.175 0.826579
