11 0.415625 0.711111 0.046875 0.166667 0.283232
10 0.396875 0.354167 0.0140625 0.0527778 0.291563
10 0.232422 0.8625 0.0414063 0.147222 0.307747
4 0.945312 0.932639 0.0234375 0.0430556 0.333078
3 0.659766 0.254167 0.0648438 0.175 0.343452
10 0.423438 0.357639 0.0125 0.0458333 0.367072
3 0.762109 0.0513889 0.0289063 0.0944444 0.402428
4 0.417188 0.01875 0.0171875 0.0347222 0.418473
1 0.713672 0.10625 0.0492188 0.173611 0.421955
1 0.959766 0.108333 0.0539063 0.177778 0.44814
4 0.396875 0.0534722 0.0171875 0.0958333 0.517006
10 0.528516 0.757639 0.0351562 0.134722 0.519361
4 0.450781 0.10625 0.015625 0.0486111 0.521671
4 0.502734 0.0756944 0.0195312 0.0708333 0.54651
7 0.647266 0.719444 0.0351562 0.122222 0.608002
11 0.528125 0.756944 0.034375 0.136111 0.678977
4 0.451172 0.158333 0.0164062 0.0472222 0.690481
4 0.560547 0.107639 0.0148437 0.0486111 0.691338
4 0.396094 0.110417 0.015625 0.0458333 0.783156
4 0.423438 0.107639 0.015625 0.0486111 0.78661
8 0.588672 0.806944 0.0414063 0.147222 0.793474
4 0.5875 0.109028 0.015625 0.0486111 0.815052
4 0.533594 0.109028 0.015625 0.0486111 0.838868
