6 0.844141 0.889583 0.0273438 0.0486111 0.257483
6 0.721094 0.0270833 0.040625 0.0458333 0.260798
3 0.964844 0.10625 0.0515625 0.173611 0.2902
10 0.41875 0.0173611 0.0171875 0.0347222 0.294762
10 0.0101562 0.243056 0.01875 0.155556 0.314982
1 0.450391 0.157639 0.0195312 0.0458333 0.347964
10 0.50625 0.255556 0.015625 0.0388889 0.35619
4 0.942187 0.929861 0.025 0.0486111 0.357305
1 0.560156 0.103472 0.0171875 0.0569444 0.364763
8 0.477734 0.377778 0.0195312 0.0805556 0.398651
4 0.559766 0.0583333 0.0179687 0.0444444 0.466132
4 0.397266 0.0576389 0.0179687 0.0986111 0.47076
4 0.587891 0.05625 0.0179687 0.0430556 0.47921
4 0.505469 0.0472222 0.0171875 0.0583333 0.515545
3 0.450391 0.15625 0.0195312 0.0458333 0.525198
3 0.661719 0.250694 0.06875 0.184722 0.55816
10 0.477734 0.376389 0.0195312 0.0777778 0.575157
1 0.962109 0.102083 0.0523437 0.165278 0.609841
4 0.45 0.1125 0.015625 0.0527778 0.615638
1 0.839063 0.605556 0.0609375 0.172222 0.722193
4 0.560547 0.109722 0.0148437 0.05 0.734985
10 0.533984 0.384722 0.0195312 0.0694444 0.785848
4 0.396094 0.110417 0.015625 0.0458333 0.788952
4 0.5875 0.109722 0.0171875 0.05 0.803638
4 0.423438 0.108333 0.015625 0.05 0.828917
4 0.533594 0.110417 0.015625 0.0486111 0.863499
4 0.477734 0.109028 0.0164062 0.0513889 0.873334
