10 0.50625 0.253472 0.0140625 0.0375 0.252907
4 0.687891 0.0222222 0.0210938 0.0388889 0.255828
1 0.533984 0.0472222 0.0164062 0.0527778 0.257674
4 0.423047 0.0173611 0.0148437 0.0319444 0.262763
3 0.967578 0.1125 0.0492188 0.172222 0.33863
4 0.533203 0.0451389 0.0148437 0.0625 0.339068
8 0.597266 0.804167 0.0445312 0.155556 0.340726
10 0.423438 0.356944 0.0125 0.0472222 0.363732
6 0.724219 0.0236111 0.034375 0.0388889 0.386398
10 0.397266 0.354167 0.0148437 0.0527778 0.397053
9 0.338672 0.726389 0.0414063 0.144444 0.449079
4 0.50625 0.206944 0.0140625 0.0388889 0.451716
4 0.844531 0.886111 0.0234375 0.0388889 0.457566
10 0.477344 0.378472 0.01875 0.0763889 0.484335
1 0.966406 0.10625 0.05 0.165278 0.487236
4 0.396484 0.0451389 0.0164062 0.0569444 0.489577
1 0.476953 0.0402778 0.0195312 0.0638889 0.558735
4 0.560938 0.0555556 0.0171875 0.0388889 0.56639
4 0.450781 0.156944 0.015625 0.0472222 0.629519
11 0.65 0.730556 0.04375 0.141667 0.652078
1 0.534375 0.130556 0.0171875 0.0805556 0.703719
4 0.45 0.10625 0.015625 0.0458333 0.720351
4 0.560547 0.108333 0.0148437 0.0472222 0.769803
4 0.5875 0.107639 0.015625 0.0486111 0.817328
4 0.423828 0.107639 0.0148437 0.0486111 0.823215
4 0.396094 0.110417 0.0140625 0.0486111 0.848759
