3 0.957812 0.0979167 0.05625 0.165278 0.271904
4 0.944531 0.931944 0.025 0.0444444 0.275828
4 0.559766 0.0569444 0.0179687 0.0444444 0.290592
10 0.219141 0.361806 0.0226563 0.0902778 0.306432
4 0.845312 0.885417 0.0265625 0.0402778 0.347043
3 0.661328 0.259722 0.0632813 0.163889 0.373455
3 0.763672 0.181944 0.0523437 0.180556 0.378011
10 0.60625 0.709028 0.0328125 0.134722 0.383334
10 0.435547 0.706944 0.0335938 0.116667 0.38543
4 0.423438 0.205556 0.0125 0.0416667 0.386043
4 0.451172 0.15625 0.0148437 0.0486111 0.406897
11 0.234766 0.88125 0.0585938 0.176389 0.407397
3 0.50625 0.0597222 0.0171875 0.0444444 0.412894
10 0.397266 0.354861 0.0148437 0.0486111 0.507859
8 0.591016 0.808333 0.0445312 0.152778 0.59936
10 0.491016 0.758333 0.0335938 0.116667 0.640728
3 0.771094 0.0770833 0.0390625 0.1375 0.697134
4 0.450391 0.110417 0.0148437 0.0513889 0.710894
4 0.560547 0.109722 0.0148437 0.0472222 0.715551
4 0.395703 0.158333 0.0148437 0.0527778 0.838661
4 0.5875 0.109028 0.015625 0.0486111 0.844315
4 0.533984 0.109028 0.0148437 0.0486111 0.88319
