1 0.677734 0.0965278 0.0492188 0.1625 0.253755
4 0.533984 0.23125 0.0164062 0.0847222 0.266232
4 0.534375 0.204167 0.015625 0.0444444 0.292359
11 0.532422 0.772222 0.0335938 0.105556 0.322437
7 0.492969 0.757639 0.034375 0.120833 0.353286
1 0.533984 0.124306 0.0164062 0.0736111 0.355334
10 0.423828 0.356944 0.0132813 0.0416667 0.357894
4 0.560156 0.0576389 0.01875 0.0430556 0.365918
9 0.404687 0.69375 0.0421875 0.154167 0.402019
4 0.844922 0.883333 0.0242187 0.0388889 0.406377
4 0.397266 0.0590278 0.0164062 0.0986111 0.44723
4 0.451562 0.156944 0.015625 0.0472222 0.561393
10 0.396875 0.354167 0.015625 0.05 0.564335
11 0.592188 0.809028 0.04375 0.148611 0.638072
4 0.560547 0.106944 0.0148437 0.05 0.704561
4 0.450391 0.109028 0.0148437 0.0486111 0.723118
11 0.492969 0.756944 0.0328125 0.125 0.762647
4 0.533203 0.109722 0.0148437 0.0527778 0.790847
4 0.5875 0.109028 0.015625 0.0486111 0.797027
4 0.396094 0.111806 0.0140625 0.0486111 0.800548
4 0.423438 0.108333 0.015625 0.05 0.820106
