6 0.0375 0.928472 0.0421875 0.0930556 0.254867
4 0.560156 0.0583333 0.01875 0.0472222 0.260221
1 0.115234 0.947222 0.0617188 0.105556 0.273968
10 0.534375 0.358333 0.015625 0.0416667 0.281751
11 0.589453 0.809722 0.0445312 0.15 0.306107
8 0.590625 0.811806 0.04375 0.156944 0.327776
10 0.397656 0.354861 0.015625 0.0513889 0.351953
4 0.683203 0.0277778 0.0179687 0.0472222 0.364841
1 0.534375 0.127083 0.0171875 0.0708333 0.383789
4 0.533984 0.202778 0.0164062 0.05 0.405633
4 0.396875 0.0402778 0.01875 0.0694444 0.467437
4 0.560938 0.10625 0.015625 0.0513889 0.674919
4 0.451953 0.156944 0.0164062 0.0472222 0.681536
4 0.450781 0.108333 0.0140625 0.0472222 0.691635
10 0.530469 0.777778 0.0296875 0.0944444 0.697774
11 0.490625 0.757639 0.034375 0.126389 0.703715
4 0.844531 0.885417 0.0234375 0.0402778 0.711954
4 0.587891 0.108333 0.0164062 0.05 0.760302
4 0.423828 0.106944 0.0148437 0.05 0.771049
4 0.396484 0.109722 0.0148437 0.0472222 0.781046
4 0.533594 0.109722 0.0140625 0.0527778 0.802153
3 0.964063 0.495833 0.0671875 0.194444 0.890352
