1 0.534375 0.203472 0.01875 0.0569444 0.251938
10 0.534375 0.382639 0.0171875 0.0680556 0.262587
3 0.508984 0.351389 0.0195312 0.0472222 0.266084
1 0.342578 0.0388889 0.0351562 0.0638889 0.269024
4 0.560156 0.0576389 0.0203125 0.0513889 0.310096
3 0.766406 0.182639 0.05625 0.198611 0.316509
4 0.944531 0.931944 0.025 0.0444444 0.320465
10 0.402734 0.01875 0.0210938 0.0375 0.340504
3 0.973047 0.284028 0.0507812 0.170833 0.390607
10 0.604688 0.705556 0.0328125 0.133333 0.410017
10 0.469922 0.644444 0.0289063 0.0805556 0.419311
10 0.396484 0.353472 0.0148437 0.0513889 0.444465
3 0.50625 0.0604167 0.01875 0.0458333 0.478533
4 0.423047 0.20625 0.0132813 0.0430556 0.511317
4 0.844922 0.885417 0.0257812 0.0402778 0.515
11 0.491406 0.756944 0.034375 0.127778 0.524622
3 0.771094 0.0715278 0.0390625 0.131944 0.569995
8 0.591016 0.808333 0.0445312 0.152778 0.639481
4 0.451172 0.157639 0.0148437 0.0513889 0.69357
4 0.560938 0.107639 0.0171875 0.0513889 0.766905
4 0.450391 0.109722 0.0148437 0.0527778 0.77024
11 0.440625 0.01875 0.0359375 0.0375 0.781766
4 0.395703 0.159028 0.0148437 0.0513889 0.803707
4 0.587891 0.109722 0.0164062 0.05 0.816363
4 0.533594 0.109722 0.015625 0.05 0.878671
