10 0.449609 0.347917 0.0179687 0.0513889 0.25848
4 0.944922 0.932639 0.0257812 0.0430556 0.289098
4 0.845312 0.884722 0.0265625 0.0388889 0.323939
3 0.767969 0.170139 0.0515625 0.190278 0.388656
1 0.648828 0.240278 0.0507812 0.194444 0.402255
10 0.604688 0.697917 0.0328125 0.126389 0.415746
10 0.469141 0.645139 0.0273438 0.0819444 0.420691
10 0.436719 0.704167 0.0390625 0.130556 0.448049
10 0.21875 0.356944 0.0203125 0.0833333 0.455675
4 0.423438 0.205556 0.0125 0.0444444 0.46732
11 0.652734 0.726389 0.0335938 0.0944444 0.469689
10 0.396875 0.352778 0.015625 0.05 0.516868
4 0.505078 0.0597222 0.0179687 0.0472222 0.59804
3 0.770703 0.0722222 0.0382813 0.133333 0.64992
11 0.591406 0.804167 0.046875 0.155556 0.717877
4 0.560156 0.107639 0.015625 0.0486111 0.722121
4 0.45 0.107639 0.0140625 0.0486111 0.743838
4 0.586719 0.109028 0.015625 0.0513889 0.752985
4 0.450781 0.157639 0.015625 0.0486111 0.760838
4 0.395703 0.158333 0.0148437 0.0527778 0.826153
4 0.533203 0.109028 0.0164062 0.0486111 0.871051
