8 0.424219 0.378472 0.0234375 0.104167 0.2532
6 0.894531 0.895833 0.0390625 0.0583333 0.269734
11 0.575781 0.826389 0.0546875 0.141667 0.297453
9 0.333594 0.725 0.0484375 0.152778 0.304985
4 0.944531 0.931944 0.025 0.0444444 0.316511
4 0.397656 0.0611111 0.0171875 0.111111 0.383161
10 0.423828 0.380556 0.0242187 0.1 0.400137
4 0.559766 0.0590278 0.0179687 0.0430556 0.444417
3 0.660937 0.25 0.0671875 0.186111 0.444433
2 0.660937 0.253472 0.06875 0.179167 0.474559
8 0.478125 0.377083 0.021875 0.0847222 0.523262
4 0.587891 0.0569444 0.0179687 0.0444444 0.549617
10 0.477734 0.376389 0.0195312 0.0833333 0.595836
4 0.844141 0.884028 0.0242187 0.0402778 0.745758
4 0.560547 0.110417 0.0164062 0.0486111 0.792808
4 0.396094 0.110417 0.0171875 0.0458333 0.822383
4 0.5875 0.109722 0.0171875 0.05 0.833713
4 0.450391 0.107639 0.0179687 0.0486111 0.833715
10 0.533984 0.381944 0.0210938 0.0805556 0.833802
4 0.423047 0.109028 0.0179687 0.0513889 0.83758
4 0.533203 0.111111 0.0164062 0.0472222 0.853714
4 0.477344 0.110417 0.0171875 0.0486111 0.873099
