4 0.845703 0.888194 0.0273438 0.0430556 0.27147
4 0.423438 0.20625 0.0125 0.0430556 0.281566
10 0.433594 0.681944 0.028125 0.0833333 0.295061
3 0.505859 0.0597222 0.0179687 0.0444444 0.364401
4 0.450781 0.15625 0.0140625 0.0486111 0.390357
10 0.603125 0.706944 0.0328125 0.133333 0.407212
10 0.215625 0.347917 0.0203125 0.0597222 0.469379
11 0.491797 0.761111 0.0320312 0.119444 0.557351
3 0.652734 0.263194 0.0570313 0.156944 0.566487
11 0.229297 0.882639 0.0554687 0.173611 0.606415
4 0.45 0.110417 0.0140625 0.0513889 0.670983
8 0.591016 0.808333 0.0460938 0.155556 0.679094
4 0.560938 0.107639 0.015625 0.0486111 0.697695
10 0.467969 0.645833 0.0265625 0.0805556 0.756666
4 0.396094 0.159028 0.0140625 0.0513889 0.791095
4 0.5875 0.109028 0.015625 0.0486111 0.829875
4 0.533984 0.109722 0.0148437 0.0472222 0.883398
