6 0.759375 0.0451389 0.0203125 0.0875 0.253143
10 0.506641 0.252778 0.0132813 0.0472222 0.266435
8 0.478516 0.377778 0.0195312 0.0833333 0.269081
4 0.751953 0.919444 0.0195312 0.0472222 0.276063
1 0.766016 0.142361 0.0429688 0.154167 0.295742
3 0.395703 0.0534722 0.0195312 0.0513889 0.346189
3 0.967188 0.120833 0.05 0.175 0.356132
4 0.396094 0.0534722 0.01875 0.0541667 0.372932
4 0.560156 0.05625 0.0203125 0.0430556 0.399651
10 0.424219 0.358333 0.0125 0.0472222 0.407496
4 0.944922 0.931944 0.0242187 0.0444444 0.421404
1 0.505859 0.0618056 0.0179687 0.0375 0.421609
1 0.533594 0.131944 0.0171875 0.0861111 0.466718
4 0.45 0.0597222 0.015625 0.0416667 0.495366
4 0.683203 0.0284722 0.0164062 0.0458333 0.511851
10 0.50625 0.203472 0.0140625 0.0375 0.524675
4 0.844531 0.884722 0.025 0.0388889 0.550758
1 0.832812 0.602083 0.0546875 0.165278 0.554604
11 0.645703 0.729167 0.0445312 0.141667 0.573165
10 0.528516 0.772917 0.0320312 0.0958333 0.576222
4 0.477734 0.0555556 0.0179687 0.0333333 0.586679
4 0.50625 0.0611111 0.01875 0.0416667 0.602329
4 0.451172 0.15625 0.0148437 0.0486111 0.642712
4 0.533594 0.122917 0.015625 0.0708333 0.698495
4 0.45 0.107639 0.015625 0.0486111 0.707152
4 0.560547 0.107639 0.0148437 0.0513889 0.729062
10 0.516797 0.6625 0.0320312 0.116667 0.745504
4 0.5875 0.108333 0.015625 0.05 0.778186
4 0.423828 0.106944 0.0148437 0.05 0.804763
4 0.396875 0.111806 0.0140625 0.0486111 0.816793
8 0.589844 0.806944 0.0421875 0.15 0.822796
