1 0.127734 0.945139 0.0632813 0.109722 0.251819
4 0.423438 0.2125 0.0140625 0.0666667 0.28748
3 0.505859 0.0604167 0.0179687 0.0458333 0.293436
4 0.846484 0.892361 0.0304688 0.0569444 0.322704
10 0.605078 0.711111 0.0335938 0.138889 0.369434
10 0.397266 0.354167 0.0148437 0.05 0.374984
11 0.491797 0.761111 0.0335938 0.125 0.453115
4 0.450781 0.156944 0.0140625 0.0472222 0.509922
1 0.669531 0.111806 0.05625 0.201389 0.536027
8 0.591016 0.809028 0.0460938 0.156944 0.594774
10 0.469141 0.646528 0.0273438 0.0819444 0.654623
4 0.560938 0.107639 0.015625 0.0486111 0.72327
3 0.654297 0.271528 0.0570313 0.176389 0.732786
4 0.45 0.109722 0.0140625 0.05 0.741398
4 0.395703 0.159028 0.0148437 0.0513889 0.821108
4 0.5875 0.109028 0.015625 0.0486111 0.843509
4 0.533594 0.109722 0.015625 0.0472222 0.882791
