10 0.423438 0.358333 0.015625 0.0416667 0.252892
9 0.341016 0.593056 0.0679687 0.180556 0.263067
1 0.534375 0.204167 0.01875 0.05 0.263483
9 0.405078 0.691667 0.0429688 0.15 0.279928
1 0.342578 0.04375 0.0351562 0.0708333 0.295241
6 0.0378906 0.916667 0.0460938 0.105556 0.305333
1 0.473047 0.0201389 0.0195312 0.0263889 0.328485
1 0.476953 0.203472 0.0164062 0.0430556 0.337571
4 0.417188 0.0180556 0.015625 0.0333333 0.345489
8 0.591406 0.811111 0.0421875 0.155556 0.348626
11 0.590234 0.809028 0.0429688 0.151389 0.375442
6 0.722656 0.0243056 0.0296875 0.0430556 0.376514
3 0.760547 0.0513889 0.0304688 0.0972222 0.378059
10 0.00859375 0.241667 0.015625 0.152778 0.38994
1 0.969531 0.108333 0.05 0.166667 0.415452
4 0.397266 0.0618056 0.0164062 0.106944 0.448121
3 0.664062 0.252083 0.0640625 0.176389 0.507898
11 0.340234 0.598611 0.0585938 0.180556 0.55863
10 0.397266 0.354861 0.0164062 0.0486111 0.621509
4 0.844922 0.885417 0.0257812 0.0402778 0.664422
4 0.560938 0.109722 0.015625 0.05 0.664543
11 0.490625 0.753472 0.0375 0.134722 0.744206
4 0.450781 0.160417 0.015625 0.0458333 0.756411
4 0.45 0.107639 0.0140625 0.0458333 0.801598
4 0.396094 0.109722 0.015625 0.0472222 0.831005
4 0.423438 0.107639 0.0140625 0.0486111 0.834472
4 0.587891 0.109028 0.0164062 0.0486111 0.839547
4 0.533984 0.109028 0.0148437 0.0486111 0.855529
