4 0.559766 0.0590278 0.0195312 0.0486111 0.260893
1 0.533984 0.204861 0.0179687 0.0541667 0.26132
1 0.765625 0.0875 0.0390625 0.152778 0.288329
10 0.555078 0.686111 0.0242187 0.0777778 0.294583
3 0.508203 0.351389 0.0210938 0.0472222 0.306525
3 0.767969 0.0875 0.04375 0.152778 0.351818
10 0.520312 0.713194 0.0265625 0.0902778 0.364911
1 0.477734 0.201389 0.0164062 0.0472222 0.373424
4 0.844531 0.884722 0.025 0.0388889 0.402732
10 0.420703 0.01875 0.0164062 0.0375 0.406338
4 0.396484 0.0569444 0.0164062 0.1 0.461491
8 0.591797 0.809722 0.0398437 0.155556 0.469868
10 0.00820312 0.248611 0.0164062 0.166667 0.471037
4 0.423438 0.206944 0.015625 0.0472222 0.485899
1 0.820703 0.575694 0.0539063 0.145833 0.499221
11 0.589844 0.807639 0.0421875 0.151389 0.599883
6 0.724219 0.0236111 0.03125 0.0416667 0.618662
11 0.490234 0.753472 0.0351562 0.126389 0.700419
4 0.560547 0.106944 0.0164062 0.05 0.728153
4 0.450781 0.160417 0.015625 0.0486111 0.733045
4 0.450391 0.109722 0.0148437 0.05 0.760068
4 0.396094 0.109722 0.015625 0.0472222 0.809016
4 0.587891 0.109722 0.0164062 0.05 0.837079
4 0.533984 0.109028 0.0148437 0.0486111 0.85751
