4 0.75625 0.0361111 0.021875 0.0611111 0.252806
10 0.420312 0.0180556 0.015625 0.0361111 0.267469
10 0.232031 0.863194 0.04375 0.151389 0.283247
4 0.746094 0.920139 0.0203125 0.0486111 0.287198
11 0.590625 0.803472 0.04375 0.151389 0.297872
4 0.45 0.0840278 0.015625 0.0791667 0.313876
4 0.945703 0.932639 0.0242187 0.0458333 0.317451
7 0.644531 0.725694 0.040625 0.131944 0.329829
4 0.844531 0.884722 0.0265625 0.0388889 0.345436
3 0.841797 0.584028 0.0585938 0.143056 0.353794
4 0.45 0.0604167 0.0140625 0.0513889 0.36684
10 0.423438 0.356944 0.0125 0.0444444 0.382715
1 0.651953 0.246528 0.0585938 0.201389 0.412443
10 0.396875 0.354861 0.015625 0.0541667 0.429303
1 0.476562 0.0479167 0.01875 0.0513889 0.475632
1 0.505859 0.254167 0.0179687 0.0444444 0.481478
4 0.419141 0.01875 0.0164062 0.0347222 0.498281
4 0.507031 0.0597222 0.0171875 0.0472222 0.534277
4 0.397656 0.0555556 0.0171875 0.0972222 0.535695
1 0.70625 0.110417 0.0515625 0.1875 0.546113
11 0.641016 0.729167 0.0445312 0.136111 0.629759
1 0.839453 0.588889 0.0632813 0.144444 0.652104
8 0.589453 0.807639 0.0429688 0.148611 0.721097
7 0.288281 0.357639 0.05625 0.181944 0.728887
4 0.451172 0.157639 0.0164062 0.0486111 0.761624
4 0.560938 0.107639 0.015625 0.0486111 0.781151
4 0.45 0.108333 0.015625 0.0472222 0.808651
4 0.395703 0.110417 0.0148437 0.0458333 0.810362
4 0.5875 0.109722 0.015625 0.05 0.832936
4 0.423438 0.108333 0.015625 0.05 0.848346
4 0.533594 0.110417 0.015625 0.0486111 0.88182
