10 0.617969 0.713889 0.034375 0.0944444 0.266003
4 0.745313 0.920139 0.0203125 0.0486111 0.277202
1 0.757031 0.0909722 0.0234375 0.106944 0.286164
4 0.756641 0.0354167 0.0179687 0.0652778 0.301577
4 0.683594 0.0291667 0.0203125 0.0444444 0.317961
1 0.475 0.0201389 0.01875 0.0291667 0.326006
4 0.411328 0.01875 0.0164062 0.0375 0.328813
4 0.559766 0.0569444 0.0195312 0.0444444 0.33041
4 0.450391 0.0604167 0.0148437 0.0541667 0.36016
4 0.417188 0.01875 0.0171875 0.0347222 0.380915
10 0.397266 0.355556 0.0148437 0.05 0.463892
4 0.396875 0.0430556 0.0171875 0.0638889 0.57781
4 0.451953 0.157639 0.0164062 0.0486111 0.618623
8 0.588672 0.809028 0.0445312 0.148611 0.624349
4 0.450391 0.107639 0.0148437 0.0486111 0.62814
4 0.533203 0.110417 0.0148437 0.0541667 0.669588
1 0.533984 0.13125 0.0179687 0.0847222 0.68574
4 0.560938 0.107639 0.015625 0.0513889 0.698599
10 0.529688 0.778472 0.0296875 0.0902778 0.726626
4 0.423438 0.107639 0.015625 0.0513889 0.776232
4 0.396094 0.110417 0.015625 0.0458333 0.7895
4 0.587891 0.109028 0.0164062 0.0513889 0.813439
