10 0.519922 0.711806 0.0273438 0.0902778 0.379247
1 0.477344 0.202083 0.0171875 0.0458333 0.4433
10 0.554297 0.688194 0.0226563 0.0763889 0.453766
3 0.658203 0.261111 0.0585938 0.166667 0.466583
4 0.423438 0.20625 0.015625 0.0458333 0.468483
4 0.84375 0.885417 0.021875 0.0347222 0.511914
8 0.589453 0.807639 0.0398437 0.145833 0.624547
11 0.489844 0.754861 0.034375 0.126389 0.662559
4 0.450781 0.160417 0.0140625 0.0458333 0.69597
4 0.560938 0.109722 0.015625 0.05 0.722037
4 0.45 0.109028 0.0140625 0.0486111 0.733708
4 0.396484 0.109722 0.0148437 0.05 0.827359
4 0.587891 0.109722 0.0164062 0.05 0.844707
4 0.533984 0.109722 0.0148437 0.0472222 0.881744
