10 0.0125 0.245833 0.025 0.163889 0.252131
3 0.507812 0.355556 0.0203125 0.0472222 0.273179
4 0.533594 0.204167 0.015625 0.05 0.333571
10 0.423438 0.356944 0.0140625 0.0416667 0.335392
11 0.532422 0.772917 0.0335938 0.104167 0.340011
7 0.492969 0.758333 0.034375 0.119444 0.351448
4 0.845312 0.883333 0.025 0.0388889 0.362502
9 0.404297 0.69375 0.0414063 0.154167 0.407733
4 0.396875 0.0388889 0.01875 0.0666667 0.425965
4 0.560156 0.0569444 0.01875 0.0444444 0.443587
4 0.451953 0.157639 0.0164062 0.0486111 0.494576
10 0.396875 0.354167 0.015625 0.05 0.538046
1 0.533984 0.124306 0.0164062 0.0736111 0.543364
11 0.591797 0.809722 0.0445312 0.15 0.57108
4 0.560938 0.107639 0.015625 0.0486111 0.705244
4 0.450391 0.109028 0.0148437 0.0486111 0.723053
11 0.492578 0.757639 0.0320312 0.123611 0.737778
4 0.533203 0.109722 0.0148437 0.0527778 0.74065
4 0.396484 0.111806 0.0148437 0.0486111 0.802634
4 0.5875 0.109028 0.015625 0.0486111 0.805274
4 0.423438 0.107639 0.015625 0.0513889 0.816291
