9 0.335156 0.725 0.04375 0.158333 0.263609
11 0.415625 0.7125 0.04375 0.152778 0.267265
4 0.746094 0.920833 0.0203125 0.05 0.284473
3 0.664844 0.259028 0.059375 0.165278 0.289955
10 0.505859 0.254167 0.0148437 0.0388889 0.295412
10 0.417969 0.7125 0.0375 0.136111 0.305921
10 0.417578 0.0166667 0.0164062 0.0333333 0.305992
11 0.594531 0.802778 0.046875 0.155556 0.318548
4 0.942187 0.930556 0.025 0.0472222 0.320652
6 0.718359 0.0291667 0.0382813 0.05 0.330877
1 0.662891 0.256944 0.0570313 0.166667 0.348836
10 0.520312 0.664583 0.03125 0.115278 0.360768
10 0.423047 0.357639 0.0132813 0.0458333 0.370392
10 0.506641 0.745139 0.0289063 0.0958333 0.377234
4 0.533203 0.0451389 0.0164062 0.0597222 0.401866
4 0.397266 0.0631944 0.0164062 0.106944 0.405029
11 0.64375 0.726389 0.0421875 0.138889 0.483385
10 0.477344 0.377778 0.01875 0.0777778 0.485631
1 0.955078 0.0965278 0.0585938 0.159722 0.487099
1 0.476172 0.0395833 0.0195312 0.0625 0.506108
4 0.505859 0.206944 0.0132813 0.0388889 0.518917
4 0.560547 0.0555556 0.0179687 0.0416667 0.51978
10 0.396484 0.354167 0.0148437 0.0527778 0.526719
8 0.59375 0.800694 0.0484375 0.159722 0.569953
1 0.841797 0.576389 0.0570313 0.166667 0.577483
4 0.844922 0.885417 0.0242187 0.0402778 0.583191
10 0.450391 0.155556 0.0148437 0.0444444 0.594873
11 0.574219 0.707639 0.0390625 0.129167 0.645654
4 0.449609 0.107639 0.0148437 0.0458333 0.697981
1 0.533594 0.13125 0.0171875 0.0819444 0.726896
4 0.560547 0.109028 0.0148437 0.0486111 0.789797
4 0.423047 0.107639 0.0164062 0.0513889 0.818991
4 0.477344 0.109028 0.015625 0.0486111 0.830235
4 0.5875 0.109028 0.015625 0.0486111 0.845427
4 0.395703 0.111111 0.0148437 0.0472222 0.854309
