3 0.50625 0.0604167 0.01875 0.0458333 0.304043
4 0.560156 0.0597222 0.01875 0.0472222 0.309574
4 0.423438 0.20625 0.0125 0.0430556 0.323681
4 0.50625 0.0611111 0.01875 0.0472222 0.344546
3 0.650781 0.254167 0.05625 0.169444 0.380801
4 0.845312 0.886111 0.0265625 0.0416667 0.397528
4 0.451172 0.155556 0.0148437 0.05 0.408798
10 0.397266 0.354167 0.0148437 0.05 0.442828
10 0.604688 0.709722 0.034375 0.138889 0.443037
8 0.591016 0.808333 0.0445312 0.152778 0.633737
11 0.491797 0.759722 0.0335938 0.122222 0.638413
10 0.469141 0.645833 0.0273438 0.0805556 0.659598
4 0.450391 0.109722 0.0148437 0.05 0.716478
4 0.560938 0.106944 0.015625 0.05 0.751333
4 0.395703 0.159028 0.0148437 0.0513889 0.809899
4 0.5875 0.110417 0.015625 0.0486111 0.824003
4 0.533594 0.109722 0.015625 0.0472222 0.880886
