1 0.662109 0.247222 0.0617188 0.177778 0.250175
4 0.746484 0.920139 0.0210938 0.0513889 0.261479
2 0.664844 0.254167 0.0640625 0.169444 0.263451
4 0.944531 0.932639 0.025 0.0402778 0.266938
1 0.472266 0.0194444 0.0195312 0.0277778 0.280228
1 0.804297 0.596528 0.0648438 0.168056 0.313574
4 0.418359 0.01875 0.0164062 0.0319444 0.314328
10 0.419922 0.0180556 0.0164062 0.0361111 0.316076
3 0.507812 0.351389 0.0203125 0.0472222 0.319939
4 0.844531 0.884722 0.025 0.0388889 0.319985
1 0.477734 0.201389 0.0164062 0.0472222 0.36052
4 0.396484 0.05625 0.0164062 0.0958333 0.481102
4 0.423828 0.20625 0.0148437 0.0458333 0.523186
6 0.724609 0.0229167 0.0304688 0.0402778 0.556369
11 0.489844 0.752778 0.0359375 0.130556 0.589873
8 0.589453 0.805556 0.0414063 0.15 0.641466
4 0.560547 0.106944 0.0164062 0.05 0.723501
4 0.451172 0.160417 0.0148437 0.0486111 0.742021
4 0.450391 0.109028 0.0148437 0.0486111 0.760717
4 0.395703 0.109722 0.0148437 0.0472222 0.813097
4 0.587891 0.109028 0.0164062 0.0486111 0.830303
4 0.533594 0.109028 0.0140625 0.0486111 0.857684
