3 0.657031 0.265972 0.053125 0.176389 0.258967
4 0.423047 0.213194 0.0148437 0.0680556 0.268397
3 0.505469 0.0597222 0.01875 0.0472222 0.294816
4 0.846484 0.893056 0.0304688 0.0583333 0.341884
10 0.397266 0.353472 0.0148437 0.0486111 0.353896
4 0.663281 0.0256944 0.028125 0.0402778 0.379243
1 0.691797 0.0902778 0.0414063 0.155556 0.43185
10 0.605469 0.709722 0.034375 0.141667 0.463552
4 0.450781 0.15625 0.0140625 0.0486111 0.465742
11 0.491406 0.760417 0.034375 0.126389 0.527026
3 0.69375 0.0930556 0.040625 0.155556 0.527383
8 0.591016 0.809028 0.0445312 0.154167 0.585988
10 0.469141 0.646528 0.0273438 0.0819444 0.680626
4 0.45 0.109722 0.0140625 0.05 0.718948
4 0.560547 0.107639 0.0164062 0.0486111 0.724637
4 0.587109 0.109722 0.0164062 0.05 0.811058
4 0.395703 0.159028 0.0148437 0.0513889 0.816027
4 0.533594 0.109722 0.015625 0.0472222 0.876434
