8 0.593359 0.810417 0.0445312 0.159722 0.276847
11 0.531641 0.772222 0.0335938 0.111111 0.278766
4 0.560156 0.0583333 0.01875 0.0444444 0.281152
10 0.424219 0.357639 0.0140625 0.0402778 0.283015
10 0.411719 0.0201389 0.0171875 0.0375 0.304552
10 0.419531 0.01875 0.0171875 0.0375 0.32294
11 0.253906 0.885417 0.0640625 0.173611 0.324425
11 0.453906 0.743056 0.0375 0.141667 0.325
10 0.009375 0.25625 0.0171875 0.148611 0.3454
9 0.405078 0.695139 0.0414063 0.151389 0.376501
4 0.397266 0.0645833 0.0164062 0.104167 0.380163
4 0.534375 0.204167 0.015625 0.0444444 0.434718
4 0.844141 0.884722 0.0242187 0.0388889 0.476987
10 0.397656 0.354861 0.015625 0.0486111 0.62619
4 0.560938 0.107639 0.015625 0.0486111 0.677731
11 0.592188 0.809028 0.0453125 0.151389 0.684301
4 0.451953 0.158333 0.0164062 0.0472222 0.713241
4 0.587109 0.111806 0.0148437 0.0541667 0.744371
4 0.450391 0.107639 0.0148437 0.0458333 0.763414
4 0.423438 0.106944 0.015625 0.05 0.782862
4 0.396484 0.111111 0.0148437 0.05 0.816193
11 0.492969 0.756944 0.034375 0.133333 0.820546
4 0.533594 0.110417 0.0140625 0.0513889 0.831417
3 0.964063 0.498611 0.0671875 0.194444 0.895711
