10 0.534766 0.241667 0.0164062 0.0638889 0.257813
4 0.398047 0.0618056 0.0164062 0.104167 0.277893
3 0.508203 0.355556 0.0195312 0.0472222 0.304201
4 0.560547 0.05625 0.0179687 0.0430556 0.315972
7 0.494141 0.759722 0.0367187 0.122222 0.318462
10 0.424219 0.357639 0.0140625 0.0430556 0.33055
11 0.249609 0.880556 0.0664062 0.177778 0.343643
11 0.533984 0.776389 0.0351562 0.113889 0.359296
1 0.533984 0.126389 0.0164062 0.0722222 0.361112
4 0.533984 0.204167 0.0148437 0.05 0.376581
9 0.408984 0.690278 0.0460938 0.163889 0.426975
10 0.533594 0.777083 0.0328125 0.0986111 0.439385
10 0.397266 0.354861 0.0148437 0.0513889 0.619342
11 0.593359 0.810417 0.0460938 0.151389 0.633204
6 0.969141 0.501389 0.0585938 0.175 0.686567
4 0.451562 0.156944 0.015625 0.0472222 0.695404
4 0.560938 0.107639 0.0140625 0.0458333 0.702187
11 0.494141 0.758333 0.0335938 0.127778 0.705708
4 0.450391 0.108333 0.0148437 0.0472222 0.749114
4 0.5875 0.109028 0.015625 0.0486111 0.791428
4 0.533594 0.109028 0.0140625 0.0513889 0.810601
4 0.423828 0.106944 0.0148437 0.05 0.821278
4 0.396484 0.110417 0.0148437 0.0486111 0.822549
3 0.968359 0.502083 0.0617188 0.181944 0.881552
