10 0.423828 0.379861 0.0226563 0.0902778 0.26015
1 0.560547 0.103472 0.0179687 0.0541667 0.26881
4 0.945312 0.93125 0.0234375 0.0430556 0.308099
6 0.841406 0.594444 0.0609375 0.144444 0.311703
10 0.50625 0.253472 0.015625 0.0458333 0.334825
4 0.397656 0.0618056 0.0171875 0.109722 0.353729
3 0.661719 0.247222 0.0671875 0.191667 0.387992
9 0.655859 0.714583 0.0414063 0.131944 0.398222
10 0.00976562 0.247917 0.0179687 0.156944 0.400368
4 0.559766 0.0583333 0.0179687 0.0444444 0.434137
1 0.7625 0.218056 0.05 0.155556 0.438588
8 0.478516 0.377778 0.0226563 0.0861111 0.458707
6 0.719141 0.0277778 0.0367187 0.05 0.464105
4 0.587891 0.05625 0.0179687 0.0430556 0.487814
4 0.844141 0.884028 0.0242187 0.0375 0.487882
10 0.478125 0.375694 0.0203125 0.0847222 0.505773
2 0.661719 0.251389 0.0703125 0.186111 0.611788
1 0.960547 0.0986111 0.0554687 0.166667 0.726776
10 0.532812 0.38125 0.021875 0.0819444 0.753036
4 0.560938 0.109722 0.015625 0.05 0.768148
4 0.396484 0.110417 0.0164062 0.0458333 0.812331
4 0.5875 0.109722 0.0171875 0.05 0.822617
4 0.423047 0.109028 0.0179687 0.0513889 0.828538
4 0.450781 0.108333 0.0171875 0.0472222 0.833111
4 0.533594 0.110417 0.015625 0.0486111 0.865938
4 0.477344 0.110417 0.0171875 0.0486111 0.877464
