10 0.580078 0.711806 0.0320312 0.104167 0.259646
4 0.560156 0.0569444 0.01875 0.0444444 0.269883
4 0.422656 0.0208333 0.0171875 0.0333333 0.286033
3 0.507812 0.356944 0.0203125 0.0444444 0.286051
10 0.424219 0.358333 0.0140625 0.0416667 0.286055
4 0.396875 0.0402778 0.01875 0.0666667 0.292442
11 0.254297 0.885417 0.0648438 0.173611 0.312668
3 0.985156 0.275 0.0296875 0.161111 0.319853
11 0.532812 0.775 0.0359375 0.119444 0.347851
4 0.397656 0.06875 0.015625 0.106944 0.348073
1 0.743359 0.0868056 0.0539063 0.156944 0.387486
4 0.534375 0.203472 0.015625 0.0458333 0.405052
10 0.422266 0.0194444 0.0179687 0.0361111 0.409847
10 0.00976562 0.255556 0.0179687 0.147222 0.43114
9 0.405078 0.694444 0.0429688 0.152778 0.473568
10 0.397656 0.354861 0.015625 0.0486111 0.585215
11 0.593359 0.809028 0.0460938 0.154167 0.634108
4 0.560547 0.106944 0.0148437 0.05 0.666526
4 0.844141 0.884722 0.0273438 0.0416667 0.673106
4 0.451953 0.158333 0.0164062 0.0472222 0.738954
4 0.5875 0.108333 0.015625 0.05 0.747787
4 0.450391 0.107639 0.0148437 0.0458333 0.77284
11 0.493359 0.758333 0.0335938 0.130556 0.781846
4 0.423438 0.106944 0.015625 0.05 0.79165
4 0.396484 0.111111 0.0148437 0.05 0.824633
4 0.533594 0.109722 0.0140625 0.0527778 0.829015
3 0.964063 0.494444 0.06875 0.2 0.905088
