1 0.757031 0.0888889 0.0234375 0.108333 0.250551
1 0.474609 0.0194444 0.0195312 0.0277778 0.256287
4 0.746094 0.919444 0.021875 0.05 0.259941
4 0.533594 0.202778 0.015625 0.0527778 0.284408
4 0.683203 0.0305556 0.0195312 0.0472222 0.288217
1 0.534375 0.122222 0.0171875 0.0694444 0.313402
4 0.560156 0.05625 0.01875 0.0430556 0.314399
4 0.416797 0.01875 0.0164062 0.0319444 0.315823
10 0.396875 0.354861 0.015625 0.0513889 0.449384
4 0.397266 0.0534722 0.0164062 0.0930556 0.518494
11 0.588672 0.809028 0.0445312 0.151389 0.569371
4 0.451953 0.158333 0.0164062 0.0472222 0.658285
4 0.560938 0.106944 0.015625 0.05 0.707337
4 0.450391 0.108333 0.0148437 0.0472222 0.712712
1 0.825391 0.59375 0.0507812 0.131944 0.752803
11 0.488281 0.755556 0.0375 0.127778 0.780805
4 0.533203 0.109722 0.0148437 0.0527778 0.782307
10 0.528906 0.778472 0.0296875 0.0930556 0.783099
4 0.423828 0.106944 0.0148437 0.05 0.785614
4 0.396484 0.110417 0.0148437 0.0486111 0.789098
4 0.587891 0.108333 0.0164062 0.05 0.811461
