10 0.423438 0.352778 0.015625 0.0444444 0.251773
1 0.653125 0.173611 0.0421875 0.125 0.259492
10 0.009375 0.253472 0.0171875 0.154167 0.271582
8 0.592188 0.807639 0.0421875 0.159722 0.276561
4 0.942187 0.930556 0.0265625 0.0472222 0.287206
6 0.021875 0.932639 0.0328125 0.0763889 0.288078
10 0.455078 0.747222 0.0304688 0.111111 0.289878
4 0.683203 0.0284722 0.0164062 0.0402778 0.310887
10 0.450391 0.349306 0.0179687 0.0513889 0.312847
11 0.623047 0.0215278 0.0304688 0.0402778 0.330307
1 0.648438 0.247222 0.05 0.163889 0.3383
6 0.199609 0.852778 0.0476562 0.105556 0.385749
3 0.767969 0.0694444 0.0390625 0.125 0.411009
4 0.423047 0.204861 0.0117188 0.0430556 0.428387
4 0.844531 0.884722 0.025 0.0388889 0.503637
9 0.766406 0.659028 0.0359375 0.0986111 0.534481
12 0.201953 0.852778 0.0445312 0.1 0.537805
10 0.602734 0.695833 0.0304688 0.127778 0.590301
4 0.451172 0.15625 0.0148437 0.0486111 0.592505
6 0.0433594 0.932639 0.0398437 0.0847222 0.627646
10 0.492188 0.755556 0.0328125 0.113889 0.652613
11 0.651172 0.725 0.0304688 0.0944444 0.653785
10 0.396875 0.353472 0.015625 0.0458333 0.65556
4 0.450391 0.0576389 0.0164062 0.0402778 0.669311
4 0.560547 0.10625 0.0148437 0.0486111 0.707162
4 0.450781 0.107639 0.0140625 0.0513889 0.743833
4 0.587109 0.108333 0.0148437 0.05 0.783994
4 0.533594 0.108333 0.0140625 0.0472222 0.80786
11 0.590234 0.805556 0.0445312 0.155556 0.807906
4 0.396094 0.157639 0.0140625 0.0513889 0.818741
