11 0.618359 0.759722 0.0351562 0.130556 0.251363
10 0.423828 0.358333 0.0132813 0.0472222 0.263096
4 0.473828 0.0194444 0.0179687 0.0277778 0.264167
3 0.882812 0.288194 0.0546875 0.198611 0.270832
4 0.944922 0.931944 0.0257812 0.0444444 0.279629
10 0.0078125 0.245139 0.015625 0.148611 0.28761
4 0.412109 0.0194444 0.0164062 0.0388889 0.30315
3 0.757031 0.0625 0.028125 0.111111 0.311188
3 0.533203 0.152778 0.0210938 0.0555556 0.384565
10 0.397266 0.354167 0.0148437 0.0555556 0.398377
4 0.417578 0.0194444 0.0164062 0.0333333 0.405658
1 0.758203 0.152083 0.0367187 0.140278 0.410216
6 0.758594 0.0444444 0.025 0.0777778 0.417732
4 0.450781 0.0611111 0.015625 0.0527778 0.425864
4 0.50625 0.0583333 0.0203125 0.0555556 0.426289
4 0.844922 0.884722 0.0257812 0.0416667 0.429903
1 0.533594 0.13125 0.01875 0.0819444 0.515054
11 0.646094 0.721528 0.0328125 0.118056 0.517121
4 0.397266 0.0555556 0.0179687 0.0972222 0.55301
4 0.451172 0.158333 0.0164062 0.05 0.558385
8 0.588672 0.809028 0.0429688 0.145833 0.649044
10 0.529688 0.778472 0.0296875 0.0902778 0.693665
4 0.560547 0.109028 0.0164062 0.0513889 0.711717
4 0.450391 0.108333 0.0164062 0.05 0.711819
4 0.533203 0.111806 0.0164062 0.0541667 0.788427
4 0.5875 0.110417 0.0171875 0.0513889 0.798025
4 0.396094 0.109722 0.015625 0.0472222 0.814585
4 0.423438 0.107639 0.015625 0.0513889 0.831214
