3 0.45 0.155556 0.0171875 0.0444444 0.254206
3 0.719141 0.0340278 0.0351562 0.0569444 0.257784
10 0.423047 0.357639 0.0132813 0.0458333 0.280551
10 0.519531 0.659722 0.028125 0.113889 0.282199
10 0.505859 0.254861 0.0148437 0.0375 0.286789
4 0.745703 0.919444 0.0210938 0.05 0.300221
1 0.661719 0.258333 0.05625 0.161111 0.312331
1 0.450391 0.158333 0.0164062 0.0416667 0.312823
11 0.59375 0.802083 0.046875 0.156944 0.324112
3 0.985547 0.273611 0.0289063 0.163889 0.32556
9 0.335938 0.722917 0.0421875 0.151389 0.326038
4 0.685547 0.025 0.0148437 0.0444444 0.335778
11 0.518359 0.665278 0.0320312 0.122222 0.341321
4 0.397656 0.0673611 0.015625 0.109722 0.365017
4 0.759766 0.0326389 0.0195312 0.0597222 0.373691
1 0.761719 0.147222 0.0359375 0.138889 0.37432
10 0.396484 0.353472 0.0148437 0.0513889 0.377369
1 0.532422 0.0451389 0.0164062 0.0597222 0.414823
4 0.505859 0.20625 0.0132813 0.0375 0.422054
1 0.475781 0.0388889 0.01875 0.0638889 0.425529
4 0.844531 0.886111 0.025 0.0388889 0.432418
10 0.505469 0.743056 0.028125 0.0944444 0.458587
10 0.477344 0.378472 0.01875 0.0763889 0.46986
10 0.574219 0.704167 0.0375 0.122222 0.507451
1 0.848437 0.602778 0.0640625 0.177778 0.536591
4 0.560547 0.0555556 0.0179687 0.0388889 0.546846
11 0.573438 0.703472 0.0375 0.123611 0.565672
11 0.642578 0.725694 0.0398437 0.1375 0.578444
4 0.45 0.110417 0.0140625 0.0513889 0.603265
1 0.960547 0.0993056 0.0554687 0.165278 0.658594
1 0.533594 0.131944 0.0171875 0.0805556 0.727479
8 0.593359 0.799306 0.0476562 0.156944 0.770749
4 0.560547 0.109028 0.0148437 0.0486111 0.792459
4 0.423438 0.108333 0.015625 0.0472222 0.832763
4 0.395703 0.109722 0.0148437 0.0444444 0.839815
4 0.5875 0.109028 0.015625 0.0486111 0.8423
4 0.477734 0.108333 0.0164062 0.05 0.857824
