4 0.534375 0.229861 0.015625 0.0875 0.250647
4 0.396875 0.0402778 0.01875 0.0666667 0.272669
1 0.967578 0.1 0.0632813 0.180556 0.285459
4 0.422656 0.0201389 0.0171875 0.0347222 0.297354
10 0.424219 0.357639 0.0140625 0.0402778 0.300458
11 0.254297 0.884722 0.0648438 0.172222 0.315584
10 0.533594 0.774306 0.0328125 0.104167 0.315875
3 0.553516 0.4875 0.0523437 0.138889 0.331029
4 0.397656 0.0715278 0.015625 0.106944 0.33424
4 0.560156 0.05625 0.0203125 0.0402778 0.335616
11 0.533203 0.772222 0.0335938 0.108333 0.345257
1 0.70625 0.0798611 0.053125 0.140278 0.361374
4 0.534375 0.203472 0.015625 0.0458333 0.399718
10 0.00976562 0.254861 0.0179687 0.145833 0.438364
9 0.405078 0.69375 0.0414063 0.151389 0.438522
10 0.422266 0.0194444 0.0179687 0.0361111 0.47672
10 0.397656 0.354861 0.015625 0.0486111 0.595828
4 0.560938 0.106944 0.015625 0.05 0.623689
11 0.593359 0.808333 0.0460938 0.152778 0.636864
4 0.844141 0.884722 0.0273438 0.0416667 0.674904
4 0.586719 0.109028 0.015625 0.0513889 0.680761
4 0.451953 0.158333 0.0164062 0.0472222 0.729816
4 0.450391 0.107639 0.0148437 0.0458333 0.758528
3 0.985547 0.272222 0.0289063 0.155556 0.760211
11 0.493359 0.756944 0.0335938 0.130556 0.773785
4 0.423438 0.106944 0.015625 0.05 0.789645
4 0.396484 0.111111 0.0148437 0.05 0.8212
4 0.533203 0.110417 0.0148437 0.0541667 0.8312
3 0.964453 0.495833 0.0664062 0.191667 0.913775
