4 0.423047 0.249306 0.0148437 0.0513889 0.254802
10 0.419922 0.0180556 0.0164062 0.0361111 0.261747
11 0.469922 0.6625 0.0335938 0.116667 0.282218
8 0.596875 0.801389 0.0453125 0.155556 0.314547
3 0.968359 0.117361 0.0507812 0.184722 0.315409
4 0.449609 0.0604167 0.0148437 0.0541667 0.330795
11 0.28125 0.899306 0.05625 0.151389 0.331259
4 0.944531 0.931944 0.0234375 0.0444444 0.342724
10 0.477344 0.377083 0.0203125 0.0847222 0.359923
4 0.688281 0.0229167 0.021875 0.0402778 0.37614
4 0.521875 0.668056 0.0265625 0.111111 0.398143
4 0.396484 0.0451389 0.0164062 0.0569444 0.41604
10 0.423438 0.357639 0.0125 0.0458333 0.418319
10 0.50625 0.250694 0.0140625 0.0513889 0.424474
10 0.396484 0.354861 0.0148437 0.0541667 0.524284
1 0.822656 0.610417 0.05625 0.165278 0.543607
4 0.532812 0.1125 0.015625 0.0555556 0.604382
4 0.532812 0.0444444 0.015625 0.0638889 0.612931
6 0.724609 0.025 0.0335938 0.0416667 0.614392
4 0.560547 0.05625 0.0179687 0.0402778 0.64114
1 0.533203 0.131944 0.0179687 0.0833333 0.645806
11 0.646875 0.729861 0.0453125 0.143056 0.670828
10 0.505859 0.202778 0.0164062 0.0388889 0.69173
4 0.450781 0.158333 0.015625 0.0472222 0.736007
4 0.45 0.107639 0.015625 0.0486111 0.765451
4 0.560547 0.109028 0.0148437 0.0486111 0.801872
4 0.5875 0.109028 0.015625 0.0486111 0.832415
4 0.423438 0.108333 0.015625 0.05 0.840397
4 0.395703 0.111806 0.0148437 0.0486111 0.842253
