4 0.451562 0.13125 0.015625 0.0791667 0.253594
3 0.342578 0.0430556 0.0351562 0.0444444 0.262159
11 0.532812 0.776389 0.0375 0.116667 0.285747
1 0.476562 0.01875 0.0203125 0.0263889 0.287782
10 0.533203 0.777083 0.0335938 0.101389 0.303675
12 0.408984 0.682639 0.0429688 0.151389 0.308356
4 0.560547 0.05625 0.0179687 0.0430556 0.308555
4 0.513281 0.0236111 0.0203125 0.0222222 0.335157
3 0.508203 0.355556 0.0195312 0.0472222 0.34804
4 0.844922 0.892361 0.0320312 0.0569444 0.351363
4 0.534375 0.203472 0.015625 0.0513889 0.356731
1 0.534375 0.122917 0.0171875 0.0708333 0.367829
4 0.398047 0.0618056 0.0164062 0.104167 0.370978
10 0.424219 0.356944 0.0140625 0.0444444 0.395664
9 0.405078 0.69375 0.0414063 0.156944 0.441414
11 0.592969 0.810417 0.0484375 0.151389 0.537009
10 0.397656 0.354167 0.015625 0.05 0.594648
4 0.452344 0.157639 0.0171875 0.0486111 0.668457
4 0.561328 0.108333 0.0148437 0.0472222 0.696981
11 0.49375 0.758333 0.034375 0.130556 0.709524
4 0.450391 0.109028 0.0148437 0.0486111 0.768029
4 0.5875 0.109722 0.015625 0.05 0.786298
4 0.423828 0.106944 0.0148437 0.05 0.802169
4 0.396484 0.109722 0.0148437 0.0472222 0.803839
4 0.533594 0.109722 0.0140625 0.0527778 0.8155
3 0.971484 0.502778 0.0539063 0.177778 0.8324
