4 0.559766 0.0569444 0.0179687 0.0444444 0.26261
1 0.767969 0.245833 0.0234375 0.105556 0.264016
6 0.716406 0.0270833 0.0265625 0.0402778 0.267269
4 0.50625 0.0548611 0.01875 0.0569444 0.273218
3 0.505469 0.253472 0.0171875 0.0458333 0.291628
10 0.423438 0.358333 0.0125 0.0472222 0.313643
9 0.696484 0.633333 0.0335938 0.105556 0.326483
4 0.679297 0.0243056 0.0164062 0.0402778 0.359482
4 0.942187 0.929861 0.0265625 0.0486111 0.382775
4 0.416797 0.0194444 0.0164062 0.0333333 0.395282
4 0.396875 0.0402778 0.01875 0.0694444 0.431451
3 0.534766 0.154167 0.0179687 0.0416667 0.440151
1 0.765234 0.323611 0.0257812 0.105556 0.463119
2 0.659375 0.252778 0.0625 0.175 0.499471
4 0.451172 0.157639 0.0164062 0.0486111 0.502652
4 0.450391 0.107639 0.0148437 0.0486111 0.543044
8 0.585938 0.807639 0.0421875 0.148611 0.587828
10 0.396875 0.354861 0.015625 0.0569444 0.590445
11 0.644531 0.721528 0.0328125 0.115278 0.637897
4 0.560938 0.106944 0.015625 0.0472222 0.703917
4 0.423438 0.106944 0.015625 0.05 0.785994
4 0.587109 0.110417 0.0148437 0.0513889 0.789483
4 0.396094 0.109722 0.015625 0.0472222 0.796849
4 0.533203 0.111111 0.0148437 0.0527778 0.806821
