4 0.559766 0.0569444 0.0179687 0.0444444 0.255144
4 0.765625 0.31875 0.025 0.104167 0.280916
6 0.716016 0.0270833 0.0257812 0.0402778 0.284107
4 0.50625 0.0555556 0.01875 0.0583333 0.285152
3 0.505859 0.254167 0.0179687 0.0472222 0.29212
10 0.423438 0.358333 0.0125 0.0472222 0.301019
4 0.944922 0.931944 0.0242187 0.0444444 0.308163
2 0.659375 0.252083 0.0625 0.176389 0.323002
9 0.696484 0.633333 0.0335938 0.105556 0.328588
4 0.679297 0.0243056 0.0164062 0.0402778 0.369478
4 0.416797 0.0194444 0.0164062 0.0333333 0.395312
1 0.765234 0.315278 0.0257812 0.0972222 0.400156
3 0.451172 0.157639 0.0164062 0.0486111 0.403725
3 0.534766 0.154167 0.0179687 0.0416667 0.429613
4 0.396875 0.0409722 0.01875 0.0708333 0.434555
4 0.451172 0.157639 0.0164062 0.0486111 0.474925
8 0.586328 0.807639 0.0429688 0.148611 0.520223
4 0.450391 0.107639 0.0148437 0.0486111 0.540604
10 0.396875 0.354861 0.015625 0.0569444 0.55693
4 0.844141 0.884028 0.0242187 0.0375 0.580315
11 0.644531 0.722222 0.034375 0.116667 0.59181
4 0.560938 0.106944 0.015625 0.0472222 0.702024
4 0.423438 0.106944 0.015625 0.05 0.787652
4 0.587109 0.111111 0.0148437 0.0527778 0.789872
4 0.396094 0.109722 0.015625 0.0472222 0.79528
4 0.533203 0.111111 0.0148437 0.0527778 0.804711
