10 0.418359 0.0173611 0.0148437 0.0347222 0.252048
10 0.561719 0.814583 0.0359375 0.1125 0.254141
4 0.746094 0.920833 0.0203125 0.05 0.267753
4 0.449609 0.0833333 0.0148437 0.0777778 0.272001
1 0.964063 0.104167 0.05 0.166667 0.287463
1 0.476953 0.0409722 0.0179687 0.0625 0.304784
10 0.423438 0.358333 0.0125 0.0472222 0.305143
4 0.50625 0.209722 0.0140625 0.0527778 0.319066
4 0.6875 0.0229167 0.01875 0.0402778 0.332246
4 0.944531 0.931944 0.0234375 0.0444444 0.34548
4 0.396484 0.0451389 0.0164062 0.0569444 0.357278
9 0.336328 0.723611 0.0429688 0.155556 0.376803
8 0.596484 0.800694 0.0445312 0.154167 0.387089
10 0.478125 0.378472 0.01875 0.0763889 0.390317
10 0.396875 0.354167 0.0140625 0.0555556 0.392867
4 0.532812 0.04375 0.015625 0.0625 0.431256
6 0.015625 0.0576389 0.028125 0.104167 0.456597
6 0.724609 0.025 0.0335938 0.0444444 0.517205
1 0.824219 0.60625 0.05625 0.1625 0.556189
4 0.451172 0.156944 0.0148437 0.0472222 0.610392
4 0.560938 0.0555556 0.0171875 0.0388889 0.624648
11 0.646875 0.727778 0.0453125 0.144444 0.651405
1 0.533594 0.129861 0.0171875 0.0819444 0.694141
4 0.450391 0.10625 0.0148437 0.0458333 0.745811
4 0.560547 0.109028 0.0148437 0.0486111 0.764939
4 0.423828 0.107639 0.0148437 0.0486111 0.819699
4 0.396094 0.111111 0.0140625 0.0472222 0.837122
4 0.5875 0.109028 0.015625 0.0486111 0.841917
