10 0.521094 0.664583 0.03125 0.115278 0.264412
10 0.505859 0.254167 0.0148437 0.0388889 0.291668
4 0.506641 0.210417 0.0148437 0.0569444 0.310425
10 0.506641 0.744444 0.0289063 0.1 0.311446
11 0.644531 0.723611 0.04375 0.147222 0.332971
4 0.944922 0.931944 0.0242187 0.0444444 0.333236
7 0.648828 0.720139 0.0445312 0.143056 0.336469
10 0.418359 0.710417 0.0367187 0.134722 0.346199
4 0.844141 0.884722 0.0257812 0.0388889 0.355297
1 0.770703 0.229861 0.0320312 0.123611 0.355391
1 0.476953 0.0451389 0.0179687 0.0541667 0.361463
11 0.294141 0.35625 0.0601562 0.170833 0.369505
10 0.423828 0.356944 0.0132813 0.0472222 0.409012
4 0.397266 0.0611111 0.0164062 0.105556 0.413136
3 0.450391 0.155556 0.0179687 0.0444444 0.42186
11 0.595703 0.800694 0.0476562 0.168056 0.429818
4 0.5875 0.0569444 0.0171875 0.0444444 0.434311
1 0.450391 0.157639 0.0179687 0.0430556 0.451756
10 0.478125 0.375694 0.01875 0.0763889 0.484252
6 0.720312 0.0284722 0.0375 0.0458333 0.505207
4 0.533203 0.111806 0.0148437 0.0541667 0.532058
4 0.505859 0.0534722 0.0164062 0.0486111 0.563232
8 0.593359 0.800694 0.0492188 0.1625 0.597477
10 0.397266 0.354861 0.0148437 0.0541667 0.626458
4 0.45 0.111806 0.015625 0.0513889 0.629038
1 0.956641 0.0895833 0.0648438 0.156944 0.634506
1 0.533594 0.129167 0.0171875 0.0805556 0.65476
4 0.560938 0.109028 0.0140625 0.0486111 0.79547
4 0.396484 0.111111 0.0148437 0.05 0.815055
4 0.587891 0.109028 0.0164062 0.0486111 0.827026
4 0.423438 0.107639 0.015625 0.0486111 0.84065
4 0.477734 0.108333 0.0164062 0.05 0.867807
