4 0.449609 0.0847222 0.0164062 0.0777778 0.268472
4 0.421875 0.0194444 0.015625 0.0361111 0.270598
4 0.532422 0.0513889 0.0148437 0.0777778 0.274667
11 0.574219 0.719444 0.0328125 0.111111 0.282118
4 0.746094 0.921528 0.0203125 0.0486111 0.293674
10 0.477344 0.375694 0.0203125 0.0847222 0.301104
10 0.419922 0.0173611 0.0164062 0.0347222 0.302674
11 0.590625 0.804861 0.040625 0.151389 0.325818
8 0.478516 0.376389 0.0195312 0.0833333 0.332288
1 0.969922 0.1125 0.0507812 0.172222 0.354221
3 0.970312 0.114583 0.05 0.176389 0.361315
3 0.552734 0.489583 0.0492188 0.134722 0.367158
4 0.942578 0.930556 0.0242187 0.0472222 0.372811
4 0.397656 0.0597222 0.0171875 0.102778 0.407598
10 0.424219 0.357639 0.0125 0.0458333 0.414133
10 0.505859 0.202778 0.0164062 0.0388889 0.489988
10 0.519531 0.669444 0.025 0.108333 0.518662
4 0.682422 0.0298611 0.0164062 0.0458333 0.531196
11 0.640234 0.730556 0.0414063 0.136111 0.581833
4 0.533203 0.123611 0.0164062 0.0694444 0.610159
1 0.533203 0.130556 0.0179687 0.0833333 0.614046
4 0.451172 0.157639 0.0164062 0.0486111 0.732586
4 0.844141 0.886806 0.0226563 0.0402778 0.756403
4 0.560547 0.108333 0.0148437 0.05 0.767289
4 0.45 0.108333 0.015625 0.0472222 0.771856
4 0.396484 0.111806 0.0148437 0.0486111 0.812248
4 0.587891 0.108333 0.0164062 0.05 0.82748
4 0.423438 0.108333 0.015625 0.05 0.835135
8 0.589453 0.808333 0.0414063 0.147222 0.840765
