10 0.417578 0.0173611 0.0164062 0.0347222 0.280701
9 0.416406 0.713889 0.04375 0.158333 0.291022
3 0.963672 0.10625 0.0554687 0.179167 0.311633
10 0.0105469 0.246528 0.0195312 0.1625 0.316288
1 0.450391 0.157639 0.0195312 0.0458333 0.334737
6 0.721094 0.0270833 0.040625 0.0458333 0.341325
4 0.942187 0.929861 0.025 0.0486111 0.359061
10 0.50625 0.255556 0.015625 0.0388889 0.367001
1 0.560156 0.102778 0.0171875 0.0555556 0.396326
1 0.766797 0.223611 0.0539063 0.172222 0.397013
4 0.397656 0.0583333 0.0171875 0.0972222 0.445295
3 0.660937 0.251389 0.0671875 0.183333 0.459413
4 0.559766 0.0576389 0.0179687 0.0430556 0.464092
4 0.505078 0.0479167 0.0164062 0.0569444 0.465508
8 0.477734 0.377083 0.0195312 0.0819444 0.496701
4 0.587891 0.05625 0.0179687 0.0430556 0.499799
7 0.652344 0.717361 0.0375 0.126389 0.540889
10 0.477734 0.376389 0.0195312 0.0777778 0.552152
3 0.450391 0.15625 0.0195312 0.0458333 0.553371
4 0.84375 0.885417 0.0234375 0.0375 0.595712
4 0.45 0.1125 0.015625 0.0527778 0.634125
1 0.960156 0.100694 0.05625 0.168056 0.678153
4 0.560938 0.109028 0.015625 0.0486111 0.735132
10 0.533594 0.384028 0.0203125 0.0708333 0.785459
4 0.396094 0.110417 0.015625 0.0458333 0.787849
4 0.5875 0.109722 0.0171875 0.05 0.805521
4 0.423438 0.109028 0.015625 0.0486111 0.833137
4 0.533594 0.110417 0.015625 0.0486111 0.864157
4 0.477734 0.109028 0.0164062 0.0513889 0.874973
