11 0.592969 0.804167 0.0484375 0.152778 0.26728
4 0.845703 0.8875 0.0273438 0.0444444 0.310897
4 0.505859 0.0590278 0.0179687 0.0486111 0.324287
1 0.630078 0.490278 0.0570313 0.183333 0.335147
10 0.605469 0.709722 0.034375 0.141667 0.35881
4 0.559766 0.0479167 0.0164062 0.0541667 0.366245
4 0.423438 0.205556 0.0125 0.0416667 0.431575
8 0.591016 0.808333 0.0460938 0.155556 0.491855
4 0.451172 0.157639 0.0148437 0.0486111 0.511457
11 0.491016 0.759028 0.0382813 0.129167 0.514967
10 0.396484 0.354861 0.0148437 0.0486111 0.523757
10 0.469531 0.647917 0.028125 0.0847222 0.672942
4 0.560938 0.108333 0.015625 0.0472222 0.724428
4 0.45 0.109722 0.0140625 0.05 0.743488
4 0.395703 0.159028 0.0148437 0.0513889 0.815114
4 0.5875 0.109028 0.0171875 0.0486111 0.81847
4 0.533594 0.110417 0.015625 0.0458333 0.875314
