10 0.50625 0.254167 0.0140625 0.0388889 0.250121
10 0.560938 0.814583 0.0359375 0.1125 0.250989
4 0.423438 0.248611 0.0140625 0.05 0.252511
6 0.0214844 0.0513889 0.0398437 0.102778 0.25315
4 0.751953 0.919444 0.0195312 0.05 0.256685
1 0.964453 0.104167 0.0507812 0.163889 0.266402
4 0.449609 0.0833333 0.0148437 0.0777778 0.270639
9 0.3375 0.722917 0.040625 0.151389 0.274686
10 0.521875 0.666667 0.0265625 0.113889 0.275866
1 0.476953 0.0416667 0.0179687 0.0638889 0.292737
10 0.477344 0.377778 0.0203125 0.0861111 0.319073
4 0.506641 0.209722 0.0148437 0.0527778 0.323213
10 0.423438 0.357639 0.0125 0.0486111 0.330041
4 0.6875 0.0236111 0.01875 0.0388889 0.334642
4 0.944531 0.931944 0.0234375 0.0444444 0.334988
4 0.396484 0.0451389 0.0164062 0.0569444 0.35184
4 0.533203 0.111806 0.0148437 0.0513889 0.353759
8 0.596484 0.801389 0.0445312 0.155556 0.363734
10 0.396875 0.353472 0.0140625 0.0541667 0.40864
4 0.532812 0.04375 0.015625 0.0625 0.437362
6 0.724609 0.025 0.0335938 0.0444444 0.521781
1 0.824219 0.60625 0.05625 0.1625 0.575166
4 0.451172 0.156944 0.0148437 0.0472222 0.618777
4 0.560938 0.0555556 0.0171875 0.0388889 0.626382
11 0.646875 0.729167 0.0453125 0.144444 0.638513
1 0.533594 0.129167 0.0171875 0.0805556 0.690766
4 0.450391 0.10625 0.0148437 0.0458333 0.749977
4 0.560547 0.109028 0.0148437 0.0486111 0.77087
4 0.423828 0.107639 0.0148437 0.0486111 0.821343
4 0.396094 0.111111 0.0140625 0.0472222 0.842398
4 0.5875 0.109028 0.015625 0.0486111 0.84577
