3 0.505859 0.0597222 0.0179687 0.0444444 0.264299
4 0.846094 0.892361 0.0296875 0.0569444 0.271111
1 0.534766 0.204167 0.0179687 0.05 0.285153
11 0.594141 0.804167 0.0476562 0.152778 0.294659
4 0.559766 0.0583333 0.0179687 0.0444444 0.322661
4 0.423047 0.20625 0.0117188 0.0430556 0.323477
4 0.450781 0.15625 0.0140625 0.0486111 0.346303
3 0.652344 0.259722 0.0578125 0.161111 0.383343
10 0.396875 0.354167 0.015625 0.0527778 0.41945
11 0.232031 0.879167 0.05625 0.169444 0.423768
11 0.491406 0.760417 0.0328125 0.120833 0.431652
10 0.603125 0.708333 0.034375 0.138889 0.457353
3 0.159766 0.474306 0.0601562 0.226389 0.55076
10 0.217969 0.35625 0.021875 0.0791667 0.561614
8 0.590625 0.808333 0.0453125 0.155556 0.613945
10 0.468359 0.644444 0.0273438 0.0805556 0.674386
4 0.45 0.110417 0.0140625 0.0513889 0.681464
4 0.560547 0.107639 0.0148437 0.0486111 0.722557
4 0.395703 0.158333 0.0148437 0.0527778 0.796332
4 0.587109 0.110417 0.0148437 0.0513889 0.831417
4 0.533594 0.109722 0.015625 0.0472222 0.881851
