1 0.239844 0.354861 0.0546875 0.151389 0.254724
10 0.356641 0.89375 0.0242187 0.0569444 0.265742
1 0.733594 0.545833 0.0484375 0.116667 0.286514
4 0.780859 0.918056 0.0257812 0.0333333 0.29151
10 0.309375 0.849306 0.0265625 0.0236111 0.303652
11 0.573828 0.686806 0.0367187 0.123611 0.313478
3 0.669141 0.0861111 0.0320312 0.108333 0.324638
3 0.285937 0.304167 0.05 0.175 0.366288
1 0.0175781 0.377083 0.0335938 0.131944 0.371948
10 0.40625 0.851389 0.025 0.025 0.379422
3 0.0183594 0.382639 0.0367187 0.140278 0.433017
4 0.746484 0.920139 0.0226563 0.0486111 0.540286
1 0.0132813 0.272917 0.0265625 0.151389 0.577443
10 0.382031 0.850694 0.025 0.0236111 0.601933
