4 0.559766 0.0576389 0.0195312 0.0458333 0.268193
1 0.50625 0.0583333 0.01875 0.0527778 0.268418
1 0.959375 0.110417 0.0484375 0.1625 0.275025
10 0.00859375 0.24375 0.015625 0.145833 0.275848
4 0.417188 0.0194444 0.0171875 0.0333333 0.289148
4 0.945312 0.931944 0.025 0.0444444 0.291453
10 0.450391 0.297222 0.0132813 0.0472222 0.29325
4 0.450391 0.0631944 0.0164062 0.0625 0.296916
10 0.527734 0.772917 0.0335938 0.101389 0.297282
10 0.416797 0.0173611 0.0164062 0.0347222 0.302915
10 0.423828 0.358333 0.0148437 0.0444444 0.32318
11 0.587891 0.80625 0.0492188 0.143056 0.335409
4 0.745703 0.920833 0.0195312 0.05 0.416107
1 0.476562 0.0472222 0.01875 0.0527778 0.451817
1 0.657031 0.265278 0.0625 0.163889 0.456789
4 0.397656 0.0597222 0.0171875 0.102778 0.462334
4 0.844531 0.884028 0.0265625 0.0375 0.509391
10 0.478125 0.379167 0.0203125 0.0805556 0.523144
1 0.839453 0.597222 0.0664062 0.163889 0.574146
4 0.506641 0.0583333 0.0179687 0.05 0.61941
11 0.640234 0.729861 0.0445312 0.1375 0.627101
1 0.533594 0.130556 0.01875 0.0805556 0.642671
4 0.451172 0.157639 0.0164062 0.0486111 0.643585
4 0.533203 0.111806 0.0148437 0.0541667 0.660972
1 0.708203 0.111806 0.0523437 0.195833 0.675124
4 0.560547 0.108333 0.0148437 0.05 0.725966
8 0.589063 0.807639 0.04375 0.148611 0.767353
4 0.45 0.108333 0.015625 0.0472222 0.767409
4 0.396094 0.110417 0.015625 0.0458333 0.801423
4 0.5875 0.109722 0.015625 0.05 0.804932
4 0.423438 0.108333 0.015625 0.05 0.835182
