10 0.533984 0.359028 0.0148437 0.0430556 0.252088
1 0.476953 0.204861 0.0148437 0.0430556 0.264686
4 0.560156 0.0583333 0.01875 0.0472222 0.277127
10 0.424219 0.356944 0.0140625 0.0416667 0.337819
3 0.507422 0.355556 0.0195312 0.0472222 0.352955
11 0.453516 0.745139 0.0351562 0.134722 0.356466
10 0.0105469 0.245139 0.0195312 0.1625 0.35741
3 0.978516 0.280556 0.0414063 0.172222 0.374033
4 0.845312 0.884722 0.025 0.0388889 0.423297
1 0.966797 0.103472 0.0539063 0.1625 0.45339
4 0.396094 0.0506944 0.0171875 0.0652778 0.468188
9 0.403906 0.692361 0.040625 0.151389 0.49887
11 0.490625 0.755556 0.0328125 0.119444 0.606047
11 0.591406 0.808333 0.04375 0.15 0.615748
4 0.450391 0.161111 0.0148437 0.0444444 0.626732
4 0.560938 0.108333 0.015625 0.0472222 0.66006
4 0.45 0.107639 0.0140625 0.0458333 0.732543
4 0.395703 0.110417 0.0148437 0.0458333 0.784513
4 0.423047 0.107639 0.0148437 0.0486111 0.79598
4 0.5875 0.109028 0.015625 0.0486111 0.796375
4 0.533594 0.109028 0.0140625 0.0486111 0.85976
