10 0.424219 0.356944 0.0140625 0.0416667 0.305407
10 0.521094 0.706944 0.03125 0.108333 0.321812
10 0.618359 0.754861 0.0351562 0.140278 0.344004
1 0.476953 0.201389 0.0164062 0.0472222 0.361864
4 0.847266 0.89375 0.0304688 0.0597222 0.364796
8 0.589453 0.808333 0.0429688 0.15 0.365986
4 0.50625 0.0597222 0.01875 0.05 0.368727
6 0.757031 0.0361111 0.0234375 0.0638889 0.379926
6 0.722656 0.0243056 0.03125 0.0430556 0.449742
1 0.968359 0.294444 0.0554687 0.194444 0.487259
3 0.966797 0.485417 0.0585938 0.140278 0.512428
11 0.490625 0.75625 0.034375 0.120833 0.520971
6 0.0503906 0.925694 0.0429688 0.104167 0.553631
4 0.450391 0.160417 0.0148437 0.0458333 0.614025
4 0.560938 0.106944 0.015625 0.05 0.691787
4 0.450391 0.109028 0.0148437 0.0486111 0.730749
4 0.5875 0.109722 0.015625 0.05 0.800832
4 0.396094 0.109028 0.015625 0.0513889 0.833216
4 0.533594 0.109028 0.015625 0.0486111 0.878063
