10 0.422656 0.239583 0.015625 0.0625 0.252308
10 0.620703 0.75625 0.0320312 0.131944 0.27646
3 0.720703 0.03125 0.0320312 0.0486111 0.281041
4 0.423828 0.223611 0.0164062 0.0833333 0.281885
1 0.342969 0.04375 0.0328125 0.0625 0.287234
4 0.843359 0.883333 0.0320312 0.0388889 0.29204
3 0.757812 0.0819444 0.0296875 0.133333 0.302057
1 0.981641 0.0965278 0.0335938 0.145833 0.303201
1 0.845312 0.889583 0.040625 0.0486111 0.320011
4 0.682813 0.025 0.0171875 0.0444444 0.332285
10 0.423828 0.356944 0.0148437 0.0416667 0.340196
3 0.505859 0.0590278 0.0179687 0.0486111 0.381701
10 0.55625 0.686111 0.0265625 0.0805556 0.392971
6 0.723047 0.0243056 0.0289063 0.0430556 0.446901
6 0.757031 0.0361111 0.021875 0.0666667 0.476534
10 0.520703 0.708333 0.0304688 0.1 0.478726
8 0.589063 0.806944 0.04375 0.15 0.554332
6 0.0511719 0.925694 0.0429688 0.104167 0.563814
1 0.837109 0.568056 0.0539063 0.158333 0.563829
1 0.477344 0.202083 0.0171875 0.0458333 0.567976
10 0.396875 0.354167 0.015625 0.0472222 0.602385
11 0.489844 0.753472 0.0359375 0.126389 0.6124
4 0.560938 0.106944 0.015625 0.05 0.678533
4 0.450391 0.160417 0.0148437 0.0458333 0.686738
4 0.45 0.109028 0.0140625 0.0486111 0.763107
4 0.5875 0.109028 0.015625 0.0486111 0.834672
4 0.396484 0.109722 0.0148437 0.05 0.849225
4 0.533594 0.109722 0.015625 0.05 0.886049
