1 0.733984 0.556944 0.0554687 0.127778 0.26079
10 0.382812 0.845139 0.0265625 0.0263889 0.261681
10 0.280859 0.849306 0.0210938 0.0208333 0.309551
12 0.446094 0.847917 0.028125 0.0208333 0.3276
4 0.841016 0.884722 0.0257812 0.0388889 0.338146
12 0.431641 0.847917 0.0257812 0.0208333 0.419634
12 0.344531 0.847917 0.025 0.0208333 0.451079
3 0.669531 0.0861111 0.034375 0.113889 0.463899
10 0.305859 0.844444 0.0226563 0.025 0.467246
11 0.570312 0.688889 0.0359375 0.133333 0.587296
10 0.611719 0.845833 0.0296875 0.0277778 0.615127
9 0.236719 0.867361 0.0296875 0.0819444 0.643035
3 0.264844 0.325 0.05625 0.191667 0.663613
