4 0.560156 0.0583333 0.01875 0.0472222 0.258008
2 0.664453 0.253472 0.0632813 0.170833 0.262401
4 0.843359 0.885417 0.0242187 0.0319444 0.286588
1 0.472656 0.0201389 0.01875 0.0291667 0.290165
4 0.944141 0.932639 0.0242187 0.0402778 0.298464
4 0.418359 0.01875 0.0164062 0.0319444 0.299282
1 0.766406 0.0875 0.040625 0.155556 0.310263
3 0.508203 0.351389 0.0210938 0.0472222 0.322503
10 0.419922 0.0180556 0.0164062 0.0361111 0.324695
10 0.520703 0.713194 0.0273438 0.0958333 0.337845
4 0.746484 0.920139 0.0210938 0.0513889 0.349441
1 0.477734 0.201389 0.0164062 0.0472222 0.35808
3 0.769922 0.0888889 0.0414063 0.152778 0.419542
1 0.807031 0.598611 0.065625 0.177778 0.449677
4 0.396484 0.0569444 0.0164062 0.0972222 0.474228
4 0.423828 0.206944 0.0148437 0.0472222 0.521008
6 0.724219 0.0236111 0.03125 0.0416667 0.58075
11 0.489844 0.753472 0.0359375 0.131944 0.687621
4 0.560547 0.106944 0.0164062 0.05 0.730034
4 0.451172 0.160417 0.0148437 0.0486111 0.741208
4 0.450391 0.109028 0.0148437 0.0486111 0.764285
8 0.589063 0.803472 0.04375 0.156944 0.806766
4 0.395703 0.109722 0.0148437 0.0472222 0.812173
4 0.587891 0.109722 0.0164062 0.05 0.834231
4 0.533594 0.109028 0.0140625 0.0486111 0.859906
