7 0.533203 0.706944 0.0320312 0.0972222 0.256687
1 0.669531 0.0854167 0.0328125 0.106944 0.263661
10 0.533984 0.247222 0.0164062 0.0555556 0.296767
1 0.720312 0.426389 0.059375 0.172222 0.321148
1 0.0433594 0.959028 0.0335938 0.0569444 0.321581
1 0.694922 0.0722222 0.0242187 0.0944444 0.361488
6 0.719141 0.425 0.0601562 0.169444 0.364861
1 0.450391 0.159722 0.0148437 0.0472222 0.403457
4 0.450781 0.156944 0.015625 0.05 0.482922
7 0.558203 0.703472 0.0320312 0.101389 0.507376
4 0.0339844 0.250694 0.0507812 0.134722 0.508369
4 0.422656 0.209722 0.0140625 0.0583333 0.532686
4 0.559375 0.0576389 0.01875 0.0375 0.539754
10 0.396094 0.354167 0.015625 0.0472222 0.680121
4 0.560156 0.105556 0.015625 0.05 0.682622
4 0.396094 0.159028 0.0140625 0.0513889 0.802847
4 0.586719 0.109028 0.015625 0.0513889 0.815229
4 0.533203 0.109028 0.0148437 0.0486111 0.851799
