4 0.845703 0.888194 0.0273438 0.0430556 0.271904
4 0.423438 0.20625 0.0125 0.0430556 0.309756
3 0.505859 0.0597222 0.0179687 0.0444444 0.332335
10 0.433594 0.68125 0.028125 0.0847222 0.382989
4 0.450781 0.15625 0.0140625 0.0486111 0.406027
10 0.602734 0.706944 0.0320312 0.133333 0.425794
3 0.652734 0.2625 0.0570313 0.155556 0.545411
10 0.216406 0.352083 0.0203125 0.0680556 0.548662
11 0.491406 0.761111 0.03125 0.119444 0.565198
11 0.229687 0.882639 0.05625 0.173611 0.610509
4 0.45 0.110417 0.0140625 0.0513889 0.675834
4 0.560938 0.107639 0.015625 0.0486111 0.702253
8 0.590625 0.808333 0.0453125 0.155556 0.720288
10 0.467969 0.645833 0.0265625 0.0805556 0.766254
4 0.395703 0.159028 0.0148437 0.0513889 0.793278
4 0.5875 0.109028 0.015625 0.0486111 0.830009
4 0.533594 0.109722 0.015625 0.0472222 0.882219
