11 0.615234 0.765972 0.0367187 0.126389 0.251612
1 0.657422 0.245139 0.0585938 0.179167 0.256206
10 0.478125 0.297917 0.015625 0.0402778 0.257573
7 0.644922 0.717361 0.0335938 0.109722 0.29357
4 0.416797 0.0194444 0.0179687 0.0333333 0.300967
11 0.580469 0.80625 0.0484375 0.148611 0.303344
4 0.678906 0.0236111 0.0171875 0.0388889 0.311286
4 0.845312 0.885417 0.028125 0.0402778 0.339035
3 0.505859 0.253472 0.0179687 0.0486111 0.341856
4 0.397266 0.0631944 0.0164062 0.106944 0.377519
10 0.423828 0.357639 0.0132813 0.0458333 0.381128
1 0.948828 0.0888889 0.0570313 0.152778 0.410853
8 0.585938 0.807639 0.04375 0.148611 0.424207
4 0.450391 0.0604167 0.0148437 0.0513889 0.425238
11 0.644531 0.719444 0.034375 0.113889 0.486181
10 0.397266 0.354167 0.0148437 0.0555556 0.518084
4 0.451172 0.157639 0.0164062 0.0486111 0.553234
10 0.534375 0.188194 0.0171875 0.0541667 0.590742
4 0.450391 0.107639 0.0164062 0.0486111 0.695604
4 0.560547 0.107639 0.0164062 0.0486111 0.732953
4 0.5875 0.109028 0.015625 0.0486111 0.823901
4 0.423438 0.108333 0.015625 0.05 0.83751
4 0.396094 0.109722 0.015625 0.0472222 0.841037
4 0.533594 0.108333 0.015625 0.0472222 0.876618
