1 0.533984 0.149306 0.0164062 0.0486111 0.266659
10 0.421875 0.01875 0.0171875 0.0347222 0.290971
3 0.507812 0.355556 0.0203125 0.0472222 0.296432
10 0.533203 0.777083 0.0335938 0.101389 0.300918
11 0.532812 0.776389 0.0359375 0.113889 0.309017
11 0.255078 0.888194 0.0664062 0.168056 0.320934
4 0.844922 0.892361 0.0304688 0.0569444 0.337433
4 0.397656 0.0701389 0.015625 0.106944 0.341453
4 0.560547 0.05625 0.0179687 0.0430556 0.353846
4 0.533594 0.204167 0.015625 0.05 0.363945
4 0.512109 0.0243056 0.0195312 0.0208333 0.37264
10 0.424219 0.35625 0.0140625 0.0430556 0.405829
1 0.533984 0.122917 0.0164062 0.0708333 0.441395
9 0.405078 0.693056 0.0429688 0.155556 0.455237
11 0.592578 0.810417 0.0476562 0.151389 0.550952
10 0.397266 0.354861 0.0148437 0.0486111 0.646852
4 0.451953 0.157639 0.0164062 0.0486111 0.700869
4 0.560938 0.107639 0.015625 0.0486111 0.701611
11 0.493359 0.759722 0.0335938 0.127778 0.712035
4 0.450391 0.108333 0.0148437 0.0472222 0.770415
4 0.5875 0.109028 0.015625 0.0486111 0.78487
4 0.533594 0.109722 0.0140625 0.0527778 0.804486
4 0.423438 0.106944 0.015625 0.05 0.81253
4 0.396484 0.111111 0.0148437 0.05 0.82719
3 0.971484 0.499306 0.0539063 0.179167 0.846474
