4 0.560547 0.0576389 0.0195312 0.0541667 0.250743
11 0.592188 0.803472 0.046875 0.154167 0.263324
4 0.845703 0.888194 0.0273438 0.0430556 0.317284
1 0.504687 0.0590278 0.021875 0.0375 0.32515
10 0.605469 0.709028 0.0328125 0.1375 0.341437
3 0.660156 0.26875 0.05625 0.193056 0.385668
4 0.423438 0.205556 0.0125 0.0416667 0.430071
4 0.451172 0.156944 0.0148437 0.05 0.447916
1 0.534766 0.204167 0.0179687 0.0527778 0.460056
11 0.491406 0.756944 0.0328125 0.125 0.468238
3 0.505859 0.0590278 0.0195312 0.0458333 0.506579
10 0.469922 0.645139 0.0273438 0.0819444 0.559968
3 0.980859 0.275 0.0367187 0.161111 0.601432
10 0.396875 0.354167 0.0140625 0.0472222 0.602557
8 0.590625 0.807639 0.0453125 0.154167 0.603472
4 0.45 0.111111 0.0140625 0.0527778 0.702078
4 0.560938 0.106944 0.015625 0.05 0.75372
4 0.395703 0.159028 0.0148437 0.0513889 0.814899
4 0.587891 0.109028 0.0164062 0.0486111 0.83155
4 0.533594 0.109028 0.015625 0.0486111 0.882375
