6 0.96875 0.4625 0.0578125 0.105556 0.288665
4 0.423828 0.205556 0.0148437 0.0472222 0.29193
4 0.506641 0.0576389 0.0179687 0.0486111 0.30712
6 0.723047 0.0256944 0.0304688 0.0458333 0.340676
3 0.0597656 0.109028 0.0679687 0.218056 0.345227
10 0.555859 0.686111 0.0257812 0.0777778 0.375178
1 0.972656 0.290972 0.05 0.1875 0.380452
4 0.944922 0.932639 0.0257812 0.0430556 0.382585
10 0.396875 0.354167 0.015625 0.05 0.383113
1 0.478125 0.201389 0.0171875 0.0472222 0.403156
10 0.520703 0.7125 0.0289063 0.0916667 0.438035
4 0.451172 0.160417 0.0148437 0.0486111 0.543071
11 0.490625 0.751389 0.0359375 0.133333 0.565195
4 0.450781 0.109028 0.0140625 0.0513889 0.675558
4 0.560938 0.106944 0.015625 0.05 0.710029
8 0.589844 0.806944 0.0421875 0.15 0.746346
4 0.844531 0.886111 0.0265625 0.0416667 0.751719
4 0.396484 0.109028 0.0148437 0.0513889 0.803052
4 0.5875 0.108333 0.015625 0.05 0.819131
4 0.533984 0.109028 0.0148437 0.0486111 0.883921
