4 0.945312 0.932639 0.0265625 0.0430556 0.254207
1 0.656641 0.246528 0.0632813 0.184722 0.260511
4 0.505859 0.0576389 0.0195312 0.0541667 0.261193
3 0.761328 0.05625 0.0257812 0.109722 0.273371
11 0.415625 0.709722 0.046875 0.166667 0.285755
10 0.232812 0.863194 0.0421875 0.145833 0.314923
4 0.450391 0.0625 0.0164062 0.0638889 0.337478
10 0.397266 0.354861 0.0148437 0.0541667 0.34759
10 0.423438 0.357639 0.0125 0.0458333 0.352863
1 0.958984 0.110417 0.0523437 0.179167 0.390961
3 0.451172 0.157639 0.0164062 0.0486111 0.403876
4 0.417578 0.0194444 0.0179687 0.0361111 0.419101
1 0.713672 0.10625 0.0492188 0.173611 0.429355
4 0.451172 0.157639 0.0164062 0.0486111 0.448501
10 0.527734 0.756944 0.0335938 0.130556 0.463408
4 0.450391 0.106944 0.0164062 0.05 0.578905
4 0.397266 0.0520833 0.0179687 0.0930556 0.583513
8 0.587891 0.807639 0.0414063 0.148611 0.686996
4 0.560547 0.107639 0.0148437 0.0486111 0.710358
4 0.533203 0.111806 0.0148437 0.0541667 0.760448
4 0.396094 0.110417 0.015625 0.0458333 0.785979
4 0.5875 0.109028 0.015625 0.0486111 0.798985
4 0.423438 0.107639 0.015625 0.0513889 0.801983
