4 0.451562 0.133333 0.015625 0.0833333 0.284076
4 0.506641 0.0569444 0.0195312 0.0555556 0.310176
4 0.683594 0.0256944 0.0171875 0.0402778 0.321533
4 0.757812 0.0326389 0.0171875 0.0597222 0.331238
4 0.417969 0.0194444 0.01875 0.0361111 0.332239
3 0.533203 0.152778 0.0195312 0.0527778 0.352102
3 0.65625 0.251389 0.0640625 0.177778 0.365696
3 0.451172 0.157639 0.0179687 0.0513889 0.394394
11 0.645703 0.720833 0.0351562 0.119444 0.423592
4 0.450391 0.0618056 0.0164062 0.0541667 0.452825
4 0.451562 0.157639 0.0171875 0.0513889 0.455767
4 0.397656 0.0590278 0.0171875 0.104167 0.46463
10 0.397266 0.354167 0.0164062 0.0555556 0.513435
1 0.533594 0.132639 0.01875 0.0791667 0.543665
1 0.758594 0.139583 0.03125 0.126389 0.552073
4 0.844922 0.884028 0.0257812 0.0402778 0.584314
4 0.450391 0.107639 0.0164062 0.0513889 0.646653
10 0.530078 0.777778 0.0304688 0.0916667 0.647061
4 0.533203 0.111806 0.0164062 0.0541667 0.721862
8 0.588672 0.808333 0.0429688 0.147222 0.727388
4 0.560938 0.109028 0.015625 0.0513889 0.763407
4 0.5875 0.110417 0.0171875 0.0513889 0.801211
4 0.423438 0.107639 0.015625 0.0513889 0.804685
4 0.396094 0.109722 0.015625 0.0472222 0.809487
