3 0.505859 0.254167 0.0179687 0.0472222 0.250658
4 0.765234 0.31875 0.0257812 0.104167 0.253163
10 0.423828 0.358333 0.0132813 0.0472222 0.273718
4 0.474219 0.0173611 0.01875 0.0263889 0.285268
4 0.944922 0.931944 0.0242187 0.0444444 0.286926
6 0.716406 0.0263889 0.0265625 0.0388889 0.301108
11 0.412891 0.716667 0.0460938 0.155556 0.305374
4 0.678516 0.0243056 0.0164062 0.0402778 0.316155
4 0.50625 0.0555556 0.01875 0.0583333 0.35964
7 0.644922 0.718056 0.0335938 0.108333 0.367618
9 0.696094 0.630556 0.034375 0.105556 0.374897
3 0.534375 0.154167 0.01875 0.0416667 0.386367
4 0.417188 0.01875 0.0171875 0.0347222 0.415192
10 0.397266 0.355556 0.0148437 0.0527778 0.418112
10 0.525391 0.757639 0.0335938 0.126389 0.451323
4 0.396875 0.0409722 0.0203125 0.0736111 0.465328
2 0.660156 0.251389 0.0640625 0.177778 0.475517
8 0.586328 0.807639 0.0429688 0.148611 0.49433
11 0.644531 0.720833 0.034375 0.116667 0.495267
1 0.765234 0.323611 0.0257812 0.108333 0.537851
4 0.45 0.107639 0.015625 0.0513889 0.553767
4 0.451172 0.157639 0.0164062 0.0486111 0.560877
4 0.560938 0.107639 0.015625 0.0486111 0.698559
4 0.843359 0.885417 0.0242187 0.0402778 0.780977
4 0.5875 0.109028 0.015625 0.0486111 0.781646
4 0.396094 0.109722 0.015625 0.0472222 0.797697
4 0.423438 0.107639 0.015625 0.0513889 0.816873
4 0.533203 0.111806 0.0148437 0.0541667 0.818387
