9 0.401172 0.695833 0.0367187 0.138889 0.257017
10 0.55625 0.688194 0.025 0.0791667 0.258612
4 0.847266 0.894444 0.0320312 0.0611111 0.273775
1 0.477344 0.200694 0.015625 0.0486111 0.282541
8 0.591016 0.810417 0.0414063 0.159722 0.292877
10 0.521094 0.705556 0.03125 0.108333 0.30114
10 0.618359 0.756944 0.0351562 0.141667 0.309768
6 0.756641 0.0368056 0.0226563 0.0652778 0.364491
11 0.589453 0.809028 0.0429688 0.151389 0.388763
4 0.50625 0.0590278 0.01875 0.0513889 0.459547
11 0.490625 0.756944 0.034375 0.119444 0.474617
6 0.722656 0.025 0.03125 0.0444444 0.486284
1 0.969141 0.29375 0.0554687 0.190278 0.521239
4 0.450391 0.160417 0.0148437 0.0458333 0.544792
6 0.0507812 0.926389 0.04375 0.102778 0.567888
4 0.560938 0.106944 0.015625 0.05 0.700065
4 0.450391 0.109028 0.0148437 0.0486111 0.714272
4 0.587891 0.109722 0.0164062 0.05 0.800921
4 0.396484 0.109722 0.0148437 0.05 0.835299
4 0.533984 0.109722 0.0148437 0.05 0.878687
