6 0.766406 0.0527778 0.03125 0.0944444 0.253725
10 0.423438 0.357639 0.0125 0.0458333 0.285878
4 0.560156 0.0576389 0.01875 0.0458333 0.294027
4 0.45 0.0854167 0.015625 0.0763889 0.296569
10 0.00820312 0.248611 0.0164062 0.166667 0.298994
10 0.397266 0.354861 0.0148437 0.0541667 0.314362
4 0.45 0.0611111 0.0140625 0.0527778 0.316616
3 0.50625 0.253472 0.01875 0.0458333 0.326098
3 0.7125 0.108333 0.05 0.177778 0.326575
10 0.415625 0.717361 0.04375 0.154167 0.328484
4 0.416406 0.0180556 0.0171875 0.0333333 0.335061
3 0.766016 0.0520833 0.0289063 0.0930556 0.363957
11 0.415234 0.715972 0.0460938 0.154167 0.370001
10 0.233203 0.863194 0.0429688 0.148611 0.374441
3 0.883594 0.26875 0.0546875 0.190278 0.404721
3 0.656641 0.254861 0.0632813 0.179167 0.44266
1 0.476953 0.0458333 0.0179687 0.0555556 0.445362
4 0.397656 0.05625 0.0171875 0.0986111 0.504572
4 0.507031 0.0576389 0.0171875 0.0486111 0.584191
4 0.451172 0.156944 0.0164062 0.0472222 0.617853
11 0.642578 0.73125 0.0414063 0.1375 0.622631
4 0.560547 0.108333 0.0148437 0.0472222 0.755858
8 0.5875 0.806944 0.0421875 0.15 0.770718
4 0.45 0.108333 0.015625 0.0472222 0.774027
4 0.396094 0.110417 0.015625 0.0458333 0.792962
4 0.5875 0.109028 0.015625 0.0486111 0.831088
4 0.423438 0.107639 0.015625 0.0486111 0.833237
4 0.533594 0.109028 0.015625 0.0486111 0.873965
