12 0.203516 0.855556 0.0476562 0.1 0.269699
3 0.977734 0.290972 0.0445312 0.154167 0.316885
10 0.603906 0.69375 0.03125 0.118056 0.320331
3 0.769141 0.0618056 0.0335938 0.1125 0.320613
4 0.945312 0.931944 0.0265625 0.0444444 0.33412
10 0.450391 0.347917 0.0179687 0.0513889 0.347641
1 0.649609 0.240972 0.0492188 0.1875 0.373295
3 0.786719 0.544444 0.0578125 0.152778 0.398558
10 0.217969 0.359722 0.01875 0.0861111 0.424347
4 0.423438 0.205556 0.0125 0.0444444 0.428548
4 0.844922 0.886806 0.0273438 0.0430556 0.469249
8 0.590234 0.807639 0.0476562 0.156944 0.503409
10 0.397266 0.353472 0.0164062 0.0486111 0.554354
4 0.451172 0.15625 0.0148437 0.0486111 0.566467
11 0.591016 0.804167 0.0476562 0.158333 0.568762
11 0.651563 0.728472 0.03125 0.0930556 0.604612
4 0.560547 0.10625 0.0164062 0.0513889 0.713956
4 0.450781 0.107639 0.0140625 0.0513889 0.745553
4 0.587109 0.109028 0.0148437 0.0541667 0.756911
4 0.453906 0.0590278 0.0171875 0.0430556 0.793107
4 0.395703 0.157639 0.0148437 0.0541667 0.819332
4 0.533203 0.107639 0.0148437 0.0486111 0.843301
