6 0.758594 0.0444444 0.0203125 0.0861111 0.252712
11 0.589844 0.804861 0.04375 0.148611 0.262795
11 0.201172 0.852778 0.0570313 0.172222 0.264915
3 0.974609 0.265972 0.0429688 0.134722 0.274887
4 0.560156 0.0569444 0.01875 0.0472222 0.277726
4 0.944922 0.93125 0.0226563 0.0430556 0.291517
1 0.764453 0.139583 0.0382813 0.143056 0.333155
2 0.845703 0.595833 0.0492188 0.127778 0.352402
4 0.684375 0.0291667 0.01875 0.0472222 0.363423
4 0.450391 0.0618056 0.0164062 0.0625 0.403405
4 0.397656 0.0569444 0.0171875 0.1 0.472547
10 0.397266 0.354861 0.0148437 0.0513889 0.509755
4 0.451562 0.157639 0.0171875 0.0486111 0.517338
10 0.530469 0.779167 0.0296875 0.0916667 0.563613
8 0.590625 0.811806 0.0421875 0.154167 0.631362
4 0.45 0.108333 0.015625 0.05 0.632999
4 0.533203 0.110417 0.0148437 0.0569444 0.669221
4 0.560547 0.107639 0.0148437 0.0513889 0.684386
1 0.533984 0.13125 0.0179687 0.0847222 0.689476
1 0.846094 0.602083 0.0515625 0.154167 0.748544
4 0.587891 0.108333 0.0164062 0.05 0.778142
4 0.396094 0.111111 0.015625 0.0472222 0.787526
4 0.423438 0.108333 0.015625 0.05 0.818929
