4 0.505859 0.0604167 0.0179687 0.0458333 0.250663
1 0.341016 0.0423611 0.0367187 0.0569444 0.252542
1 0.758984 0.0861111 0.0226563 0.111111 0.256789
1 0.65 0.480556 0.05625 0.191667 0.261299
3 0.505859 0.0604167 0.0179687 0.0458333 0.261513
1 0.450781 0.159722 0.015625 0.0444444 0.276089
4 0.845703 0.8875 0.0273438 0.0444444 0.29766
8 0.592969 0.811111 0.0421875 0.161111 0.361854
1 0.534766 0.204861 0.0164062 0.0486111 0.369996
10 0.605859 0.709722 0.0335938 0.138889 0.372648
4 0.450781 0.15625 0.0140625 0.0486111 0.383367
4 0.423438 0.205556 0.0125 0.0416667 0.39981
11 0.591016 0.809028 0.0460938 0.154167 0.464587
10 0.396875 0.354861 0.0140625 0.0486111 0.479209
2 0.659766 0.04375 0.0523437 0.0819444 0.550017
10 0.469531 0.646528 0.028125 0.0819444 0.584507
11 0.491797 0.759722 0.0351562 0.127778 0.587014
4 0.45 0.109722 0.0140625 0.05 0.729909
4 0.560938 0.107639 0.015625 0.0486111 0.731547
4 0.395703 0.159028 0.0148437 0.0513889 0.809746
4 0.587109 0.109722 0.0164062 0.0472222 0.824858
4 0.533594 0.110417 0.015625 0.0458333 0.881041
