4 0.397656 0.0819444 0.015625 0.0944444 0.257361
4 0.411328 0.01875 0.0164062 0.0347222 0.258633
10 0.534766 0.24375 0.0148437 0.0569444 0.259037
11 0.68125 0.666667 0.0390625 0.136111 0.264589
4 0.560156 0.0583333 0.01875 0.0472222 0.272169
1 0.114063 0.950694 0.059375 0.0986111 0.275769
4 0.942578 0.930556 0.0257812 0.0472222 0.276344
4 0.396875 0.0527778 0.0171875 0.0611111 0.28074
11 0.534375 0.773611 0.034375 0.111111 0.325365
10 0.424219 0.358333 0.0140625 0.0416667 0.332197
1 0.65625 0.244444 0.0671875 0.194444 0.332402
11 0.594141 0.806944 0.0476562 0.15 0.346914
11 0.249219 0.881944 0.0640625 0.177778 0.350071
7 0.494922 0.756944 0.0382813 0.127778 0.381446
1 0.533984 0.122222 0.0164062 0.0722222 0.382819
8 0.596094 0.809028 0.0453125 0.1625 0.388908
10 0.221484 0.358333 0.0257812 0.0861111 0.406917
3 0.508594 0.355556 0.0203125 0.0472222 0.414254
10 0.533984 0.359028 0.0148437 0.0402778 0.433991
4 0.419141 0.0194444 0.0164062 0.0361111 0.461144
10 0.397656 0.355556 0.015625 0.05 0.468273
9 0.406641 0.696528 0.0398437 0.148611 0.479483
4 0.534375 0.203472 0.015625 0.0513889 0.48153
4 0.451953 0.158333 0.0164062 0.0472222 0.660269
4 0.844922 0.884722 0.0257812 0.0388889 0.691502
4 0.560938 0.106944 0.015625 0.05 0.703592
4 0.450391 0.108333 0.0148437 0.0472222 0.767444
4 0.423438 0.106944 0.015625 0.0527778 0.775565
4 0.396484 0.110417 0.0148437 0.0513889 0.789659
11 0.494922 0.756944 0.0351562 0.133333 0.803818
4 0.587891 0.109028 0.0164062 0.0513889 0.809798
4 0.533594 0.109722 0.0140625 0.0527778 0.82594
