10 0.412109 0.688889 0.0429688 0.136111 0.25262
1 0.533594 0.204861 0.0171875 0.0541667 0.260165
10 0.55625 0.688889 0.0234375 0.0777778 0.281959
10 0.00898437 0.244444 0.0164062 0.161111 0.292927
3 0.978125 0.285417 0.04375 0.165278 0.299967
3 0.508203 0.352778 0.0195312 0.0472222 0.314222
4 0.560156 0.0583333 0.01875 0.05 0.31603
3 0.656641 0.261806 0.0523437 0.168056 0.316064
1 0.342187 0.0409722 0.034375 0.0736111 0.33208
6 0.762891 0.0583333 0.0335938 0.102778 0.341575
4 0.396875 0.0638889 0.015625 0.111111 0.374477
3 0.762109 0.05625 0.0320312 0.101389 0.400316
1 0.477344 0.201389 0.0171875 0.0472222 0.463315
11 0.590625 0.808333 0.0421875 0.152778 0.491439
4 0.844531 0.883333 0.025 0.0388889 0.511694
1 0.970703 0.111806 0.0523437 0.1875 0.525698
4 0.423828 0.20625 0.0148437 0.0458333 0.566226
11 0.341406 0.6 0.0578125 0.177778 0.614326
1 0.785547 0.559028 0.0570313 0.1375 0.62911
11 0.491016 0.757639 0.0351562 0.126389 0.637121
10 0.397266 0.354861 0.0164062 0.0486111 0.656484
4 0.560938 0.109722 0.015625 0.05 0.684095
4 0.450391 0.161806 0.0148437 0.0458333 0.689689
6 0.724609 0.0243056 0.0320312 0.0458333 0.699697
4 0.45 0.109722 0.0140625 0.05 0.746133
4 0.396094 0.109722 0.015625 0.05 0.817878
4 0.5875 0.109722 0.015625 0.05 0.818876
4 0.533984 0.109028 0.0148437 0.0486111 0.841268
