4 0.560156 0.0576389 0.01875 0.0458333 0.265887
4 0.417578 0.0194444 0.0179687 0.0333333 0.271233
1 0.0429688 0.0916667 0.0625 0.175 0.291699
4 0.757422 0.0333333 0.0164062 0.0638889 0.304742
10 0.534375 0.358333 0.015625 0.0416667 0.305164
11 0.253516 0.890278 0.0632813 0.169444 0.318572
4 0.683594 0.0291667 0.01875 0.0472222 0.397675
1 0.533594 0.126389 0.0171875 0.0722222 0.404889
4 0.533594 0.202778 0.015625 0.05 0.408607
8 0.590234 0.811806 0.0429688 0.154167 0.43156
10 0.396875 0.354861 0.015625 0.0486111 0.528464
4 0.396875 0.0548611 0.0171875 0.0930556 0.529921
4 0.451562 0.158333 0.0171875 0.0472222 0.694055
4 0.560938 0.10625 0.015625 0.0513889 0.708244
4 0.844531 0.885417 0.0234375 0.0402778 0.740049
4 0.450391 0.109028 0.0148437 0.0458333 0.74729
4 0.587891 0.108333 0.0164062 0.05 0.764849
10 0.529688 0.778472 0.028125 0.0902778 0.792534
4 0.396484 0.111806 0.0148437 0.0486111 0.812671
4 0.533203 0.109722 0.0148437 0.0527778 0.812889
4 0.423438 0.107639 0.015625 0.0513889 0.817065
11 0.488281 0.755556 0.0375 0.125 0.839906
3 0.963281 0.497222 0.0671875 0.194444 0.884636
