9 0.403906 0.688889 0.04375 0.152778 0.264268
4 0.683203 0.0298611 0.0195312 0.0458333 0.274549
1 0.474609 0.0208333 0.0210938 0.0277778 0.279492
10 0.534766 0.24375 0.0164062 0.0597222 0.285302
1 0.197266 0.845833 0.0507812 0.152778 0.289406
11 0.589844 0.804861 0.04375 0.151389 0.292447
10 0.618359 0.715278 0.0335938 0.0916667 0.312949
7 0.446094 0.734722 0.040625 0.144444 0.319486
4 0.560156 0.0576389 0.01875 0.0430556 0.32202
4 0.416797 0.01875 0.0164062 0.0319444 0.344254
10 0.396875 0.353472 0.015625 0.0513889 0.358492
1 0.534375 0.122222 0.0171875 0.0694444 0.368725
8 0.588672 0.808333 0.0429688 0.15 0.497315
4 0.397266 0.0527778 0.0164062 0.0916667 0.55622
4 0.451953 0.158333 0.0164062 0.0472222 0.653834
4 0.560938 0.106944 0.015625 0.05 0.701749
4 0.450391 0.109028 0.0148437 0.0458333 0.734668
1 0.825391 0.592361 0.0507812 0.134722 0.754258
11 0.487891 0.752083 0.0367187 0.123611 0.7634
10 0.529297 0.776389 0.0289063 0.0916667 0.77277
4 0.533594 0.109722 0.0140625 0.0527778 0.780462
4 0.396484 0.111806 0.0148437 0.0486111 0.795022
4 0.423828 0.107639 0.0148437 0.0513889 0.801056
4 0.587891 0.108333 0.0164062 0.05 0.806124
