1 0.0523437 0.0861111 0.065625 0.158333 0.250299
3 0.760156 0.0520833 0.0234375 0.0958333 0.254256
3 0.210547 0.0930556 0.0289063 0.127778 0.255625
10 0.449609 0.347917 0.0179687 0.0513889 0.273311
4 0.945312 0.932639 0.025 0.0430556 0.29419
10 0.21875 0.358333 0.0203125 0.0833333 0.300063
1 0.671484 0.518056 0.0382813 0.133333 0.333065
11 0.591797 0.804861 0.0476562 0.156944 0.342345
4 0.844531 0.884722 0.0265625 0.0388889 0.389066
3 0.978125 0.293056 0.04375 0.144444 0.38991
10 0.469141 0.645833 0.0273438 0.0805556 0.391565
11 0.247266 0.884722 0.0664062 0.180556 0.414791
4 0.423438 0.204861 0.0125 0.0430556 0.435798
10 0.436328 0.704167 0.0398437 0.133333 0.49089
1 0.65 0.243056 0.0546875 0.194444 0.495084
10 0.396875 0.352778 0.015625 0.05 0.500037
4 0.505078 0.0597222 0.0179687 0.0472222 0.58536
8 0.590234 0.806944 0.0460938 0.155556 0.716215
4 0.560156 0.107639 0.015625 0.0486111 0.737446
4 0.45 0.107639 0.0140625 0.0486111 0.74321
4 0.451172 0.157639 0.0148437 0.0486111 0.751446
4 0.5875 0.107639 0.015625 0.0486111 0.758696
4 0.395703 0.158333 0.0148437 0.0527778 0.82202
4 0.533203 0.109028 0.0164062 0.0486111 0.872247
