10 0.422656 0.240278 0.015625 0.0611111 0.25148
1 0.892187 0.293056 0.0640625 0.216667 0.253983
9 0.401172 0.697917 0.0351562 0.131944 0.254022
4 0.682422 0.025 0.0179687 0.0444444 0.25748
10 0.423828 0.356944 0.0148437 0.0416667 0.259833
6 0.757031 0.0361111 0.0234375 0.0666667 0.280458
6 0.0503906 0.929861 0.0398437 0.0930556 0.307247
10 0.434766 0.677778 0.0304688 0.0888889 0.329868
10 0.55625 0.685417 0.0265625 0.0791667 0.353602
4 0.945312 0.931944 0.0265625 0.0416667 0.368153
3 0.505859 0.0583333 0.0179687 0.05 0.370519
6 0.967969 0.461806 0.0578125 0.106944 0.397098
6 0.723047 0.025 0.0304688 0.0444444 0.401566
10 0.396875 0.354167 0.015625 0.05 0.405309
1 0.477344 0.201389 0.0171875 0.0472222 0.485852
10 0.521094 0.709028 0.0296875 0.0986111 0.507367
1 0.972266 0.286806 0.0507812 0.181944 0.541249
11 0.490234 0.753472 0.0351562 0.123611 0.592024
4 0.450391 0.160417 0.0148437 0.0458333 0.607299
4 0.560938 0.106944 0.015625 0.05 0.660541
4 0.845312 0.885417 0.028125 0.0402778 0.687564
8 0.589453 0.806944 0.0414063 0.15 0.693048
4 0.45 0.108333 0.0140625 0.0472222 0.7468
4 0.5875 0.108333 0.015625 0.05 0.822312
4 0.396484 0.109722 0.0148437 0.05 0.842706
4 0.533594 0.109028 0.015625 0.0486111 0.879209
