10 0.507031 0.743056 0.0296875 0.102778 0.251243
4 0.842969 0.886111 0.0234375 0.0333333 0.260917
10 0.417188 0.0166667 0.0171875 0.0333333 0.263681
10 0.418359 0.710417 0.0382813 0.1375 0.285959
10 0.505859 0.254167 0.0148437 0.0388889 0.288102
4 0.506641 0.211111 0.0148437 0.0583333 0.290139
9 0.561328 0.672222 0.0398437 0.133333 0.296538
1 0.769922 0.229861 0.0320312 0.118056 0.322405
1 0.476953 0.0451389 0.0179687 0.0541667 0.336716
11 0.295312 0.359028 0.0609375 0.170833 0.39534
4 0.397266 0.0618056 0.0164062 0.106944 0.399415
3 0.450391 0.154861 0.0179687 0.0458333 0.408269
4 0.944922 0.931944 0.0226563 0.0444444 0.413375
10 0.423828 0.356944 0.0132813 0.0472222 0.414091
11 0.64375 0.724306 0.04375 0.148611 0.431025
4 0.5875 0.0569444 0.0171875 0.0444444 0.431366
8 0.592578 0.798611 0.0492188 0.161111 0.449617
10 0.478125 0.375694 0.01875 0.0763889 0.462314
1 0.450391 0.157639 0.0179687 0.0430556 0.462951
6 0.720312 0.0291667 0.0375 0.0472222 0.468811
11 0.596094 0.797917 0.0484375 0.168056 0.496473
7 0.648828 0.720833 0.0460938 0.144444 0.525726
4 0.533203 0.111806 0.0148437 0.0541667 0.540548
1 0.958594 0.0881944 0.0609375 0.148611 0.542561
4 0.505859 0.0534722 0.0164062 0.0513889 0.544779
4 0.45 0.111806 0.015625 0.0513889 0.628325
10 0.397266 0.354167 0.0148437 0.0527778 0.631044
1 0.533984 0.129167 0.0179687 0.0805556 0.658272
4 0.560938 0.109028 0.0140625 0.0486111 0.797753
4 0.396484 0.111111 0.0148437 0.05 0.811564
4 0.587891 0.108333 0.0164062 0.05 0.823377
4 0.423438 0.108333 0.015625 0.05 0.840186
4 0.477734 0.109028 0.0164062 0.0513889 0.869175
