4 0.682031 0.0256944 0.0171875 0.0402778 0.255362
3 0.508594 0.352778 0.0203125 0.0472222 0.285267
4 0.412109 0.0180556 0.0164062 0.0361111 0.29063
9 0.402734 0.697917 0.0382813 0.140278 0.294776
3 0.7875 0.570139 0.0578125 0.131944 0.311596
1 0.472656 0.0215278 0.0203125 0.0291667 0.323831
1 0.477344 0.201389 0.0171875 0.0472222 0.333508
4 0.424219 0.20625 0.0140625 0.0458333 0.345803
4 0.560156 0.0583333 0.01875 0.0472222 0.368898
4 0.396875 0.0368056 0.01875 0.0652778 0.36946
6 0.722266 0.025 0.0304688 0.0444444 0.390138
11 0.590625 0.809028 0.04375 0.151389 0.42725
6 0.761719 0.0604167 0.03125 0.106944 0.436278
3 0.761719 0.0583333 0.03125 0.105556 0.455065
10 0.397266 0.354167 0.0164062 0.05 0.459654
4 0.844141 0.883333 0.0242187 0.0388889 0.565156
3 0.975781 0.286806 0.046875 0.165278 0.576672
4 0.451172 0.161111 0.0148437 0.0472222 0.598899
1 0.785547 0.567361 0.0601562 0.126389 0.619528
4 0.560938 0.106944 0.015625 0.05 0.680866
11 0.490625 0.755556 0.0359375 0.127778 0.690082
4 0.450391 0.109028 0.0148437 0.0513889 0.710387
4 0.396094 0.109722 0.015625 0.05 0.801371
4 0.587891 0.109722 0.0164062 0.05 0.818717
4 0.533984 0.109028 0.0148437 0.0486111 0.823261
