6 0.0511719 0.930556 0.0414063 0.0944444 0.254385
4 0.846094 0.891667 0.03125 0.0555556 0.257756
11 0.491406 0.75625 0.0359375 0.123611 0.281708
1 0.760547 0.0833333 0.0257812 0.119444 0.306154
4 0.50625 0.0590278 0.01875 0.0486111 0.358931
8 0.591016 0.808333 0.0429688 0.15 0.386922
1 0.477734 0.201389 0.0164062 0.0472222 0.401492
10 0.619922 0.754861 0.0335938 0.134722 0.428635
4 0.450781 0.161111 0.0140625 0.0444444 0.628218
4 0.560938 0.106944 0.015625 0.05 0.707636
4 0.45 0.109028 0.0140625 0.0486111 0.720781
4 0.5875 0.109028 0.015625 0.0486111 0.79777
4 0.396484 0.109028 0.0148437 0.0513889 0.825247
4 0.533594 0.109722 0.015625 0.05 0.880902
