4 0.449219 0.0590278 0.0171875 0.0680556 0.253611
10 0.50625 0.251389 0.015625 0.0472222 0.253984
11 0.576953 0.825694 0.0523437 0.1375 0.254016
11 0.557813 0.813889 0.0421875 0.125 0.256357
8 0.423438 0.377083 0.0203125 0.0902778 0.275015
1 0.560547 0.103472 0.0179687 0.0541667 0.275174
4 0.944922 0.931944 0.0242187 0.0416667 0.27749
10 0.471094 0.6375 0.03125 0.0861111 0.290409
9 0.657812 0.710417 0.0421875 0.123611 0.360755
4 0.397656 0.0597222 0.0171875 0.108333 0.371097
10 0.423438 0.380556 0.0234375 0.1 0.398995
3 0.661719 0.252778 0.0671875 0.180556 0.422076
4 0.559766 0.0590278 0.0179687 0.0430556 0.427881
8 0.478125 0.377083 0.021875 0.0847222 0.514163
4 0.587891 0.0576389 0.0179687 0.0430556 0.53205
10 0.477734 0.376389 0.0195312 0.0833333 0.604153
4 0.844531 0.883333 0.0234375 0.0361111 0.607267
2 0.661719 0.255556 0.06875 0.175 0.663581
1 0.962891 0.0972222 0.0585938 0.161111 0.750989
4 0.560547 0.109722 0.0164062 0.0472222 0.793478
4 0.396094 0.110417 0.0171875 0.0458333 0.818557
10 0.533984 0.382639 0.0210938 0.0791667 0.834568
4 0.450391 0.108333 0.0179687 0.0472222 0.837293
4 0.5875 0.109722 0.0171875 0.05 0.838774
4 0.422656 0.109028 0.0171875 0.0513889 0.840627
4 0.533203 0.111111 0.0164062 0.0472222 0.852739
4 0.477344 0.110417 0.0171875 0.0486111 0.873557
