7 0.651953 0.721528 0.0351562 0.123611 0.250428
4 0.783203 0.917361 0.0210938 0.0375 0.254607
10 0.419531 0.0173611 0.0171875 0.0347222 0.260552
10 0.397266 0.355556 0.0148437 0.0555556 0.276108
6 0.0359375 0.0388889 0.065625 0.075 0.281378
1 0.450391 0.157639 0.0195312 0.0458333 0.289055
4 0.506641 0.2125 0.0148437 0.0611111 0.293081
4 0.505859 0.0465278 0.0164062 0.0569444 0.308202
8 0.477734 0.377778 0.0195312 0.0805556 0.325585
4 0.746094 0.920139 0.0203125 0.0486111 0.340839
10 0.505859 0.254861 0.0148437 0.0402778 0.356219
4 0.944531 0.931944 0.0234375 0.0444444 0.414563
1 0.533203 0.150694 0.0179687 0.0541667 0.445759
4 0.397656 0.0611111 0.0171875 0.1 0.448775
1 0.841797 0.60625 0.0617188 0.173611 0.49579
3 0.661719 0.251389 0.06875 0.183333 0.514118
4 0.5875 0.0576389 0.01875 0.0458333 0.528919
1 0.766797 0.21875 0.0539063 0.1625 0.556507
1 0.960547 0.101389 0.0539063 0.169444 0.568921
3 0.45 0.155556 0.01875 0.0472222 0.571773
4 0.45 0.111806 0.015625 0.0541667 0.590861
4 0.533203 0.1125 0.0148437 0.05 0.661267
10 0.477734 0.376389 0.0195312 0.0777778 0.722418
4 0.587891 0.109028 0.0164062 0.0486111 0.794331
4 0.396094 0.110417 0.015625 0.0458333 0.794551
4 0.560938 0.109722 0.015625 0.0472222 0.816573
4 0.423438 0.108333 0.015625 0.05 0.818662
10 0.533594 0.382639 0.0203125 0.0736111 0.824545
4 0.477344 0.109028 0.0171875 0.0513889 0.87169
