3 0.984375 0.279861 0.03125 0.170833 0.256114
6 0.00664063 0.196528 0.0117188 0.0986111 0.258805
4 0.745703 0.921528 0.0210938 0.0486111 0.259372
10 0.554297 0.684028 0.0242187 0.0791667 0.271008
10 0.534375 0.240972 0.015625 0.0625 0.279412
6 0.332031 0.172222 0.0390625 0.0666667 0.299315
10 0.469922 0.645833 0.0304688 0.0888889 0.315458
10 0.455469 0.748611 0.0328125 0.111111 0.332649
8 0.591797 0.810417 0.0414063 0.154167 0.358742
10 0.604688 0.702778 0.034375 0.136111 0.37283
4 0.683203 0.0270833 0.0195312 0.0458333 0.396085
12 0.204688 0.854167 0.046875 0.1 0.431501
4 0.423438 0.20625 0.0125 0.0430556 0.44079
10 0.397266 0.354861 0.0148437 0.0458333 0.454296
11 0.590234 0.808333 0.0445312 0.15 0.506833
4 0.844531 0.884722 0.0265625 0.0388889 0.515871
6 0.0492188 0.930556 0.0546875 0.0972222 0.523668
4 0.451172 0.15625 0.0148437 0.0513889 0.575093
4 0.560547 0.10625 0.0148437 0.0486111 0.612016
10 0.491797 0.75625 0.0335938 0.115278 0.638145
4 0.586719 0.107639 0.0140625 0.0513889 0.707794
4 0.395703 0.157639 0.0148437 0.0513889 0.821814
4 0.533203 0.107639 0.0148437 0.0486111 0.839323
