9 0.341016 0.592361 0.0679687 0.179167 0.269886
4 0.417578 0.0180556 0.0164062 0.0333333 0.272808
3 0.658203 0.254861 0.0554687 0.176389 0.279478
9 0.404687 0.692361 0.04375 0.151389 0.291265
1 0.342578 0.0430556 0.0351562 0.0722222 0.300097
6 0.0378906 0.915972 0.0460938 0.104167 0.309658
11 0.591016 0.805556 0.0445312 0.152778 0.314576
6 0.758984 0.0465278 0.0289063 0.0875 0.324646
1 0.476953 0.203472 0.0164062 0.0430556 0.326812
4 0.746875 0.921528 0.021875 0.0486111 0.337802
3 0.758203 0.0472222 0.0273438 0.0861111 0.36095
1 0.473047 0.0201389 0.0195312 0.0263889 0.36322
4 0.397266 0.0625 0.0164062 0.108333 0.438911
8 0.591797 0.810417 0.0414063 0.156944 0.446442
10 0.00859375 0.242361 0.015625 0.151389 0.450447
6 0.723047 0.0256944 0.0289063 0.0458333 0.46106
1 0.969531 0.107639 0.0515625 0.170833 0.530237
11 0.340234 0.598611 0.0585938 0.180556 0.537346
10 0.397266 0.355556 0.0164062 0.0472222 0.621048
4 0.560938 0.109722 0.015625 0.05 0.654557
4 0.844531 0.884028 0.0234375 0.0402778 0.715708
4 0.450781 0.160417 0.015625 0.0458333 0.750618
11 0.490625 0.753472 0.0375 0.134722 0.755583
4 0.45 0.108333 0.0140625 0.0444444 0.804412
4 0.396094 0.109722 0.015625 0.0472222 0.830991
4 0.423438 0.107639 0.0140625 0.0486111 0.83458
4 0.587891 0.109722 0.0164062 0.05 0.839438
4 0.533984 0.109028 0.0148437 0.0486111 0.85445
