3 0.208594 0.0861111 0.0328125 0.127778 0.271225
4 0.560156 0.0590278 0.01875 0.0458333 0.315371
4 0.423047 0.210417 0.0148437 0.0625 0.326013
3 0.646484 0.256944 0.0523437 0.169444 0.356396
4 0.50625 0.0611111 0.01875 0.0472222 0.366175
4 0.845312 0.885417 0.0265625 0.0402778 0.379041
4 0.450781 0.155556 0.0140625 0.05 0.410329
10 0.397266 0.353472 0.0148437 0.0513889 0.430327
10 0.604688 0.709722 0.034375 0.138889 0.454383
8 0.591016 0.808333 0.0445312 0.152778 0.648266
11 0.491797 0.759028 0.0335938 0.123611 0.663459
10 0.469141 0.645139 0.0273438 0.0791667 0.665619
4 0.450391 0.109722 0.0148437 0.05 0.716331
4 0.560547 0.106944 0.0164062 0.05 0.756702
4 0.395703 0.159028 0.0148437 0.0513889 0.813133
4 0.5875 0.109722 0.015625 0.05 0.821464
4 0.533594 0.109722 0.015625 0.0472222 0.880319
