11 0.231641 0.86875 0.0554687 0.170833 0.253079
1 0.533594 0.204167 0.0171875 0.0527778 0.253702
8 0.592188 0.810417 0.0421875 0.159722 0.273559
3 0.508594 0.352083 0.0203125 0.0486111 0.297775
11 0.254687 0.889583 0.065625 0.168056 0.303211
9 0.404297 0.694444 0.0414063 0.147222 0.31277
1 0.473047 0.0208333 0.0210938 0.0277778 0.319193
4 0.397266 0.0645833 0.0164062 0.109722 0.324127
1 0.477344 0.201389 0.0171875 0.0472222 0.350737
10 0.521484 0.713194 0.0289063 0.0902778 0.361474
4 0.560156 0.0576389 0.01875 0.0458333 0.368159
4 0.423828 0.20625 0.0132813 0.0458333 0.384288
6 0.762109 0.0604167 0.0304688 0.106944 0.385914
11 0.590625 0.808333 0.04375 0.152778 0.441097
3 0.761328 0.0590278 0.0289063 0.104167 0.461032
6 0.721875 0.0256944 0.0296875 0.0430556 0.48646
10 0.397266 0.354167 0.0164062 0.05 0.526036
4 0.844141 0.883333 0.0242187 0.0388889 0.532098
3 0.976172 0.2875 0.0476562 0.166667 0.588338
4 0.450781 0.161111 0.0140625 0.0472222 0.620064
1 0.784375 0.567361 0.0578125 0.126389 0.62807
4 0.560938 0.106944 0.015625 0.05 0.679572
4 0.45 0.109028 0.0140625 0.0513889 0.70762
11 0.490625 0.756944 0.034375 0.125 0.747473
4 0.396094 0.109722 0.015625 0.05 0.791479
4 0.5875 0.109028 0.015625 0.0486111 0.815148
4 0.533984 0.109028 0.0148437 0.0486111 0.821853
