10 0.418359 0.0173611 0.0164062 0.0347222 0.252101
4 0.449609 0.08125 0.0164062 0.0791667 0.255534
4 0.560156 0.0576389 0.0203125 0.0458333 0.298963
4 0.944922 0.931944 0.0242187 0.0444444 0.309072
11 0.589453 0.805556 0.0476562 0.144444 0.322792
3 0.772656 0.219444 0.05625 0.166667 0.348296
3 0.709375 0.113194 0.0515625 0.1875 0.348989
1 0.476172 0.0472222 0.0195312 0.0527778 0.368536
4 0.746094 0.920833 0.0203125 0.05 0.384938
4 0.397656 0.0659722 0.0171875 0.109722 0.402651
10 0.423828 0.358333 0.0132813 0.0472222 0.439004
7 0.646094 0.725694 0.0421875 0.140278 0.4461
10 0.528906 0.775694 0.03125 0.0930556 0.462291
1 0.707422 0.114583 0.0523437 0.195833 0.488708
1 0.657422 0.264583 0.0617188 0.168056 0.495057
4 0.844531 0.884028 0.025 0.0375 0.513142
11 0.641016 0.727778 0.0460938 0.144444 0.56098
1 0.963281 0.107639 0.0515625 0.170833 0.582273
1 0.533594 0.129861 0.01875 0.0819444 0.600027
10 0.51875 0.665278 0.0328125 0.111111 0.646482
4 0.533203 0.113194 0.0148437 0.0541667 0.668243
4 0.506641 0.0597222 0.0179687 0.05 0.68047
4 0.560547 0.109028 0.0148437 0.0486111 0.731441
10 0.478125 0.378472 0.01875 0.0736111 0.734507
8 0.590234 0.807639 0.0429688 0.148611 0.73633
4 0.451172 0.158333 0.0164062 0.05 0.74613
4 0.45 0.109028 0.015625 0.0486111 0.751428
4 0.5875 0.109722 0.015625 0.05 0.795003
4 0.396094 0.110417 0.015625 0.0458333 0.806027
4 0.423438 0.109028 0.015625 0.0486111 0.849328
