3 0.762891 0.0423611 0.0242187 0.0736111 0.290754
11 0.590234 0.807639 0.0429688 0.156944 0.295218
3 0.975 0.247222 0.0421875 0.119444 0.356229
4 0.844922 0.886806 0.0273438 0.0430556 0.361294
4 0.50625 0.0597222 0.01875 0.05 0.390523
10 0.396875 0.354861 0.0140625 0.0513889 0.407653
10 0.620313 0.75625 0.034375 0.134722 0.427064
3 0.978125 0.292361 0.0421875 0.143056 0.432919
4 0.451562 0.156944 0.0140625 0.0472222 0.445515
8 0.592578 0.810417 0.0414063 0.159722 0.63645
11 0.492188 0.757639 0.034375 0.126389 0.680727
1 0.28125 0.0722222 0.0515625 0.133333 0.693076
4 0.450391 0.107639 0.0148437 0.0486111 0.719585
4 0.560547 0.109028 0.0164062 0.0486111 0.732008
10 0.469922 0.644444 0.0273438 0.0833333 0.796023
4 0.396484 0.109722 0.0148437 0.0527778 0.801254
4 0.5875 0.109722 0.015625 0.05 0.823655
4 0.533594 0.109722 0.015625 0.0472222 0.880813
