4 0.560156 0.0569444 0.01875 0.0472222 0.250042
10 0.424219 0.357639 0.0140625 0.0430556 0.253384
10 0.418359 0.0180556 0.0164062 0.0361111 0.25909
6 0.758594 0.04375 0.0203125 0.0847222 0.269038
4 0.944922 0.93125 0.0226563 0.0430556 0.284503
3 0.974609 0.263889 0.0445312 0.133333 0.287869
4 0.45 0.0618056 0.015625 0.0569444 0.371097
2 0.844922 0.595833 0.0507812 0.127778 0.372276
4 0.683594 0.0284722 0.0171875 0.0486111 0.415255
4 0.397656 0.0569444 0.0171875 0.1 0.440458
10 0.530859 0.779861 0.0304688 0.0930556 0.459079
8 0.590625 0.8125 0.0421875 0.155556 0.466697
3 0.842969 0.598611 0.053125 0.133333 0.466878
11 0.589453 0.810417 0.0445312 0.148611 0.489612
4 0.451562 0.157639 0.0171875 0.0486111 0.50075
10 0.397266 0.354861 0.0148437 0.0513889 0.514163
4 0.45 0.108333 0.015625 0.05 0.631609
4 0.533203 0.110417 0.0148437 0.0569444 0.64503
4 0.560547 0.107639 0.0148437 0.0513889 0.67667
1 0.844531 0.6 0.0515625 0.15 0.696398
1 0.533594 0.131944 0.01875 0.0861111 0.706582
4 0.587891 0.108333 0.0164062 0.05 0.78315
4 0.396094 0.111111 0.015625 0.0472222 0.783781
4 0.423438 0.108333 0.015625 0.05 0.818977
