4 0.449219 0.0597222 0.0171875 0.0666667 0.250771
9 0.659375 0.711111 0.0421875 0.116667 0.257307
7 0.954687 0.0888889 0.0578125 0.155556 0.26072
4 0.942187 0.930556 0.028125 0.05 0.340064
4 0.397656 0.0604167 0.0171875 0.109722 0.394677
10 0.423438 0.380556 0.025 0.1 0.404879
3 0.660937 0.25 0.0671875 0.186111 0.412053
3 0.842969 0.577083 0.06875 0.170833 0.452696
4 0.559766 0.0590278 0.0179687 0.0430556 0.466268
2 0.660547 0.252778 0.0695312 0.177778 0.479772
8 0.478125 0.377083 0.021875 0.0847222 0.508435
1 0.955469 0.0965278 0.0578125 0.156944 0.529293
4 0.587891 0.0576389 0.0179687 0.0430556 0.560084
10 0.477734 0.376389 0.0195312 0.0833333 0.592076
1 0.84375 0.575694 0.0640625 0.176389 0.598662
4 0.84375 0.885417 0.025 0.0402778 0.775472
4 0.560547 0.109722 0.0164062 0.0472222 0.795715
4 0.396094 0.110417 0.0171875 0.0458333 0.822443
10 0.533984 0.381944 0.0210938 0.0805556 0.833253
4 0.5875 0.109722 0.0171875 0.05 0.834509
4 0.450391 0.108333 0.0179687 0.0472222 0.834624
4 0.423047 0.109028 0.0179687 0.0513889 0.83746
4 0.533203 0.111111 0.0164062 0.0472222 0.854037
4 0.477344 0.110417 0.0171875 0.0486111 0.870836
