10 0.0101562 0.246528 0.01875 0.165278 0.264469
4 0.505859 0.0472222 0.0164062 0.0583333 0.307939
1 0.560156 0.103472 0.0171875 0.0541667 0.316706
4 0.944922 0.931944 0.0226563 0.0444444 0.336361
1 0.764453 0.217361 0.0523437 0.159722 0.345695
4 0.397266 0.0597222 0.0164062 0.108333 0.354885
10 0.50625 0.254861 0.015625 0.0402778 0.358367
6 0.719141 0.0263889 0.0398437 0.0472222 0.401141
4 0.559766 0.0590278 0.0179687 0.0430556 0.423759
10 0.423828 0.379861 0.0226563 0.0930556 0.43308
4 0.84375 0.884722 0.021875 0.0361111 0.457106
8 0.478125 0.376389 0.021875 0.0833333 0.500493
3 0.6625 0.25 0.06875 0.183333 0.504326
4 0.587891 0.05625 0.0179687 0.0430556 0.510382
10 0.477734 0.375694 0.0195312 0.0819444 0.525105
1 0.959766 0.0986111 0.0570313 0.166667 0.701774
10 0.533594 0.383333 0.0203125 0.0722222 0.759761
4 0.560938 0.109028 0.015625 0.0486111 0.772269
1 0.837891 0.598611 0.0507812 0.122222 0.774884
4 0.396484 0.110417 0.0164062 0.0458333 0.821566
4 0.45 0.107639 0.0171875 0.0486111 0.830688
4 0.423047 0.109028 0.0179687 0.0513889 0.836204
4 0.5875 0.109722 0.0171875 0.05 0.836397
4 0.533594 0.110417 0.015625 0.0486111 0.867295
4 0.477344 0.109722 0.0171875 0.05 0.87763
