10 0.00820312 0.245833 0.0164062 0.155556 0.256393
7 0.643359 0.725694 0.0414063 0.131944 0.26396
4 0.417188 0.01875 0.0171875 0.0347222 0.293122
10 0.45 0.296528 0.0125 0.0458333 0.295788
4 0.450391 0.0631944 0.0164062 0.0625 0.299693
4 0.945312 0.931944 0.025 0.0444444 0.30042
10 0.416797 0.0180556 0.0164062 0.0361111 0.324477
11 0.587109 0.806944 0.0476562 0.141667 0.335495
10 0.423828 0.357639 0.0132813 0.0458333 0.3456
2 0.843359 0.597222 0.0632813 0.147222 0.354748
4 0.746094 0.919444 0.021875 0.0527778 0.428675
1 0.476562 0.0465278 0.01875 0.0541667 0.43635
1 0.657422 0.266667 0.0617188 0.163889 0.451814
4 0.397656 0.0590278 0.0171875 0.101389 0.485994
1 0.839453 0.597222 0.0648438 0.158333 0.531865
4 0.844531 0.884722 0.0265625 0.0388889 0.564955
1 0.707812 0.111111 0.053125 0.194444 0.614298
4 0.507031 0.0583333 0.01875 0.05 0.619296
4 0.451172 0.157639 0.0164062 0.0486111 0.619847
11 0.640234 0.728472 0.0445312 0.1375 0.621025
1 0.533594 0.129861 0.01875 0.0819444 0.629265
4 0.533203 0.113194 0.0148437 0.0541667 0.659052
8 0.589063 0.808333 0.04375 0.147222 0.669621
4 0.560547 0.108333 0.0148437 0.05 0.715856
10 0.478125 0.378472 0.01875 0.0736111 0.723784
4 0.45 0.108333 0.015625 0.0472222 0.765226
4 0.5875 0.109722 0.015625 0.05 0.784836
4 0.396094 0.110417 0.015625 0.0458333 0.807954
4 0.423438 0.108333 0.015625 0.05 0.835916
