10 0.417969 0.711806 0.0375 0.1375 0.257197
1 0.965234 0.105556 0.0523437 0.158333 0.259858
10 0.417969 0.0166667 0.015625 0.0333333 0.270969
10 0.520703 0.663889 0.0320312 0.116667 0.276704
1 0.344141 0.04375 0.0335938 0.0652778 0.284402
1 0.533203 0.1125 0.0148437 0.0527778 0.28804
10 0.50625 0.254167 0.0140625 0.0388889 0.291239
4 0.944922 0.931944 0.0242187 0.0444444 0.295851
4 0.745703 0.920833 0.0210938 0.05 0.311525
10 0.423438 0.357639 0.0125 0.0458333 0.359695
1 0.665234 0.252083 0.0585938 0.173611 0.371484
4 0.533203 0.0465278 0.0164062 0.0597222 0.374995
11 0.59375 0.802778 0.0484375 0.158333 0.385195
11 0.644141 0.725694 0.0429688 0.143056 0.419231
4 0.397266 0.0625 0.0164062 0.105556 0.421588
6 0.723437 0.0229167 0.0359375 0.0402778 0.422643
1 0.476172 0.0395833 0.0195312 0.0625 0.464093
10 0.477344 0.377778 0.01875 0.0777778 0.481875
1 0.844141 0.595833 0.0554687 0.152778 0.494443
4 0.560547 0.05625 0.0179687 0.0402778 0.528862
4 0.50625 0.206944 0.0140625 0.0388889 0.531615
8 0.592969 0.8 0.05 0.161111 0.532606
10 0.396484 0.354167 0.0148437 0.0527778 0.547661
4 0.844531 0.884722 0.025 0.0388889 0.563185
10 0.451172 0.155556 0.0148437 0.0444444 0.603313
11 0.574219 0.706944 0.040625 0.130556 0.612615
4 0.45 0.107639 0.0140625 0.0458333 0.705752
1 0.533984 0.131944 0.0179687 0.0805556 0.721521
4 0.560547 0.109028 0.0148437 0.0486111 0.79497
4 0.423047 0.107639 0.0164062 0.0513889 0.818831
4 0.477344 0.109722 0.015625 0.05 0.831658
4 0.5875 0.108333 0.015625 0.0472222 0.843707
4 0.396094 0.110417 0.015625 0.0486111 0.857118
