4 0.450391 0.350694 0.0164062 0.0486111 0.253545
5 0.629297 0.0743056 0.0335938 0.118056 0.255168
10 0.423438 0.352778 0.015625 0.0472222 0.258142
3 0.766016 0.152778 0.0554687 0.186111 0.26014
3 0.986328 0.276389 0.0273438 0.155556 0.275178
3 0.764063 0.0548611 0.03125 0.101389 0.287183
4 0.683203 0.0284722 0.0164062 0.0402778 0.302947
10 0.45 0.348611 0.0171875 0.05 0.303145
4 0.941797 0.93125 0.0273438 0.0486111 0.382311
6 0.0511719 0.930556 0.0445312 0.0944444 0.441332
4 0.844922 0.886111 0.0257812 0.0416667 0.471356
11 0.651953 0.726389 0.0304688 0.0944444 0.496934
11 0.590625 0.804167 0.046875 0.158333 0.5067
10 0.437109 0.663194 0.0335938 0.118056 0.549976
4 0.422656 0.208333 0.0140625 0.0555556 0.552285
4 0.450781 0.156944 0.0140625 0.0472222 0.572887
4 0.604688 0.696528 0.0296875 0.129167 0.631725
4 0.45 0.0576389 0.0171875 0.0402778 0.642214
8 0.590234 0.80625 0.0460938 0.156944 0.653643
10 0.396484 0.353472 0.0164062 0.0486111 0.684301
4 0.560547 0.10625 0.0148437 0.0486111 0.718133
4 0.450391 0.107639 0.0148437 0.0486111 0.751494
4 0.587109 0.109028 0.0148437 0.0513889 0.777743
4 0.395703 0.159028 0.0148437 0.0513889 0.814703
4 0.533203 0.108333 0.0148437 0.0472222 0.842564
