4 0.417578 0.01875 0.0179687 0.0319444 0.260234
4 0.560156 0.0576389 0.01875 0.0458333 0.263943
10 0.534375 0.358333 0.015625 0.0416667 0.2769
11 0.251172 0.888889 0.0585938 0.172222 0.329071
4 0.683203 0.0291667 0.0179687 0.0472222 0.341746
8 0.590234 0.811806 0.0429688 0.154167 0.353301
11 0.588672 0.809722 0.0445312 0.147222 0.388963
4 0.533594 0.202778 0.015625 0.05 0.389186
1 0.533594 0.127083 0.0171875 0.0708333 0.42627
4 0.397266 0.0541667 0.0164062 0.0944444 0.469938
10 0.397266 0.354167 0.0164062 0.05 0.473856
4 0.451562 0.157639 0.0171875 0.0486111 0.660621
4 0.560938 0.10625 0.015625 0.0513889 0.691655
4 0.844531 0.885417 0.0234375 0.0402778 0.727657
4 0.450391 0.108333 0.0148437 0.0472222 0.729679
4 0.587891 0.108333 0.0164062 0.05 0.757032
10 0.530078 0.778472 0.0289063 0.0902778 0.781429
11 0.488281 0.754861 0.0375 0.126389 0.787667
4 0.396484 0.110417 0.0148437 0.0486111 0.788322
4 0.423438 0.107639 0.015625 0.0513889 0.792393
4 0.533203 0.109722 0.0148437 0.0527778 0.802262
3 0.963281 0.497222 0.0671875 0.194444 0.885149
