10 0.218359 0.360417 0.0179687 0.0847222 0.283999
8 0.592188 0.809722 0.04375 0.161111 0.308812
10 0.603906 0.693056 0.03125 0.119444 0.315496
1 0.649219 0.242361 0.0484375 0.184722 0.3268
10 0.450391 0.347917 0.0179687 0.0513889 0.330079
12 0.203125 0.854167 0.046875 0.1 0.363814
3 0.977734 0.289583 0.0445312 0.156944 0.366267
4 0.945312 0.932639 0.025 0.0458333 0.371452
3 0.766406 0.175 0.0515625 0.183333 0.414976
4 0.423438 0.205556 0.0125 0.0444444 0.469068
4 0.844922 0.886111 0.0257812 0.0416667 0.478204
4 0.451172 0.15625 0.0148437 0.0486111 0.553995
10 0.397266 0.353472 0.0164062 0.0486111 0.56239
3 0.76875 0.0701389 0.0359375 0.123611 0.581925
4 0.505078 0.0597222 0.0179687 0.0472222 0.60505
11 0.591406 0.804861 0.046875 0.156944 0.607061
11 0.651563 0.727778 0.03125 0.0916667 0.641369
4 0.450391 0.107639 0.0132813 0.0486111 0.726756
4 0.560938 0.107639 0.015625 0.0486111 0.74403
4 0.587109 0.109722 0.0148437 0.0527778 0.788195
4 0.395703 0.158333 0.0148437 0.0527778 0.834529
4 0.532812 0.109028 0.015625 0.0486111 0.862105
