3 0.759375 0.0597222 0.01875 0.0944444 0.258291
1 0.450781 0.160417 0.015625 0.0430556 0.290806
4 0.845703 0.8875 0.0273438 0.0444444 0.30114
1 0.758984 0.0875 0.0226563 0.113889 0.307124
10 0.605469 0.709722 0.034375 0.138889 0.327768
8 0.592578 0.810417 0.0429688 0.1625 0.338735
1 0.534766 0.204861 0.0164062 0.0486111 0.356274
4 0.450781 0.15625 0.0140625 0.0486111 0.380836
4 0.423438 0.205556 0.0125 0.0416667 0.400158
11 0.591016 0.809028 0.0460938 0.156944 0.467706
10 0.396875 0.354861 0.0140625 0.0486111 0.492174
11 0.491797 0.760417 0.0335938 0.126389 0.520822
10 0.469531 0.647222 0.028125 0.0833333 0.648167
4 0.560547 0.109722 0.0148437 0.0472222 0.720585
4 0.45 0.109722 0.0140625 0.05 0.733034
4 0.395703 0.159028 0.0148437 0.0513889 0.808849
4 0.587109 0.111111 0.0148437 0.05 0.83473
4 0.533594 0.110417 0.015625 0.0458333 0.881605
