10 0.603906 0.693056 0.03125 0.119444 0.311785
4 0.945703 0.931944 0.0257812 0.0444444 0.315439
10 0.450391 0.347917 0.0179687 0.0513889 0.337217
12 0.203906 0.854861 0.046875 0.0986111 0.343581
3 0.761719 0.0527778 0.025 0.1 0.345432
3 0.978516 0.293056 0.0429688 0.147222 0.354635
1 0.649219 0.238889 0.05 0.188889 0.358596
4 0.423438 0.205556 0.0125 0.0444444 0.362072
4 0.844922 0.886806 0.0273438 0.0430556 0.476543
8 0.589844 0.806944 0.0484375 0.158333 0.526011
3 0.88125 0.263889 0.065625 0.208333 0.529613
10 0.397266 0.353472 0.0164062 0.0486111 0.542821
4 0.451172 0.15625 0.0148437 0.0486111 0.557081
11 0.651563 0.727083 0.03125 0.0930556 0.598039
11 0.591016 0.803472 0.0476562 0.159722 0.617798
4 0.450781 0.0576389 0.0171875 0.0430556 0.634552
4 0.560547 0.105556 0.0164062 0.05 0.700633
4 0.450391 0.107639 0.0148437 0.0513889 0.719208
4 0.587109 0.109028 0.0148437 0.0541667 0.743959
4 0.395703 0.157639 0.0148437 0.0541667 0.810016
4 0.533203 0.107639 0.0148437 0.0486111 0.835419
