4 0.45 0.0854167 0.015625 0.0763889 0.269026
4 0.449609 0.0618056 0.0148437 0.0541667 0.272274
1 0.50625 0.0555556 0.0171875 0.0555556 0.281514
3 0.760938 0.0506944 0.025 0.0930556 0.284107
4 0.417188 0.0180556 0.0171875 0.0333333 0.287941
4 0.559766 0.0576389 0.0179687 0.0458333 0.292114
10 0.416797 0.0173611 0.0164062 0.0347222 0.318684
10 0.423438 0.357639 0.0125 0.0458333 0.32287
6 0.757422 0.0347222 0.0226563 0.0611111 0.333183
3 0.505859 0.253472 0.0195312 0.0486111 0.339549
10 0.397266 0.354861 0.0148437 0.0541667 0.34899
11 0.416016 0.717361 0.0429688 0.145833 0.359335
1 0.476953 0.0451389 0.0179687 0.0541667 0.398577
4 0.397656 0.05625 0.0171875 0.0986111 0.502011
4 0.506641 0.0569444 0.0164062 0.05 0.507053
11 0.642578 0.73125 0.0429688 0.143056 0.58387
4 0.451172 0.156944 0.0164062 0.0472222 0.585993
3 0.655859 0.253472 0.0617188 0.179167 0.59748
3 0.884766 0.265278 0.0554687 0.202778 0.625335
4 0.560547 0.108333 0.0148437 0.0472222 0.742649
8 0.587891 0.806944 0.0429688 0.15 0.762048
4 0.45 0.108333 0.015625 0.0472222 0.780746
4 0.396094 0.110417 0.015625 0.0458333 0.79657
4 0.5875 0.109028 0.015625 0.0486111 0.830674
4 0.423438 0.107639 0.015625 0.0486111 0.841151
4 0.533594 0.109028 0.015625 0.0486111 0.871863
