1 0.796094 0.583333 0.0375 0.111111 0.253022
4 0.783984 0.916667 0.0210938 0.0361111 0.266382
11 0.522656 0.76875 0.0421875 0.126389 0.266987
10 0.505859 0.254861 0.0148437 0.0375 0.283643
4 0.945703 0.931944 0.0242187 0.0444444 0.292636
4 0.397656 0.06875 0.015625 0.106944 0.298051
1 0.758984 0.173611 0.0382813 0.130556 0.300904
3 0.450391 0.155556 0.0179687 0.0444444 0.305291
4 0.505859 0.20625 0.0132813 0.0402778 0.318521
1 0.476562 0.0416667 0.01875 0.0611111 0.324237
4 0.532812 0.0472222 0.015625 0.0638889 0.344688
4 0.533203 0.111806 0.0148437 0.0569444 0.354001
1 0.6625 0.256944 0.0578125 0.163889 0.356619
4 0.746094 0.920833 0.0203125 0.0472222 0.365175
1 0.450781 0.158333 0.0171875 0.0416667 0.408133
4 0.559766 0.0555556 0.0179687 0.0416667 0.421036
1 0.842578 0.582639 0.0601562 0.156944 0.446153
10 0.423828 0.354861 0.0148437 0.0486111 0.456956
9 0.333594 0.724306 0.0421875 0.151389 0.488019
1 0.961328 0.09375 0.0523437 0.154167 0.529376
4 0.770312 0.327083 0.025 0.0986111 0.560518
4 0.450391 0.111111 0.0148437 0.0527778 0.574423
10 0.478125 0.376389 0.0203125 0.0777778 0.59536
10 0.396875 0.352778 0.015625 0.0527778 0.615282
1 0.533594 0.131944 0.0171875 0.0777778 0.637478
11 0.595703 0.795833 0.0492188 0.169444 0.658921
11 0.641406 0.725 0.0421875 0.141667 0.661625
4 0.84375 0.884722 0.025 0.0388889 0.664928
4 0.560547 0.109028 0.0148437 0.0486111 0.75103
4 0.396094 0.110417 0.015625 0.0458333 0.80511
4 0.423438 0.108333 0.015625 0.0472222 0.807192
4 0.5875 0.109028 0.015625 0.0486111 0.816756
4 0.477734 0.107639 0.0164062 0.0513889 0.844054
