1 0.533594 0.204861 0.0171875 0.0541667 0.258868
10 0.00898437 0.244444 0.0164062 0.161111 0.293271
4 0.560156 0.0583333 0.01875 0.05 0.29969
3 0.508203 0.352778 0.0195312 0.0472222 0.309472
3 0.978125 0.285417 0.04375 0.165278 0.332262
1 0.342187 0.0409722 0.034375 0.0736111 0.33305
6 0.762891 0.0583333 0.0335938 0.102778 0.346762
3 0.656641 0.2625 0.0523437 0.169444 0.351259
4 0.396875 0.0638889 0.015625 0.111111 0.374417
3 0.7625 0.05625 0.0328125 0.101389 0.38994
1 0.477344 0.202083 0.0171875 0.0458333 0.466893
11 0.590625 0.808333 0.0421875 0.152778 0.483712
4 0.844531 0.884028 0.025 0.0375 0.502321
1 0.970703 0.113194 0.0523437 0.1875 0.551448
4 0.423828 0.20625 0.0148437 0.0458333 0.5652
11 0.341797 0.6 0.0570313 0.177778 0.613825
1 0.785937 0.559722 0.05625 0.136111 0.62143
11 0.491016 0.757639 0.0351562 0.126389 0.633412
10 0.397266 0.354861 0.0164062 0.0486111 0.65831
4 0.560938 0.109722 0.015625 0.05 0.682657
4 0.450391 0.161806 0.0148437 0.0458333 0.689443
6 0.724609 0.0243056 0.0320312 0.0458333 0.691228
4 0.45 0.109722 0.0140625 0.05 0.746604
4 0.396094 0.109722 0.015625 0.05 0.817366
4 0.5875 0.109722 0.015625 0.05 0.818918
4 0.533984 0.109028 0.0148437 0.0486111 0.838897
