4 0.451562 0.133333 0.015625 0.0833333 0.283929
4 0.506641 0.0569444 0.0195312 0.0555556 0.311914
4 0.757812 0.0333333 0.0171875 0.0583333 0.313007
4 0.683594 0.0256944 0.0171875 0.0402778 0.33367
4 0.418359 0.0194444 0.0179687 0.0361111 0.34864
3 0.533203 0.152778 0.0195312 0.0527778 0.353382
3 0.65625 0.251389 0.0640625 0.177778 0.371751
3 0.451172 0.157639 0.0179687 0.0513889 0.393387
11 0.645703 0.720833 0.0351562 0.119444 0.432377
4 0.450781 0.0618056 0.015625 0.0541667 0.45341
4 0.451562 0.157639 0.0171875 0.0513889 0.459022
4 0.397656 0.0590278 0.0171875 0.104167 0.464985
10 0.397266 0.354167 0.0164062 0.0555556 0.512325
1 0.533594 0.132639 0.01875 0.0791667 0.543731
1 0.758594 0.138889 0.03125 0.125 0.551099
4 0.844922 0.884028 0.0257812 0.0402778 0.583986
4 0.450391 0.107639 0.0164062 0.0513889 0.647216
10 0.530078 0.777778 0.0304688 0.0916667 0.647338
4 0.533203 0.111806 0.0164062 0.0541667 0.722124
8 0.588672 0.808333 0.0429688 0.147222 0.73438
4 0.560938 0.109028 0.015625 0.0513889 0.763043
4 0.5875 0.110417 0.0171875 0.0513889 0.800916
4 0.423438 0.107639 0.015625 0.0513889 0.804097
4 0.396094 0.109722 0.015625 0.0472222 0.809003
