1 0.533984 0.204861 0.0164062 0.0541667 0.251439
1 0.477734 0.201389 0.0164062 0.0472222 0.264042
9 0.406641 0.688889 0.0398437 0.136111 0.277439
4 0.559766 0.0590278 0.0195312 0.0486111 0.284876
1 0.473047 0.0208333 0.0210938 0.0277778 0.328211
4 0.423828 0.20625 0.0148437 0.0458333 0.355108
4 0.422266 0.0201389 0.0164062 0.0347222 0.371715
6 0.760938 0.0604167 0.0296875 0.106944 0.374593
3 0.970703 0.291667 0.0523437 0.155556 0.376774
10 0.520703 0.7125 0.0273438 0.0916667 0.380837
3 0.760547 0.0590278 0.0304688 0.106944 0.390547
6 0.722266 0.025 0.0304688 0.0444444 0.428017
10 0.396875 0.354861 0.015625 0.0486111 0.452982
4 0.396484 0.0375 0.0195312 0.0666667 0.479796
11 0.590234 0.808333 0.0429688 0.15 0.529244
10 0.00898437 0.248611 0.0164062 0.155556 0.548518
4 0.450781 0.160417 0.0140625 0.0486111 0.566864
1 0.784766 0.567361 0.0585938 0.126389 0.607969
11 0.490234 0.755556 0.0335938 0.122222 0.615138
4 0.844141 0.882639 0.0242187 0.0375 0.65961
4 0.450391 0.109722 0.0148437 0.0527778 0.723407
4 0.560938 0.106944 0.015625 0.05 0.743909
4 0.396094 0.109722 0.015625 0.05 0.761091
4 0.587891 0.109722 0.0164062 0.05 0.811024
4 0.533594 0.108333 0.0140625 0.05 0.834791
