11 0.589844 0.805556 0.046875 0.147222 0.285154
4 0.684375 0.0284722 0.0171875 0.0486111 0.289897
3 0.759766 0.0576389 0.0210938 0.0958333 0.319497
4 0.751953 0.91875 0.0195312 0.0486111 0.335857
4 0.945312 0.931944 0.0234375 0.0444444 0.337077
4 0.449609 0.0604167 0.0148437 0.0513889 0.361091
1 0.477344 0.0479167 0.01875 0.0486111 0.366392
3 0.968359 0.120833 0.0492188 0.175 0.37378
10 0.476953 0.376389 0.0195312 0.0833333 0.409749
4 0.559766 0.0576389 0.0195312 0.0430556 0.423651
11 0.646875 0.727778 0.0453125 0.141667 0.432077
10 0.528906 0.774306 0.0328125 0.0958333 0.470412
4 0.844531 0.884028 0.025 0.0375 0.512799
1 0.834375 0.602083 0.05625 0.154167 0.599247
1 0.533984 0.129861 0.0179687 0.0819444 0.630858
4 0.507031 0.0583333 0.01875 0.0472222 0.640199
4 0.396484 0.0604167 0.0179687 0.0513889 0.653214
4 0.560547 0.107639 0.0148437 0.0486111 0.654731
4 0.533594 0.111806 0.015625 0.0541667 0.665188
4 0.396484 0.111111 0.0132813 0.0444444 0.716194
10 0.51875 0.6625 0.0328125 0.113889 0.720869
4 0.450781 0.157639 0.015625 0.0486111 0.72846
8 0.590234 0.807639 0.0429688 0.148611 0.752637
4 0.5875 0.109028 0.015625 0.0513889 0.769417
4 0.45 0.108333 0.015625 0.0472222 0.788756
4 0.423438 0.107639 0.0140625 0.0486111 0.830584
