6 0.759766 0.0465278 0.0195312 0.0902778 0.259749
11 0.588672 0.805556 0.0460938 0.147222 0.261194
10 0.00898437 0.245139 0.0164062 0.165278 0.262513
4 0.450391 0.0597222 0.0148437 0.0555556 0.271129
3 0.96875 0.120833 0.0484375 0.166667 0.319821
4 0.751953 0.91875 0.0195312 0.0486111 0.3253
4 0.945312 0.931944 0.0234375 0.0444444 0.333503
3 0.759375 0.0569444 0.0203125 0.0916667 0.339287
4 0.684766 0.0284722 0.0179687 0.0486111 0.342079
4 0.559766 0.0583333 0.0195312 0.0444444 0.37511
10 0.476953 0.376389 0.0195312 0.0805556 0.41744
1 0.476562 0.0451389 0.01875 0.0541667 0.467298
4 0.396875 0.0611111 0.0171875 0.05 0.491527
10 0.528906 0.775 0.03125 0.0944444 0.515744
4 0.844531 0.884028 0.025 0.0375 0.529179
11 0.645703 0.729167 0.0445312 0.141667 0.541759
4 0.506641 0.0583333 0.0179687 0.0472222 0.637224
4 0.533594 0.111806 0.015625 0.0541667 0.637365
1 0.533984 0.129861 0.0179687 0.0819444 0.655252
4 0.560547 0.107639 0.0148437 0.0486111 0.658166
4 0.397266 0.111111 0.0132813 0.0472222 0.676485
1 0.833594 0.601389 0.0546875 0.158333 0.704864
10 0.51875 0.6625 0.0328125 0.113889 0.736324
4 0.450781 0.157639 0.015625 0.0486111 0.755365
8 0.590234 0.807639 0.0429688 0.148611 0.784036
4 0.45 0.108333 0.015625 0.0472222 0.784913
4 0.5875 0.109722 0.015625 0.05 0.789289
4 0.423828 0.107639 0.0148437 0.0486111 0.833163
