1 0.658203 0.245833 0.0617188 0.183333 0.250253
1 0.507422 0.0555556 0.0179687 0.0583333 0.260382
4 0.945312 0.932639 0.0234375 0.0430556 0.292222
7 0.645703 0.723611 0.0304688 0.113889 0.309453
4 0.510938 0.233333 0.0171875 0.05 0.313281
4 0.679297 0.0236111 0.0179687 0.0388889 0.326612
10 0.534766 0.152778 0.0132813 0.0472222 0.338451
10 0.423828 0.357639 0.0132813 0.0458333 0.384851
3 0.511328 0.23125 0.0164062 0.0430556 0.389722
4 0.473437 0.01875 0.0171875 0.0263889 0.39715
10 0.527734 0.775694 0.0289063 0.0930556 0.401878
4 0.414844 0.01875 0.0171875 0.0375 0.417867
4 0.396484 0.04375 0.0179687 0.0652778 0.459654
4 0.450391 0.0597222 0.0148437 0.0527778 0.484397
11 0.585547 0.808333 0.0429688 0.147222 0.490425
9 0.694922 0.632639 0.0335938 0.1125 0.533872
10 0.397266 0.354167 0.0148437 0.0555556 0.567879
4 0.451172 0.157639 0.0164062 0.0486111 0.65143
4 0.844531 0.884028 0.025 0.0402778 0.690964
4 0.560547 0.107639 0.0164062 0.0458333 0.705289
4 0.450781 0.107639 0.015625 0.0486111 0.713536
11 0.644922 0.722222 0.0335938 0.116667 0.736936
4 0.587891 0.109028 0.0164062 0.0486111 0.837032
4 0.396094 0.110417 0.015625 0.0458333 0.841833
4 0.423438 0.108333 0.015625 0.05 0.844305
4 0.533594 0.108333 0.015625 0.0472222 0.880446
