4 0.559766 0.0590278 0.0195312 0.0486111 0.264578
4 0.419141 0.01875 0.0164062 0.0319444 0.275759
3 0.786719 0.570833 0.05625 0.130556 0.298796
1 0.472656 0.0208333 0.0203125 0.0277778 0.351197
1 0.477344 0.201389 0.0171875 0.0472222 0.358318
6 0.761328 0.0604167 0.0304688 0.106944 0.365252
3 0.760938 0.0590278 0.03125 0.106944 0.369066
10 0.520703 0.7125 0.0273438 0.0916667 0.393774
10 0.00898437 0.245833 0.0164062 0.152778 0.394486
4 0.423828 0.206944 0.0148437 0.0472222 0.405851
6 0.722266 0.025 0.0304688 0.0444444 0.423199
3 0.971094 0.288889 0.053125 0.163889 0.44295
4 0.396094 0.0375 0.01875 0.0666667 0.485701
11 0.590234 0.808333 0.0429688 0.15 0.540517
4 0.450781 0.160417 0.0140625 0.0486111 0.58806
1 0.785156 0.567361 0.059375 0.126389 0.6052
10 0.396875 0.354861 0.015625 0.0486111 0.605628
11 0.490234 0.754861 0.0351562 0.123611 0.63274
4 0.844141 0.882639 0.0242187 0.0375 0.655195
4 0.450391 0.109722 0.0148437 0.0527778 0.72297
4 0.560547 0.106944 0.0164062 0.05 0.74369
4 0.396094 0.109722 0.015625 0.05 0.766775
4 0.587891 0.109722 0.0164062 0.05 0.812722
4 0.533984 0.108333 0.0148437 0.05 0.854972
