3 0.707422 0.109028 0.0539063 0.173611 0.25915
4 0.942578 0.929861 0.0242187 0.0486111 0.260073
1 0.965625 0.111806 0.053125 0.168056 0.262264
4 0.45 0.0840278 0.015625 0.0791667 0.299737
4 0.45 0.0611111 0.0140625 0.0527778 0.341186
7 0.644531 0.726389 0.040625 0.133333 0.347429
11 0.587109 0.804861 0.0476562 0.148611 0.355844
10 0.423438 0.356944 0.0125 0.0444444 0.376297
10 0.420312 0.01875 0.015625 0.0375 0.394922
1 0.651563 0.24375 0.0578125 0.209722 0.404999
10 0.396875 0.354861 0.015625 0.0541667 0.413324
4 0.419141 0.01875 0.0164062 0.0347222 0.484783
1 0.476562 0.0472222 0.01875 0.0527778 0.49722
1 0.505859 0.254167 0.0179687 0.0444444 0.503119
4 0.397656 0.0569444 0.0171875 0.1 0.512665
4 0.507031 0.0590278 0.0171875 0.0486111 0.533867
1 0.706641 0.111806 0.0507812 0.1875 0.557673
11 0.641406 0.729167 0.0453125 0.138889 0.606005
8 0.589453 0.807639 0.0445312 0.148611 0.670882
7 0.290625 0.357639 0.05625 0.181944 0.719601
4 0.844531 0.884722 0.0234375 0.0388889 0.75985
4 0.451172 0.157639 0.0164062 0.0486111 0.762537
4 0.560938 0.107639 0.015625 0.0486111 0.783371
4 0.45 0.108333 0.015625 0.0472222 0.810665
4 0.396094 0.111806 0.0140625 0.0486111 0.81741
4 0.5875 0.109722 0.015625 0.05 0.821283
4 0.423438 0.107639 0.015625 0.0486111 0.850649
4 0.533594 0.110417 0.015625 0.0486111 0.879071
