3 0.658594 0.259028 0.0609375 0.190278 0.255895
1 0.473828 0.0201389 0.0210938 0.0263889 0.258806
10 0.396875 0.0444444 0.0171875 0.0555556 0.264534
4 0.560156 0.0583333 0.01875 0.0444444 0.285708
8 0.59375 0.810417 0.0453125 0.159722 0.28653
10 0.424219 0.357639 0.0140625 0.0402778 0.288374
10 0.411719 0.0201389 0.0171875 0.0375 0.288771
11 0.454688 0.743056 0.0375 0.144444 0.289715
11 0.254297 0.886111 0.0648438 0.172222 0.313291
10 0.419531 0.01875 0.0171875 0.0375 0.321159
10 0.009375 0.257639 0.0171875 0.148611 0.329078
4 0.397266 0.0645833 0.0164062 0.104167 0.382747
9 0.405078 0.695833 0.0429688 0.152778 0.394483
4 0.534766 0.204167 0.0164062 0.0444444 0.444904
4 0.844531 0.886111 0.0265625 0.0416667 0.611437
10 0.397656 0.354861 0.015625 0.0486111 0.627567
11 0.592188 0.809722 0.0453125 0.152778 0.666912
4 0.560938 0.107639 0.015625 0.0486111 0.676739
4 0.451953 0.158333 0.0164062 0.0472222 0.711461
4 0.5875 0.109722 0.015625 0.05 0.749653
4 0.450391 0.107639 0.0148437 0.0458333 0.766858
4 0.423438 0.107639 0.015625 0.0513889 0.784377
11 0.492969 0.756944 0.034375 0.133333 0.812958
4 0.396484 0.111111 0.0148437 0.05 0.817516
4 0.533594 0.110417 0.0140625 0.0513889 0.830062
3 0.964063 0.498611 0.0671875 0.194444 0.897479
