4 0.846094 0.892361 0.0296875 0.0569444 0.27564
1 0.534766 0.204167 0.0179687 0.05 0.279644
11 0.594141 0.803472 0.0476562 0.151389 0.28262
3 0.505859 0.0597222 0.0179687 0.0444444 0.297884
4 0.560156 0.0583333 0.01875 0.0444444 0.307942
4 0.423047 0.20625 0.0117188 0.0430556 0.323287
4 0.450781 0.155556 0.0140625 0.05 0.346052
3 0.651953 0.259722 0.0570313 0.166667 0.401889
10 0.396875 0.354167 0.015625 0.0527778 0.435594
11 0.231641 0.879861 0.0570313 0.170833 0.438722
11 0.491406 0.759722 0.034375 0.122222 0.460386
10 0.603516 0.709028 0.0351562 0.140278 0.496822
8 0.590625 0.808333 0.0453125 0.152778 0.560201
10 0.46875 0.645139 0.0265625 0.0791667 0.586405
10 0.217969 0.35625 0.021875 0.0791667 0.589403
3 0.160547 0.475 0.0585938 0.225 0.652647
4 0.45 0.110417 0.0140625 0.0513889 0.676038
4 0.560547 0.107639 0.0148437 0.0486111 0.729717
4 0.395703 0.158333 0.0148437 0.0527778 0.796444
4 0.5875 0.109028 0.015625 0.0486111 0.828603
4 0.533594 0.109722 0.015625 0.0472222 0.881242
