6 0.977344 0.0388889 0.040625 0.0555556 0.257046
1 0.794531 0.578472 0.0390625 0.123611 0.263437
6 0.896094 0.895139 0.0359375 0.0569444 0.266579
10 0.422656 0.201389 0.0140625 0.0472222 0.271545
1 0.759375 0.0826389 0.0265625 0.131944 0.290646
4 0.944922 0.93125 0.0242187 0.0458333 0.319203
3 0.450391 0.154167 0.0179687 0.0472222 0.321301
4 0.505859 0.0451389 0.0164062 0.0597222 0.324058
4 0.397656 0.0659722 0.0171875 0.106944 0.358059
1 0.450781 0.15625 0.0171875 0.0458333 0.418576
10 0.397266 0.354861 0.0148437 0.0569444 0.425171
4 0.533594 0.113889 0.015625 0.05 0.482581
1 0.839063 0.604167 0.0578125 0.180556 0.486954
4 0.589453 0.0479167 0.0179687 0.0541667 0.553533
10 0.477344 0.377083 0.01875 0.0763889 0.561032
4 0.450391 0.113194 0.0148437 0.0513889 0.607211
1 0.533203 0.145833 0.0179687 0.0638889 0.622942
1 0.9625 0.0986111 0.0546875 0.169444 0.732374
4 0.396094 0.109722 0.015625 0.0472222 0.793613
4 0.587891 0.109028 0.0164062 0.0486111 0.814762
4 0.423438 0.108333 0.015625 0.05 0.820805
4 0.561328 0.110417 0.0148437 0.0458333 0.838069
4 0.477734 0.109722 0.0164062 0.05 0.872538
