1 0.534375 0.15 0.0171875 0.0472222 0.25753
4 0.842188 0.886806 0.028125 0.0402778 0.263748
10 0.534766 0.241667 0.0164062 0.0638889 0.271472
6 0.705469 0.0354167 0.04375 0.0569444 0.279866
3 0.508203 0.355556 0.0195312 0.0472222 0.290495
7 0.455469 0.742361 0.040625 0.156944 0.301924
1 0.476953 0.01875 0.0210938 0.0263889 0.315651
4 0.560547 0.05625 0.0179687 0.0430556 0.321264
7 0.494531 0.759722 0.0359375 0.122222 0.345037
1 0.533984 0.126389 0.0164062 0.0722222 0.355864
4 0.534375 0.204167 0.015625 0.05 0.40508
11 0.533594 0.776389 0.034375 0.111111 0.423298
10 0.424609 0.357639 0.0132813 0.0430556 0.426128
10 0.423438 0.0180556 0.0171875 0.0361111 0.430301
4 0.396484 0.108333 0.0148437 0.05 0.434748
10 0.533984 0.777083 0.0320312 0.0986111 0.477324
9 0.407813 0.690278 0.0421875 0.158333 0.5607
6 0.969141 0.501389 0.0601562 0.175 0.599964
11 0.593359 0.811111 0.0460938 0.15 0.669216
4 0.561328 0.107639 0.0148437 0.0458333 0.704818
10 0.397656 0.354167 0.015625 0.05 0.715913
4 0.451953 0.157639 0.0164062 0.0486111 0.738344
4 0.450391 0.108333 0.0148437 0.0472222 0.755942
11 0.494531 0.759028 0.0328125 0.126389 0.762348
4 0.423828 0.106944 0.0148437 0.05 0.793433
4 0.5875 0.110417 0.015625 0.0486111 0.807672
4 0.533594 0.110417 0.0140625 0.0513889 0.823684
3 0.968359 0.501389 0.0617188 0.183333 0.888696
