3 0.759766 0.0625 0.0210938 0.1 0.252476
4 0.50625 0.0604167 0.01875 0.0458333 0.285504
3 0.505859 0.0604167 0.0179687 0.0458333 0.325652
4 0.423438 0.20625 0.0125 0.0430556 0.33263
4 0.560156 0.0590278 0.01875 0.0458333 0.347036
4 0.845312 0.886111 0.0265625 0.0416667 0.366984
4 0.451172 0.15625 0.0148437 0.0486111 0.385958
10 0.397266 0.353472 0.0148437 0.0513889 0.418138
10 0.604297 0.709028 0.0335938 0.140278 0.466765
3 0.652344 0.260417 0.0578125 0.1625 0.555039
10 0.220313 0.354861 0.0234375 0.0875 0.599116
10 0.469141 0.645833 0.0273438 0.0805556 0.624468
11 0.491406 0.759028 0.034375 0.123611 0.650062
4 0.450391 0.109722 0.0148437 0.05 0.719475
8 0.591016 0.808333 0.0445312 0.152778 0.724279
4 0.560938 0.106944 0.015625 0.05 0.742137
4 0.395703 0.158333 0.0148437 0.0527778 0.822399
4 0.5875 0.110417 0.015625 0.0486111 0.836835
4 0.533594 0.109722 0.015625 0.0472222 0.882686
