10 0.534766 0.238889 0.0148437 0.0666667 0.255252
11 0.453906 0.74375 0.0375 0.143056 0.28779
8 0.593359 0.809722 0.0429688 0.158333 0.298154
10 0.424219 0.35625 0.0140625 0.0430556 0.300166
10 0.396875 0.354167 0.015625 0.05 0.300203
4 0.844922 0.884722 0.0257812 0.0388889 0.316604
10 0.533984 0.359028 0.0148437 0.0430556 0.318233
4 0.559766 0.0576389 0.0179687 0.0458333 0.3416
3 0.507812 0.354861 0.0203125 0.0486111 0.423162
1 0.655859 0.256944 0.0570313 0.186111 0.452285
9 0.404687 0.693056 0.0421875 0.155556 0.460315
4 0.396094 0.0506944 0.0171875 0.0625 0.477288
11 0.490625 0.755556 0.034375 0.122222 0.536656
3 0.979297 0.275694 0.0398437 0.1625 0.582058
11 0.590625 0.809028 0.04375 0.151389 0.625662
1 0.965625 0.109722 0.05625 0.177778 0.636126
4 0.560547 0.110417 0.0148437 0.0486111 0.651048
4 0.450781 0.160417 0.0140625 0.0430556 0.702232
4 0.45 0.108333 0.0140625 0.0444444 0.758487
4 0.395703 0.110417 0.0148437 0.0458333 0.799285
4 0.423047 0.107639 0.0148437 0.0486111 0.815517
4 0.5875 0.109028 0.015625 0.0486111 0.816989
4 0.533594 0.109028 0.0140625 0.0486111 0.859134
