11 0.651563 0.725 0.0328125 0.0972222 0.255133
4 0.745703 0.920139 0.0226563 0.0486111 0.288765
4 0.945312 0.931944 0.025 0.0444444 0.289005
4 0.683203 0.0284722 0.0164062 0.0402778 0.290886
4 0.451172 0.350694 0.0164062 0.0513889 0.307677
4 0.423438 0.205556 0.0125 0.0444444 0.318785
1 0.649609 0.248611 0.0507812 0.166667 0.319454
6 0.0242187 0.934722 0.034375 0.0805556 0.330961
10 0.450781 0.347917 0.0171875 0.0513889 0.37777
6 0.199219 0.853472 0.046875 0.106944 0.39629
3 0.76875 0.0659722 0.0359375 0.120833 0.396542
12 0.201172 0.852778 0.0429688 0.1 0.444678
4 0.451562 0.15625 0.0140625 0.0486111 0.567407
10 0.396875 0.353472 0.015625 0.0486111 0.591215
6 0.0429688 0.932639 0.0390625 0.0847222 0.60793
4 0.844531 0.886111 0.0265625 0.0416667 0.619045
4 0.560547 0.10625 0.0148437 0.0486111 0.667749
4 0.450781 0.0583333 0.0171875 0.0416667 0.712142
4 0.450781 0.107639 0.0140625 0.0513889 0.738668
4 0.587109 0.108333 0.0148437 0.05 0.754976
10 0.491406 0.754167 0.034375 0.116667 0.764655
4 0.533594 0.108333 0.0140625 0.0472222 0.810029
4 0.396094 0.158333 0.0140625 0.0527778 0.813546
11 0.590625 0.802778 0.0484375 0.161111 0.828454
