9 0.333984 0.726389 0.0445312 0.15 0.252879
4 0.449609 0.0798611 0.0164062 0.0791667 0.26527
4 0.560156 0.0576389 0.0203125 0.0458333 0.302914
1 0.476172 0.0486111 0.0195312 0.05 0.352981
10 0.528906 0.775694 0.0328125 0.0958333 0.36087
3 0.710156 0.108333 0.0515625 0.180556 0.373494
4 0.746094 0.919444 0.021875 0.0555556 0.382174
4 0.397656 0.0673611 0.0171875 0.109722 0.38462
11 0.589453 0.805556 0.0476562 0.144444 0.388188
11 0.642969 0.726389 0.046875 0.147222 0.401101
10 0.423828 0.358333 0.0132813 0.0472222 0.405318
7 0.647656 0.724306 0.0421875 0.143056 0.407553
4 0.843359 0.885417 0.0242187 0.0347222 0.419479
4 0.945312 0.931944 0.0234375 0.0444444 0.421371
3 0.7625 0.253472 0.0578125 0.176389 0.434523
1 0.835547 0.58125 0.0570313 0.143056 0.476893
10 0.51875 0.665278 0.0328125 0.113889 0.534312
1 0.653906 0.254167 0.05625 0.186111 0.577692
1 0.533594 0.129861 0.01875 0.0819444 0.621062
1 0.709766 0.113889 0.0523437 0.197222 0.64671
4 0.533203 0.113194 0.0148437 0.0541667 0.665255
4 0.50625 0.0604167 0.01875 0.0486111 0.688805
10 0.478125 0.378472 0.01875 0.0736111 0.727013
8 0.589844 0.806944 0.04375 0.15 0.730771
4 0.560547 0.109028 0.0148437 0.0486111 0.734408
4 0.450391 0.158333 0.0164062 0.05 0.744492
4 0.45 0.109028 0.015625 0.0486111 0.755998
4 0.5875 0.110417 0.015625 0.0513889 0.789332
4 0.395703 0.111806 0.0148437 0.0486111 0.812773
4 0.423438 0.109028 0.015625 0.0486111 0.853821
