3 0.714063 0.106944 0.0484375 0.169444 0.255065
4 0.505859 0.0576389 0.0195312 0.0541667 0.264526
10 0.415625 0.717361 0.0453125 0.156944 0.279955
10 0.232422 0.863194 0.0414063 0.145833 0.326205
4 0.45 0.0625 0.015625 0.0638889 0.327744
10 0.423438 0.357639 0.0125 0.0458333 0.357931
10 0.397266 0.354861 0.0148437 0.0541667 0.371462
3 0.451172 0.157639 0.0164062 0.0486111 0.377775
3 0.761328 0.0527778 0.0242187 0.0944444 0.398354
4 0.417578 0.0194444 0.0179687 0.0361111 0.411332
4 0.451172 0.157639 0.0164062 0.0486111 0.451689
10 0.528125 0.758333 0.0328125 0.136111 0.513822
4 0.450391 0.106944 0.0164062 0.05 0.572036
4 0.397266 0.0527778 0.0179687 0.0944444 0.580066
8 0.5875 0.808333 0.0390625 0.147222 0.688798
4 0.560547 0.107639 0.0148437 0.0486111 0.711122
4 0.396094 0.110417 0.015625 0.0458333 0.781506
4 0.533203 0.111806 0.0148437 0.0541667 0.782818
4 0.5875 0.109722 0.015625 0.05 0.793806
4 0.423438 0.107639 0.015625 0.0513889 0.803106
