3 0.759766 0.0631944 0.0210938 0.101389 0.276433
4 0.50625 0.0604167 0.01875 0.0458333 0.312165
3 0.505859 0.0604167 0.0179687 0.0458333 0.313689
4 0.423438 0.20625 0.0125 0.0430556 0.331606
4 0.560156 0.0590278 0.01875 0.0458333 0.352776
4 0.845312 0.886111 0.0265625 0.0416667 0.366255
4 0.451172 0.15625 0.0148437 0.0486111 0.378855
10 0.397266 0.354167 0.0148437 0.05 0.447045
10 0.604297 0.709028 0.0335938 0.140278 0.470124
3 0.651172 0.259722 0.0570313 0.163889 0.582773
10 0.469531 0.645139 0.028125 0.0791667 0.638858
11 0.491406 0.759028 0.034375 0.123611 0.683866
4 0.450391 0.109722 0.0148437 0.05 0.719479
4 0.560938 0.106944 0.015625 0.05 0.73698
8 0.591016 0.808333 0.0445312 0.152778 0.739063
4 0.395703 0.158333 0.0148437 0.0527778 0.818617
4 0.5875 0.109722 0.015625 0.05 0.837749
4 0.533594 0.109722 0.015625 0.0472222 0.88255
