4 0.846094 0.891667 0.0296875 0.0555556 0.267417
11 0.594141 0.804167 0.0476562 0.152778 0.268321
1 0.534766 0.204861 0.0179687 0.0513889 0.271413
1 0.451172 0.159722 0.0148437 0.0444444 0.299965
4 0.450781 0.15625 0.0140625 0.0486111 0.308455
4 0.423438 0.20625 0.0125 0.0430556 0.30989
3 0.505859 0.0604167 0.0179687 0.0458333 0.371546
10 0.603125 0.70625 0.0328125 0.134722 0.420796
10 0.396875 0.354167 0.015625 0.0527778 0.463217
11 0.491797 0.761111 0.0320312 0.119444 0.480128
11 0.230859 0.885417 0.0585938 0.176389 0.55255
3 0.652734 0.261806 0.0570313 0.159722 0.57412
8 0.591016 0.808333 0.0460938 0.155556 0.664937
4 0.45 0.109722 0.0140625 0.05 0.686591
4 0.560938 0.108333 0.015625 0.0472222 0.704066
10 0.468359 0.645833 0.0273438 0.0805556 0.730097
4 0.396094 0.159028 0.0140625 0.0513889 0.798202
4 0.5875 0.109722 0.015625 0.05 0.830044
4 0.533594 0.109722 0.015625 0.0472222 0.883824
