3 0.025 0.392361 0.046875 0.145833 0.251898
11 0.571094 0.690278 0.04375 0.133333 0.292097
12 0.433203 0.847222 0.0257812 0.0222222 0.314491
3 0.669141 0.0847222 0.0335938 0.108333 0.346732
3 0.255469 0.35 0.0546875 0.15 0.35671
12 0.344531 0.847222 0.0265625 0.0194444 0.398452
3 0.275781 0.30625 0.0515625 0.1625 0.453213
10 0.382031 0.844444 0.025 0.025 0.490869
4 0.84375 0.883333 0.025 0.0305556 0.535183
4 0.746094 0.919444 0.021875 0.05 0.63567
9 0.237109 0.865278 0.0304688 0.0833333 0.65679
