4 0.945703 0.931944 0.0242187 0.0444444 0.259134
3 0.969922 0.117361 0.0507812 0.181944 0.265553
11 0.585938 0.804167 0.046875 0.15 0.289417
6 0.972266 0.115972 0.0492188 0.184722 0.292378
4 0.75625 0.0354167 0.0203125 0.0625 0.292514
10 0.419141 0.01875 0.0164062 0.0375 0.310603
4 0.450391 0.0625 0.0164062 0.0611111 0.323005
10 0.423438 0.356944 0.0125 0.0444444 0.37111
1 0.651563 0.241667 0.0578125 0.202778 0.405813
4 0.418359 0.0194444 0.0179687 0.0333333 0.425754
1 0.969141 0.113889 0.0523437 0.177778 0.44008
1 0.705078 0.109028 0.0507812 0.184722 0.441806
1 0.476172 0.0479167 0.0195312 0.0513889 0.441835
4 0.506641 0.0590278 0.0179687 0.0486111 0.480299
4 0.397266 0.0569444 0.0179687 0.1 0.511544
10 0.396875 0.354861 0.015625 0.0541667 0.515078
4 0.451172 0.157639 0.0164062 0.0486111 0.59761
1 0.533594 0.129167 0.01875 0.0805556 0.606781
4 0.844141 0.884722 0.0242187 0.0388889 0.659507
11 0.640625 0.728472 0.0421875 0.134722 0.687722
4 0.532812 0.111806 0.015625 0.0541667 0.697257
7 0.289453 0.356944 0.0570313 0.183333 0.714763
4 0.560547 0.108333 0.0148437 0.05 0.758615
4 0.5875 0.109722 0.015625 0.05 0.793321
4 0.45 0.109028 0.015625 0.0486111 0.795673
4 0.395703 0.111111 0.0148437 0.05 0.806068
8 0.589453 0.806944 0.0429688 0.15 0.81687
4 0.423438 0.108333 0.015625 0.05 0.842615
