10 0.533984 0.359028 0.0148437 0.0430556 0.250257
4 0.560156 0.0583333 0.01875 0.0472222 0.293046
10 0.424219 0.35625 0.0140625 0.0430556 0.320188
3 0.507422 0.355556 0.0195312 0.0472222 0.353782
10 0.0105469 0.245139 0.0195312 0.1625 0.371119
11 0.453516 0.744444 0.0351562 0.136111 0.375799
1 0.966797 0.100694 0.0539063 0.156944 0.43021
4 0.844922 0.884722 0.0242187 0.0388889 0.433949
3 0.979297 0.279861 0.0398437 0.170833 0.445164
4 0.396094 0.0506944 0.0171875 0.0652778 0.452955
9 0.404687 0.692361 0.040625 0.151389 0.538001
11 0.490625 0.754167 0.0328125 0.119444 0.595917
4 0.450391 0.161111 0.0148437 0.0444444 0.620471
11 0.591406 0.808333 0.04375 0.15 0.654761
4 0.560938 0.108333 0.015625 0.0472222 0.669123
4 0.45 0.109028 0.0140625 0.0458333 0.727404
4 0.395703 0.110417 0.0148437 0.0458333 0.784731
4 0.423047 0.107639 0.0148437 0.0486111 0.793105
4 0.5875 0.109028 0.015625 0.0486111 0.794435
4 0.533594 0.109028 0.0140625 0.0486111 0.861716
