1 0.659375 0.240278 0.0640625 0.191667 0.261605
6 0.896484 0.895139 0.0367187 0.0569444 0.270749
11 0.323438 0.613889 0.0578125 0.177778 0.275413
10 0.419141 0.0173611 0.0164062 0.0347222 0.278391
10 0.505859 0.253472 0.0148437 0.0402778 0.293399
4 0.746094 0.920139 0.021875 0.0541667 0.298579
4 0.587891 0.0576389 0.0179687 0.0458333 0.302371
10 0.396484 0.04375 0.0179687 0.0597222 0.306633
4 0.50625 0.211806 0.015625 0.0597222 0.310913
10 0.422656 0.201389 0.0140625 0.0472222 0.318208
10 0.476953 0.379861 0.0179687 0.0736111 0.319818
3 0.45 0.155556 0.01875 0.0444444 0.32095
10 0.560938 0.354861 0.015625 0.0513889 0.322161
9 0.417188 0.714583 0.04375 0.151389 0.329767
6 0.973828 0.0416667 0.0445312 0.0611111 0.331283
10 0.533984 0.35625 0.0148437 0.0458333 0.34047
4 0.944531 0.93125 0.0234375 0.0458333 0.340864
10 0.423828 0.35625 0.0148437 0.0513889 0.369027
1 0.450391 0.156944 0.0179687 0.0444444 0.388202
1 0.969922 0.0951389 0.0554687 0.1625 0.404922
10 0.396875 0.354861 0.015625 0.0541667 0.419569
7 0.323047 0.613889 0.0664062 0.191667 0.459775
4 0.396875 0.0590278 0.0171875 0.101389 0.472866
1 0.840625 0.604167 0.0546875 0.172222 0.549218
4 0.533594 0.113194 0.015625 0.0486111 0.575906
4 0.45 0.1125 0.015625 0.0527778 0.588676
1 0.533203 0.133333 0.0179687 0.075 0.59415
4 0.396094 0.110417 0.015625 0.0458333 0.797333
4 0.587891 0.109028 0.0164062 0.0486111 0.800294
4 0.423438 0.107639 0.015625 0.0486111 0.825711
4 0.561328 0.110417 0.0148437 0.0458333 0.833391
4 0.477734 0.109722 0.0164062 0.05 0.8799
