3 0.709375 0.1125 0.053125 0.175 0.25583
1 0.860547 0.481944 0.0601562 0.172222 0.257382
10 0.424219 0.357639 0.0125 0.0458333 0.288894
11 0.590234 0.802083 0.0445312 0.154167 0.290238
4 0.398438 0.0409722 0.01875 0.0736111 0.290751
4 0.45 0.0618056 0.0140625 0.0569444 0.290792
4 0.397656 0.0770833 0.015625 0.104167 0.291081
9 0.466016 0.699306 0.0429688 0.159722 0.291105
4 0.944922 0.931944 0.0242187 0.0444444 0.314724
4 0.844141 0.884722 0.0257812 0.0388889 0.345563
4 0.756641 0.0368056 0.0195312 0.0652778 0.400931
1 0.476953 0.0451389 0.0179687 0.0569444 0.403168
1 0.50625 0.254861 0.01875 0.0458333 0.425722
4 0.746484 0.920139 0.0195312 0.0486111 0.436343
1 0.656641 0.263889 0.0585938 0.169444 0.480074
1 0.708984 0.114583 0.0492188 0.190278 0.483162
1 0.960547 0.104167 0.0554687 0.180556 0.487624
7 0.644531 0.725 0.040625 0.133333 0.509277
4 0.507031 0.0590278 0.0171875 0.0486111 0.606322
1 0.832031 0.615972 0.05625 0.179167 0.606832
4 0.560938 0.108333 0.015625 0.0472222 0.740722
11 0.641406 0.727778 0.04375 0.138889 0.760936
4 0.451172 0.157639 0.0164062 0.0486111 0.766066
8 0.587109 0.806944 0.0429688 0.15 0.778633
4 0.45 0.108333 0.015625 0.0472222 0.783997
4 0.396094 0.110417 0.015625 0.0458333 0.823469
4 0.587891 0.110417 0.0164062 0.0486111 0.839762
4 0.423828 0.108333 0.0148437 0.05 0.842939
4 0.533594 0.110417 0.015625 0.0486111 0.877078
