4 0.45 0.0618056 0.0140625 0.0569444 0.257062
4 0.746094 0.920833 0.0203125 0.05 0.261484
1 0.476953 0.0416667 0.0179687 0.0638889 0.271714
4 0.449609 0.0847222 0.0148437 0.0777778 0.275131
4 0.688281 0.0222222 0.021875 0.0388889 0.292947
4 0.942187 0.929861 0.025 0.0486111 0.295626
4 0.506641 0.209722 0.0148437 0.0527778 0.341386
8 0.594141 0.803472 0.0476562 0.154167 0.371392
10 0.477344 0.377778 0.0203125 0.0805556 0.379916
10 0.397266 0.354167 0.0148437 0.0555556 0.384426
4 0.396484 0.0444444 0.0164062 0.0555556 0.395074
10 0.423828 0.357639 0.0132813 0.0458333 0.404657
4 0.533203 0.113194 0.0148437 0.0569444 0.411466
1 0.964844 0.102083 0.0515625 0.159722 0.420336
4 0.532812 0.04375 0.015625 0.0625 0.461633
10 0.521484 0.6625 0.0335938 0.113889 0.489273
6 0.724609 0.025 0.0335938 0.0444444 0.497524
1 0.829687 0.595139 0.0546875 0.151389 0.575303
4 0.560938 0.0555556 0.0171875 0.0388889 0.59727
4 0.451172 0.156944 0.0148437 0.0472222 0.629144
11 0.647656 0.729861 0.04375 0.140278 0.681691
1 0.533984 0.129861 0.0179687 0.0819444 0.683879
4 0.45 0.10625 0.015625 0.0458333 0.747378
4 0.560547 0.109028 0.0148437 0.0486111 0.765024
4 0.423438 0.107639 0.015625 0.0486111 0.813485
4 0.5875 0.109028 0.015625 0.0486111 0.831489
4 0.396094 0.111111 0.0140625 0.0472222 0.843318
