11 0.594141 0.804167 0.0476562 0.152778 0.265529
4 0.846094 0.891667 0.0296875 0.0555556 0.268898
1 0.534766 0.204167 0.0179687 0.05 0.2767
1 0.451172 0.159722 0.0148437 0.0444444 0.292961
4 0.423438 0.20625 0.0125 0.0430556 0.301549
4 0.450781 0.15625 0.0140625 0.0486111 0.331429
3 0.505859 0.0604167 0.0179687 0.0458333 0.37968
10 0.603125 0.706944 0.0328125 0.133333 0.413994
10 0.396875 0.354167 0.015625 0.0527778 0.442062
11 0.491797 0.761111 0.0320312 0.119444 0.462003
11 0.230078 0.885417 0.0585938 0.176389 0.549467
3 0.652344 0.2625 0.05625 0.158333 0.567993
8 0.591016 0.808333 0.0460938 0.155556 0.662951
4 0.45 0.109722 0.0140625 0.05 0.683561
4 0.560938 0.108333 0.015625 0.0472222 0.70371
10 0.468359 0.646528 0.0273438 0.0819444 0.733576
4 0.396094 0.159028 0.0140625 0.0513889 0.800171
4 0.5875 0.109722 0.015625 0.05 0.833198
4 0.533594 0.109722 0.015625 0.0472222 0.884079
