4 0.505469 0.0597222 0.01875 0.0472222 0.252558
4 0.559766 0.0583333 0.0195312 0.0444444 0.255401
1 0.122656 0.945833 0.0625 0.108333 0.259831
4 0.423047 0.213194 0.0148437 0.0680556 0.268542
10 0.397266 0.353472 0.0148437 0.0486111 0.360852
4 0.846484 0.892361 0.0304688 0.0569444 0.369414
10 0.605078 0.710417 0.0335938 0.140278 0.409946
11 0.491406 0.759722 0.034375 0.125 0.440499
4 0.450781 0.15625 0.0140625 0.0486111 0.465728
8 0.591016 0.808333 0.0445312 0.152778 0.516037
10 0.469141 0.645833 0.0273438 0.0805556 0.669773
4 0.45 0.109722 0.0140625 0.05 0.710093
4 0.560938 0.107639 0.015625 0.0486111 0.723763
3 0.657812 0.2625 0.0625 0.188889 0.726446
4 0.395703 0.159028 0.0148437 0.0513889 0.81569
4 0.5875 0.109722 0.015625 0.05 0.820595
4 0.533594 0.109722 0.015625 0.0472222 0.877542
