7 0.96875 0.0895833 0.05 0.156944 0.254626
6 0.896094 0.895833 0.0359375 0.0555556 0.266593
10 0.422656 0.201389 0.0140625 0.0472222 0.29099
4 0.944922 0.93125 0.0242187 0.0458333 0.310106
3 0.45 0.154167 0.01875 0.0472222 0.311606
4 0.397656 0.0666667 0.0171875 0.105556 0.341473
1 0.450781 0.15625 0.0171875 0.0458333 0.402338
10 0.396875 0.354861 0.015625 0.0569444 0.40628
1 0.837891 0.602778 0.0585938 0.177778 0.438262
4 0.50625 0.0458333 0.0171875 0.0611111 0.450773
4 0.533203 0.113194 0.0164062 0.0513889 0.482739
4 0.589453 0.0479167 0.0179687 0.0541667 0.547112
10 0.477344 0.377083 0.01875 0.0791667 0.564465
4 0.45 0.113889 0.015625 0.0527778 0.582611
1 0.533594 0.134722 0.01875 0.0777778 0.608734
1 0.966797 0.0993056 0.0539063 0.170833 0.670207
4 0.396094 0.109722 0.015625 0.0472222 0.801272
4 0.587891 0.109028 0.0164062 0.0486111 0.808944
4 0.561328 0.109722 0.0148437 0.0444444 0.823657
4 0.423438 0.108333 0.015625 0.05 0.826777
4 0.477734 0.109722 0.0164062 0.05 0.868145
