1 0.474609 0.0201389 0.0195312 0.0291667 0.297078
1 0.197656 0.845139 0.0484375 0.154167 0.304139
4 0.745313 0.920833 0.0203125 0.05 0.310106
11 0.198828 0.847222 0.0476562 0.147222 0.312079
11 0.278125 0.899306 0.0546875 0.156944 0.332862
4 0.560156 0.0569444 0.01875 0.0444444 0.3344
1 0.823438 0.594444 0.0515625 0.125 0.341928
4 0.418359 0.0194444 0.0179687 0.0333333 0.344251
4 0.450781 0.0618056 0.015625 0.0569444 0.365992
1 0.757422 0.0902778 0.0226563 0.102778 0.383975
4 0.684375 0.0284722 0.01875 0.0458333 0.441107
10 0.617188 0.717361 0.03125 0.0930556 0.502982
4 0.396484 0.0444444 0.0179687 0.0638889 0.561376
4 0.451562 0.158333 0.0171875 0.0472222 0.634613
4 0.450781 0.108333 0.015625 0.05 0.643012
4 0.533203 0.111111 0.0148437 0.0555556 0.667776
8 0.589453 0.809722 0.0445312 0.15 0.678243
10 0.530859 0.778472 0.0289063 0.0902778 0.683394
4 0.560938 0.107639 0.015625 0.0513889 0.698577
1 0.533594 0.13125 0.01875 0.0847222 0.717012
4 0.396094 0.111111 0.015625 0.0472222 0.79606
4 0.423438 0.107639 0.015625 0.0513889 0.803368
4 0.587891 0.109028 0.0164062 0.0513889 0.816533
