1 0.837891 0.584722 0.0523437 0.141667 0.26346
9 0.416406 0.713889 0.0453125 0.15 0.269783
4 0.422656 0.249306 0.0140625 0.0513889 0.28369
4 0.746094 0.920833 0.0203125 0.05 0.290959
11 0.520312 0.670833 0.0328125 0.136111 0.303461
10 0.505859 0.254167 0.0148437 0.0361111 0.314395
1 0.719141 0.114583 0.0492188 0.1875 0.345292
6 0.976953 0.0368056 0.0398437 0.0625 0.38082
10 0.423047 0.357639 0.0132813 0.0458333 0.383518
4 0.942187 0.929861 0.0234375 0.0486111 0.385618
10 0.521094 0.660417 0.0296875 0.1125 0.393852
8 0.59375 0.8 0.046875 0.158333 0.421431
4 0.396484 0.0444444 0.0164062 0.0583333 0.425576
1 0.960938 0.1 0.0515625 0.161111 0.426241
4 0.532812 0.0444444 0.015625 0.0611111 0.435355
10 0.507422 0.744444 0.0289063 0.0944444 0.444622
10 0.477344 0.377083 0.01875 0.0763889 0.459153
10 0.396484 0.354167 0.0148437 0.0527778 0.466601
4 0.844531 0.885417 0.0234375 0.0402778 0.490428
6 0.723828 0.0229167 0.0351562 0.0402778 0.521695
4 0.505469 0.20625 0.0140625 0.0402778 0.523856
11 0.575391 0.704861 0.0351562 0.126389 0.553398
10 0.450391 0.155556 0.0148437 0.0444444 0.554533
10 0.575391 0.703472 0.0351562 0.126389 0.563433
1 0.476172 0.0375 0.0195312 0.0638889 0.584038
4 0.560547 0.0555556 0.0179687 0.0388889 0.590285
11 0.649609 0.722917 0.0398437 0.131944 0.630035
4 0.45 0.104861 0.015625 0.0458333 0.686376
1 0.533203 0.131944 0.0179687 0.0805556 0.7278
4 0.560156 0.109028 0.0140625 0.0486111 0.788588
4 0.423047 0.107639 0.0164062 0.0513889 0.813343
4 0.476953 0.109028 0.0148437 0.0486111 0.825675
4 0.5875 0.108333 0.015625 0.0472222 0.835688
4 0.395703 0.110417 0.0148437 0.0486111 0.850162
