10 0.41875 0.0173611 0.0171875 0.0347222 0.296092
11 0.644922 0.727083 0.0398437 0.134722 0.309995
1 0.450391 0.158333 0.0195312 0.0444444 0.350912
10 0.50625 0.255556 0.015625 0.0388889 0.358418
4 0.942187 0.929861 0.025 0.0486111 0.374687
1 0.560156 0.102778 0.0171875 0.0555556 0.376828
8 0.477734 0.377083 0.0195312 0.0791667 0.384178
10 0.0105469 0.24375 0.0195312 0.156944 0.39957
4 0.559766 0.0576389 0.0179687 0.0430556 0.467126
4 0.397656 0.0576389 0.0171875 0.0986111 0.468037
4 0.587891 0.05625 0.0179687 0.0430556 0.48659
3 0.6625 0.25 0.06875 0.186111 0.509855
4 0.505469 0.0472222 0.0171875 0.0583333 0.523526
3 0.450391 0.15625 0.0195312 0.0458333 0.527909
1 0.9625 0.104167 0.0515625 0.166667 0.558066
10 0.477734 0.376389 0.0195312 0.0777778 0.573423
4 0.45 0.1125 0.015625 0.0527778 0.613188
4 0.560547 0.109028 0.0148437 0.0486111 0.7373
1 0.837891 0.606944 0.0570313 0.169444 0.760768
10 0.533984 0.384722 0.0195312 0.0694444 0.779641
4 0.396094 0.110417 0.015625 0.0458333 0.785219
4 0.5875 0.109722 0.0171875 0.05 0.809798
4 0.423438 0.108333 0.015625 0.05 0.825969
4 0.533594 0.110417 0.015625 0.0486111 0.863449
4 0.477734 0.109028 0.0164062 0.0513889 0.872897
