10 0.527734 0.770139 0.0335938 0.101389 0.257862
9 0.398828 0.650694 0.0398437 0.126389 0.266831
4 0.450391 0.0611111 0.0148437 0.0555556 0.280767
4 0.745703 0.919444 0.0210938 0.05 0.287952
4 0.417578 0.01875 0.0164062 0.0319444 0.294188
4 0.945312 0.931944 0.025 0.0444444 0.29978
10 0.416797 0.0173611 0.0164062 0.0347222 0.320314
10 0.423828 0.358333 0.0132813 0.0472222 0.341905
11 0.587109 0.806944 0.0476562 0.141667 0.356513
10 0.450781 0.297222 0.0125 0.0472222 0.381425
1 0.476562 0.0472222 0.01875 0.0527778 0.391941
1 0.657812 0.26875 0.0625 0.1625 0.4367
4 0.397656 0.0597222 0.0171875 0.102778 0.442292
4 0.451172 0.157639 0.0164062 0.0486111 0.564082
11 0.641016 0.727778 0.0445312 0.136111 0.599513
4 0.844531 0.882639 0.025 0.0347222 0.616824
1 0.533984 0.129861 0.0179687 0.0819444 0.624035
1 0.963281 0.107639 0.053125 0.170833 0.629009
4 0.507031 0.0583333 0.01875 0.05 0.640383
4 0.533203 0.1125 0.0148437 0.0555556 0.651285
1 0.707812 0.113889 0.053125 0.197222 0.673195
4 0.560547 0.108333 0.0148437 0.05 0.706144
8 0.589063 0.806944 0.04375 0.147222 0.738094
10 0.477734 0.377778 0.0195312 0.075 0.740918
4 0.45 0.108333 0.015625 0.0472222 0.769109
4 0.5875 0.109722 0.015625 0.05 0.786853
4 0.396094 0.110417 0.015625 0.0458333 0.817734
4 0.423438 0.108333 0.015625 0.05 0.834486
