10 0.396875 0.0444444 0.01875 0.0583333 0.26185
1 0.450391 0.157639 0.0195312 0.0458333 0.274137
4 0.751953 0.91875 0.0195312 0.0486111 0.280909
4 0.506641 0.213194 0.0148437 0.0625 0.285103
10 0.417188 0.0173611 0.0171875 0.0347222 0.290996
10 0.505859 0.254167 0.0148437 0.0416667 0.328506
9 0.416406 0.713194 0.0453125 0.156944 0.353691
10 0.396875 0.355556 0.015625 0.0583333 0.359182
8 0.477734 0.377778 0.0195312 0.0805556 0.369281
4 0.397266 0.06875 0.0179687 0.106944 0.377908
4 0.945312 0.931944 0.0234375 0.0444444 0.391763
4 0.844141 0.885417 0.0242187 0.0402778 0.446548
1 0.533203 0.15 0.0179687 0.0555556 0.488009
1 0.841016 0.613889 0.0617188 0.183333 0.490837
3 0.45 0.155556 0.01875 0.0472222 0.491014
4 0.45 0.1125 0.015625 0.0527778 0.624366
4 0.533203 0.1125 0.0148437 0.05 0.628661
1 0.960547 0.101389 0.0539063 0.172222 0.648457
10 0.477734 0.375694 0.0195312 0.0791667 0.706557
4 0.396094 0.111111 0.015625 0.0472222 0.798357
4 0.587891 0.109028 0.0164062 0.0486111 0.801762
4 0.560938 0.110417 0.015625 0.0458333 0.826682
4 0.423438 0.109028 0.015625 0.0486111 0.830124
10 0.533594 0.382639 0.0203125 0.0736111 0.832867
4 0.477344 0.109028 0.0171875 0.0513889 0.875316
