4 0.757812 0.03125 0.0171875 0.0569444 0.256404
10 0.418359 0.01875 0.0179687 0.0375 0.271817
4 0.451562 0.134028 0.015625 0.0819444 0.288717
3 0.715234 0.115278 0.0476562 0.186111 0.297324
4 0.506641 0.0569444 0.0195312 0.0555556 0.318306
3 0.657031 0.249306 0.0640625 0.179167 0.320789
4 0.418359 0.0194444 0.0179687 0.0361111 0.329054
11 0.646094 0.720139 0.034375 0.118056 0.368123
4 0.684375 0.0256944 0.0171875 0.0430556 0.370066
3 0.451172 0.157639 0.0179687 0.0513889 0.400795
4 0.397656 0.0597222 0.0171875 0.102778 0.449338
4 0.451562 0.157639 0.0171875 0.0513889 0.457079
4 0.450391 0.0625 0.0164062 0.0611111 0.457116
1 0.758203 0.136111 0.0289063 0.122222 0.471895
10 0.397266 0.354167 0.0164062 0.0555556 0.496021
1 0.533594 0.132639 0.01875 0.0791667 0.532238
4 0.844922 0.884028 0.0257812 0.0402778 0.601705
4 0.450391 0.107639 0.0164062 0.0513889 0.648268
10 0.530078 0.777778 0.0304688 0.0916667 0.661307
8 0.588672 0.808333 0.0429688 0.147222 0.667962
4 0.533203 0.111806 0.0164062 0.0541667 0.72833
4 0.560938 0.108333 0.015625 0.05 0.760714
4 0.5875 0.109722 0.0171875 0.05 0.798352
4 0.423438 0.107639 0.015625 0.0513889 0.805239
4 0.396484 0.109722 0.0164062 0.0472222 0.809277
