7 0.492188 0.759028 0.034375 0.118056 0.260025
1 0.656641 0.15 0.0507812 0.188889 0.276303
1 0.972656 0.124306 0.0515625 0.201389 0.28236
3 0.507422 0.355556 0.0195312 0.0472222 0.295641
11 0.532422 0.774306 0.0335938 0.104167 0.311824
10 0.0109375 0.245833 0.0203125 0.163889 0.326571
10 0.532812 0.776389 0.03125 0.0972222 0.327002
4 0.533594 0.204167 0.015625 0.05 0.336296
10 0.423438 0.356944 0.0140625 0.0416667 0.354363
12 0.407031 0.68125 0.040625 0.145833 0.356409
9 0.404297 0.692361 0.0414063 0.154167 0.37684
3 0.971484 0.136806 0.0507812 0.204167 0.387862
4 0.397266 0.0402778 0.0179687 0.0666667 0.400779
4 0.844922 0.883333 0.0242187 0.0388889 0.430091
4 0.451172 0.156944 0.0164062 0.0472222 0.49808
4 0.560156 0.05625 0.01875 0.0430556 0.51721
1 0.533984 0.124306 0.0164062 0.0736111 0.52032
10 0.396875 0.354167 0.015625 0.05 0.531465
11 0.591797 0.809028 0.0445312 0.148611 0.591652
3 0.979688 0.285417 0.040625 0.165278 0.600304
4 0.45 0.108333 0.0140625 0.0472222 0.712038
11 0.492188 0.758333 0.0328125 0.122222 0.717656
4 0.560547 0.106944 0.0148437 0.05 0.734256
4 0.533203 0.109722 0.0148437 0.0527778 0.758517
4 0.396094 0.111806 0.0140625 0.0486111 0.80022
4 0.5875 0.109028 0.015625 0.0486111 0.813884
4 0.423047 0.107639 0.0148437 0.0486111 0.816603
