1 0.534375 0.15 0.0171875 0.0472222 0.250775
11 0.589063 0.808333 0.04375 0.15 0.259729
10 0.423828 0.357639 0.0132813 0.0402778 0.265447
4 0.560156 0.0569444 0.01875 0.0444444 0.299629
10 0.557422 0.813194 0.0367187 0.115278 0.30159
4 0.417969 0.01875 0.0171875 0.0319444 0.310914
3 0.968359 0.288194 0.0539063 0.170833 0.344497
8 0.591406 0.811806 0.0421875 0.154167 0.365736
10 0.00859375 0.248611 0.015625 0.158333 0.406379
1 0.473437 0.0208333 0.0203125 0.0277778 0.409829
1 0.533984 0.122222 0.0164062 0.0694444 0.462648
10 0.396875 0.354861 0.015625 0.0486111 0.528459
4 0.397266 0.0541667 0.0164062 0.0916667 0.552043
4 0.451953 0.158333 0.0164062 0.0472222 0.642903
4 0.560938 0.106944 0.015625 0.05 0.661746
4 0.844531 0.886111 0.0234375 0.0416667 0.709939
4 0.450391 0.108333 0.0148437 0.0472222 0.720487
10 0.530469 0.778472 0.0296875 0.0930556 0.728661
4 0.533203 0.109722 0.0148437 0.0527778 0.752241
11 0.489453 0.754167 0.0367187 0.125 0.772675
4 0.5875 0.108333 0.015625 0.05 0.779658
4 0.396484 0.111806 0.0148437 0.0486111 0.79692
4 0.423438 0.107639 0.015625 0.0513889 0.807159
3 0.964063 0.494444 0.0671875 0.197222 0.890435
