1 0.505859 0.254861 0.0179687 0.0458333 0.259243
4 0.754297 0.0361111 0.0226563 0.0638889 0.260639
4 0.678906 0.0236111 0.0171875 0.0388889 0.262086
4 0.945312 0.931944 0.0234375 0.0444444 0.293929
1 0.657812 0.246528 0.0625 0.179167 0.302839
7 0.644531 0.717361 0.03125 0.115278 0.313095
4 0.473437 0.0180556 0.0171875 0.025 0.319417
3 0.762109 0.0909722 0.0398437 0.151389 0.324507
10 0.423828 0.357639 0.0132813 0.0458333 0.36891
4 0.414453 0.01875 0.0164062 0.0375 0.370304
11 0.614453 0.760417 0.0367187 0.129167 0.380718
8 0.585938 0.806944 0.0421875 0.15 0.496777
4 0.450391 0.0590278 0.0148437 0.0513889 0.499373
4 0.396875 0.0576389 0.0171875 0.101389 0.503355
10 0.397266 0.354167 0.0148437 0.0555556 0.557653
7 0.467578 0.697917 0.0445312 0.165278 0.572473
4 0.560938 0.106944 0.015625 0.0472222 0.628071
4 0.451172 0.157639 0.0164062 0.0486111 0.65122
11 0.644922 0.719444 0.0335938 0.122222 0.672699
9 0.69375 0.635417 0.0328125 0.106944 0.699827
10 0.571094 0.705556 0.028125 0.0944444 0.702522
4 0.450781 0.109028 0.015625 0.0486111 0.709428
4 0.844531 0.883333 0.025 0.0388889 0.716327
4 0.587891 0.109028 0.0164062 0.0486111 0.822806
4 0.423438 0.108333 0.015625 0.05 0.838194
4 0.396094 0.110417 0.015625 0.0458333 0.840596
4 0.533594 0.108333 0.015625 0.0472222 0.879051
