10 0.41875 0.0180556 0.0171875 0.0361111 0.256355
7 0.232812 0.864583 0.05 0.156944 0.25766
4 0.417969 0.0194444 0.0171875 0.0333333 0.26043
11 0.23125 0.873611 0.0546875 0.177778 0.263071
4 0.560156 0.05625 0.01875 0.0430556 0.287636
11 0.255078 0.894444 0.0632813 0.163889 0.292934
4 0.683594 0.0284722 0.0171875 0.0486111 0.344308
1 0.533984 0.126389 0.0179687 0.0722222 0.400533
11 0.589844 0.809028 0.04375 0.148611 0.405477
8 0.591016 0.811806 0.0429688 0.154167 0.421849
4 0.397656 0.0548611 0.0171875 0.0958333 0.471824
10 0.534766 0.357639 0.0148437 0.0430556 0.500042
10 0.397656 0.354167 0.015625 0.05 0.518735
4 0.451953 0.157639 0.0164062 0.0458333 0.639101
4 0.560547 0.106944 0.0148437 0.05 0.644001
4 0.844531 0.885417 0.0234375 0.0402778 0.701979
10 0.530469 0.777778 0.0296875 0.0944444 0.704167
4 0.450391 0.108333 0.0148437 0.0472222 0.732777
4 0.5875 0.108333 0.015625 0.05 0.747982
4 0.423438 0.106944 0.015625 0.05 0.786822
4 0.396484 0.110417 0.0148437 0.0486111 0.795073
4 0.533203 0.109722 0.0148437 0.0527778 0.795646
11 0.489062 0.754167 0.0375 0.127778 0.850575
3 0.963672 0.493056 0.0679687 0.197222 0.891829
