1 0.670703 0.244444 0.0617188 0.188889 0.253104
3 0.450391 0.155556 0.0179687 0.0444444 0.262673
11 0.521094 0.665972 0.0328125 0.123611 0.291493
10 0.423828 0.356944 0.0132813 0.0472222 0.294324
10 0.397266 0.354167 0.0148437 0.0555556 0.294938
1 0.760547 0.142361 0.0367187 0.1375 0.297478
10 0.507031 0.74375 0.0296875 0.0986111 0.299916
11 0.469922 0.663194 0.0320312 0.115278 0.300354
6 0.721484 0.0277778 0.0382813 0.0472222 0.301509
10 0.396875 0.0451389 0.0171875 0.0597222 0.324621
1 0.533203 0.111806 0.0148437 0.0513889 0.354666
1 0.763672 0.243056 0.0539063 0.172222 0.364594
1 0.476562 0.0444444 0.0171875 0.0527778 0.378955
1 0.971875 0.105556 0.053125 0.169444 0.384064
4 0.746094 0.920139 0.021875 0.0541667 0.392761
4 0.397266 0.0604167 0.0164062 0.104167 0.401902
1 0.835547 0.609722 0.0664062 0.177778 0.412662
4 0.945312 0.931944 0.0234375 0.0444444 0.417221
10 0.533984 0.354861 0.0148437 0.0458333 0.420974
1 0.450391 0.157639 0.0179687 0.0430556 0.436222
4 0.842969 0.885417 0.0234375 0.0347222 0.448626
4 0.5875 0.0569444 0.0171875 0.0444444 0.459446
6 0.972656 0.0402778 0.04375 0.0583333 0.482449
7 0.285937 0.354167 0.0609375 0.186111 0.482971
4 0.50625 0.0541667 0.015625 0.0444444 0.501586
10 0.476953 0.378472 0.0179687 0.0736111 0.502025
3 0.971875 0.121528 0.0515625 0.173611 0.524071
4 0.450391 0.111111 0.0148437 0.05 0.648978
1 0.533984 0.132639 0.0179687 0.0847222 0.709538
4 0.396484 0.111806 0.0148437 0.0486111 0.808805
4 0.560938 0.108333 0.0140625 0.0472222 0.809978
4 0.423438 0.107639 0.015625 0.0486111 0.826173
4 0.587891 0.107639 0.0164062 0.0486111 0.845718
4 0.477734 0.108333 0.0164062 0.05 0.87685
