10 0.517578 0.676389 0.0304688 0.1 0.263085
4 0.941797 0.930556 0.0289063 0.0472222 0.265564
7 0.401953 0.685417 0.0398437 0.151389 0.28053
1 0.534766 0.204861 0.0179687 0.0513889 0.290783
4 0.560547 0.0583333 0.0179687 0.0444444 0.294834
1 0.451172 0.159722 0.0148437 0.0444444 0.307348
4 0.845312 0.884722 0.0265625 0.0388889 0.309593
4 0.451562 0.15625 0.015625 0.0486111 0.317667
1 0.661719 0.259028 0.0640625 0.168056 0.319086
11 0.232031 0.877083 0.05625 0.168056 0.326628
10 0.602734 0.706944 0.0335938 0.144444 0.349959
9 0.400391 0.69375 0.0398437 0.154167 0.359078
11 0.433594 0.706944 0.0359375 0.116667 0.366749
11 0.592578 0.802778 0.0476562 0.152778 0.375112
10 0.396875 0.354167 0.0140625 0.05 0.380384
3 0.50625 0.0604167 0.0171875 0.0458333 0.40809
4 0.423438 0.205556 0.0125 0.0416667 0.416795
8 0.590234 0.80625 0.0460938 0.154167 0.480732
10 0.219141 0.358333 0.0210938 0.0833333 0.543511
11 0.491016 0.757639 0.0335938 0.120833 0.550595
10 0.491016 0.758333 0.0335938 0.119444 0.558747
4 0.560938 0.110417 0.015625 0.0486111 0.704028
4 0.450391 0.109722 0.0148437 0.05 0.749707
4 0.395703 0.158333 0.0148437 0.0527778 0.84148
4 0.587891 0.109722 0.0164062 0.0472222 0.860049
4 0.533984 0.109722 0.0148437 0.0472222 0.887824
