1 0.476953 0.203472 0.0148437 0.0430556 0.266703
3 0.508203 0.354167 0.0195312 0.0472222 0.270167
6 0.00664063 0.19375 0.0117188 0.0986111 0.27779
3 0.765625 0.0534722 0.028125 0.0958333 0.321593
4 0.559375 0.0569444 0.01875 0.0472222 0.363366
3 0.714063 0.1 0.05 0.158333 0.368316
4 0.397266 0.0381944 0.0179687 0.0680556 0.431028
3 0.652344 0.255556 0.059375 0.169444 0.500876
10 0.396875 0.354167 0.015625 0.05 0.542365
4 0.844531 0.884722 0.025 0.0388889 0.55294
4 0.451172 0.160417 0.0148437 0.0430556 0.654861
11 0.589453 0.809722 0.0414063 0.144444 0.657457
11 0.489453 0.753472 0.0351562 0.126389 0.710922
4 0.560938 0.106944 0.015625 0.05 0.711414
4 0.45 0.107639 0.0140625 0.0458333 0.781908
4 0.396875 0.110417 0.0140625 0.0486111 0.788384
4 0.423438 0.106944 0.0140625 0.05 0.792817
4 0.5875 0.108333 0.015625 0.05 0.803814
4 0.533594 0.108333 0.0140625 0.0472222 0.855882
