11 0.294922 0.357639 0.0585938 0.168056 0.258806
1 0.761328 0.157639 0.0382813 0.140278 0.263573
10 0.418359 0.710417 0.0382813 0.1375 0.284324
10 0.506641 0.743056 0.0304688 0.102778 0.286962
11 0.470313 0.663889 0.0328125 0.119444 0.289618
10 0.505859 0.254167 0.0148437 0.0388889 0.305754
1 0.770703 0.231944 0.0320312 0.125 0.311059
4 0.506641 0.210417 0.0148437 0.0569444 0.316151
11 0.592188 0.8 0.046875 0.155556 0.337544
9 0.592188 0.799306 0.0421875 0.154167 0.339097
1 0.476562 0.0451389 0.0171875 0.0541667 0.342635
4 0.945312 0.931944 0.0234375 0.0444444 0.384027
6 0.719531 0.0284722 0.0359375 0.0458333 0.407611
4 0.397266 0.0611111 0.0164062 0.105556 0.411335
3 0.45 0.155556 0.01875 0.0444444 0.422946
10 0.423828 0.356944 0.0132813 0.0472222 0.42957
4 0.5875 0.0569444 0.0171875 0.0444444 0.436503
10 0.477734 0.375694 0.0195312 0.0763889 0.449574
1 0.450391 0.157639 0.0179687 0.0430556 0.456897
1 0.958984 0.0868056 0.0601562 0.148611 0.530564
4 0.533203 0.111806 0.0148437 0.0541667 0.543563
4 0.505859 0.0541667 0.0164062 0.05 0.551369
8 0.590234 0.802083 0.0429688 0.154167 0.561131
4 0.45 0.111806 0.015625 0.0513889 0.6328
1 0.533594 0.129167 0.0171875 0.0805556 0.655694
10 0.396875 0.354167 0.015625 0.0527778 0.692055
4 0.560938 0.109028 0.0140625 0.0486111 0.797404
4 0.396094 0.109722 0.015625 0.0472222 0.809448
4 0.587891 0.108333 0.0164062 0.05 0.824312
4 0.423438 0.108333 0.015625 0.05 0.841583
4 0.477734 0.109028 0.0164062 0.0513889 0.870684
