10 0.416797 0.0173611 0.0164062 0.0347222 0.254889
10 0.423438 0.357639 0.0140625 0.0486111 0.271445
3 0.759766 0.0611111 0.0226563 0.108333 0.285767
9 0.415625 0.713889 0.04375 0.152778 0.302303
4 0.746094 0.920139 0.021875 0.0541667 0.307366
8 0.477734 0.377778 0.0195312 0.0805556 0.327211
1 0.760156 0.0784722 0.0265625 0.126389 0.33408
4 0.50625 0.2125 0.015625 0.0611111 0.337602
10 0.505859 0.254167 0.0148437 0.0416667 0.345239
4 0.844141 0.884722 0.0242187 0.0388889 0.346492
3 0.194141 0.931944 0.0820312 0.113889 0.366729
4 0.397656 0.0673611 0.0171875 0.106944 0.371595
1 0.45 0.158333 0.01875 0.0472222 0.373976
4 0.945312 0.931944 0.0234375 0.0444444 0.404073
7 0.649609 0.722222 0.0382813 0.133333 0.413095
1 0.839453 0.611806 0.0632813 0.179167 0.433482
3 0.45 0.156944 0.01875 0.0472222 0.460734
10 0.396875 0.355556 0.015625 0.0555556 0.552666
1 0.533203 0.150694 0.0179687 0.0569444 0.558782
4 0.45 0.1125 0.015625 0.0527778 0.632368
4 0.533203 0.1125 0.0148437 0.05 0.651219
1 0.960547 0.101389 0.0539063 0.172222 0.665921
10 0.477734 0.375694 0.0195312 0.0791667 0.726464
4 0.395703 0.110417 0.0164062 0.0458333 0.792899
4 0.587891 0.109028 0.0164062 0.0486111 0.800272
4 0.560938 0.110417 0.015625 0.0458333 0.832962
10 0.533594 0.383333 0.0203125 0.075 0.836742
4 0.423438 0.109028 0.015625 0.0486111 0.843151
4 0.477344 0.109028 0.0171875 0.0513889 0.876091
