6 0.896484 0.895139 0.0382813 0.0541667 0.258293
8 0.424219 0.378472 0.0234375 0.104167 0.264011
11 0.576563 0.826389 0.053125 0.138889 0.278365
9 0.657422 0.7125 0.0398437 0.119444 0.288387
4 0.944922 0.931944 0.0242187 0.0444444 0.298511
9 0.332812 0.726389 0.0484375 0.152778 0.327101
10 0.423828 0.380556 0.0242187 0.1 0.373159
4 0.397656 0.0604167 0.0171875 0.109722 0.380364
2 0.660937 0.252778 0.06875 0.180556 0.433646
3 0.660937 0.249306 0.0671875 0.1875 0.439652
4 0.559766 0.0590278 0.0179687 0.0430556 0.451046
8 0.478125 0.377083 0.021875 0.0847222 0.531629
4 0.587891 0.0569444 0.0179687 0.0444444 0.548092
10 0.477734 0.376389 0.0195312 0.0833333 0.590081
4 0.844141 0.883333 0.0242187 0.0388889 0.605188
4 0.560547 0.110417 0.0164062 0.0486111 0.787585
4 0.396484 0.110417 0.0164062 0.0458333 0.822809
10 0.533984 0.381944 0.0210938 0.0805556 0.8315
4 0.5875 0.109722 0.0171875 0.05 0.831578
4 0.450391 0.108333 0.0179687 0.0472222 0.833615
4 0.422656 0.109028 0.0171875 0.0513889 0.837819
4 0.533203 0.111111 0.0164062 0.0472222 0.855897
4 0.477344 0.110417 0.0171875 0.0486111 0.873975
