10 0.419141 0.0166667 0.0164062 0.0333333 0.257389
4 0.944922 0.931944 0.0242187 0.0444444 0.259625
10 0.561719 0.375694 0.01875 0.0791667 0.267153
1 0.673828 0.239583 0.0601562 0.195833 0.270092
4 0.533984 0.0513889 0.0164062 0.05 0.270455
6 0.896094 0.895139 0.0375 0.0569444 0.272603
8 0.592969 0.802083 0.0515625 0.159722 0.287291
4 0.745313 0.919444 0.021875 0.05 0.291337
10 0.505859 0.254167 0.0148437 0.0388889 0.29749
4 0.6875 0.0236111 0.0171875 0.0416667 0.29877
4 0.397656 0.0659722 0.015625 0.106944 0.340312
4 0.505859 0.206944 0.0132813 0.0388889 0.341462
11 0.595312 0.798611 0.0484375 0.155556 0.357424
1 0.841016 0.591667 0.0695312 0.125 0.378587
6 0.720703 0.0291667 0.0382813 0.0472222 0.396006
10 0.423828 0.356944 0.0132813 0.0472222 0.402085
7 0.285156 0.3625 0.059375 0.191667 0.418577
1 0.450391 0.157639 0.0179687 0.0430556 0.421588
3 0.450391 0.155556 0.0179687 0.0444444 0.422745
4 0.559766 0.0555556 0.0179687 0.0388889 0.427633
1 0.476953 0.0409722 0.0195312 0.0625 0.432309
10 0.397266 0.354167 0.0148437 0.0555556 0.470254
4 0.450391 0.111111 0.0148437 0.0527778 0.571367
11 0.644531 0.725694 0.0421875 0.140278 0.574578
1 0.960547 0.108333 0.0601562 0.188889 0.597667
10 0.477734 0.376389 0.0195312 0.0777778 0.602217
4 0.84375 0.884722 0.025 0.0388889 0.627626
1 0.533594 0.13125 0.0171875 0.0791667 0.650306
4 0.560547 0.109028 0.0148437 0.0486111 0.743278
4 0.5875 0.109028 0.015625 0.0486111 0.810845
4 0.396484 0.110417 0.0148437 0.0458333 0.814453
4 0.477734 0.106944 0.0164062 0.0527778 0.831538
4 0.423438 0.107639 0.015625 0.0486111 0.834131
