4 0.746094 0.919444 0.021875 0.05 0.254785
10 0.505859 0.253472 0.0148437 0.0375 0.258655
10 0.573438 0.70625 0.0390625 0.123611 0.262497
3 0.449609 0.155556 0.0179687 0.0444444 0.279577
5 0.7625 0.24375 0.0515625 0.181944 0.283921
1 0.533594 0.0486111 0.0171875 0.0527778 0.298945
10 0.416797 0.0166667 0.0164062 0.0333333 0.306407
11 0.59375 0.803472 0.046875 0.159722 0.347755
1 0.450391 0.157639 0.0179687 0.0430556 0.35745
4 0.397266 0.06875 0.0164062 0.109722 0.360406
1 0.762109 0.146528 0.0382813 0.143056 0.36901
1 0.662109 0.259028 0.0570313 0.1625 0.372872
1 0.475781 0.0395833 0.0203125 0.0625 0.376428
4 0.532422 0.0451389 0.0164062 0.0597222 0.407517
10 0.423047 0.356944 0.0132813 0.0444444 0.419861
4 0.505859 0.206944 0.0132813 0.0388889 0.429059
1 0.765625 0.261111 0.0515625 0.180556 0.474769
4 0.844922 0.886111 0.0257812 0.0388889 0.479923
10 0.477344 0.378472 0.01875 0.0763889 0.490692
4 0.560547 0.05625 0.0179687 0.0402778 0.493312
10 0.396484 0.354167 0.0148437 0.05 0.502947
10 0.506641 0.746528 0.0273438 0.0958333 0.511673
10 0.519922 0.663194 0.0304688 0.109722 0.534628
11 0.642969 0.727778 0.040625 0.138889 0.5553
4 0.45 0.110417 0.0140625 0.0513889 0.576782
1 0.960938 0.101389 0.05625 0.169444 0.608382
11 0.573047 0.70625 0.0382813 0.126389 0.651249
1 0.848828 0.604861 0.0648438 0.170833 0.703846
8 0.592969 0.800694 0.0484375 0.159722 0.718715
1 0.533594 0.13125 0.0171875 0.0819444 0.725098
4 0.560547 0.109028 0.0148437 0.0486111 0.78528
4 0.423438 0.108333 0.015625 0.0472222 0.828801
4 0.5875 0.109028 0.015625 0.0486111 0.834599
4 0.395703 0.111111 0.0148437 0.0472222 0.835846
4 0.477734 0.108333 0.0164062 0.05 0.85265
