4 0.45 0.0576389 0.0140625 0.0486111 0.269458
1 0.764844 0.147222 0.0453125 0.15 0.287393
10 0.50625 0.251389 0.0140625 0.05 0.301935
4 0.745703 0.920833 0.0210938 0.05 0.307316
10 0.420703 0.692361 0.0335938 0.109722 0.329
1 0.767187 0.203472 0.0515625 0.140278 0.331615
4 0.944922 0.93125 0.0242187 0.0458333 0.345762
4 0.478125 0.0527778 0.01875 0.0361111 0.352973
8 0.592578 0.80625 0.0460938 0.148611 0.40803
4 0.397266 0.0402778 0.0195312 0.0722222 0.419484
10 0.519531 0.669444 0.0265625 0.111111 0.442293
4 0.560938 0.0555556 0.01875 0.0416667 0.461872
4 0.844141 0.884722 0.0257812 0.0388889 0.462173
4 0.683203 0.0284722 0.0179687 0.0486111 0.469641
8 0.478516 0.377778 0.0210938 0.0861111 0.471983
11 0.59375 0.803472 0.0453125 0.151389 0.482712
10 0.424219 0.357639 0.0125 0.0458333 0.48675
10 0.423047 0.0180556 0.0179687 0.0361111 0.504176
10 0.50625 0.202083 0.015625 0.0402778 0.557124
4 0.533594 0.122917 0.015625 0.0708333 0.579085
4 0.533203 0.0541667 0.0179687 0.0416667 0.600004
1 0.822266 0.602778 0.0539063 0.152778 0.634211
4 0.423438 0.01875 0.0171875 0.0319444 0.63725
1 0.533594 0.129861 0.01875 0.0819444 0.679536
4 0.451172 0.156944 0.0148437 0.05 0.716666
11 0.644141 0.73125 0.0476562 0.145833 0.720553
4 0.45 0.107639 0.015625 0.0513889 0.725946
4 0.560547 0.108333 0.0148437 0.05 0.756932
4 0.423438 0.106944 0.015625 0.05 0.804992
4 0.396484 0.110417 0.0148437 0.0486111 0.806948
4 0.587891 0.108333 0.0164062 0.05 0.809341
