10 0.424219 0.355556 0.0125 0.0444444 0.251999
10 0.605859 0.708333 0.0304688 0.136111 0.255262
1 0.667969 0.390972 0.0421875 0.123611 0.299535
4 0.944922 0.931944 0.0242187 0.0444444 0.308665
6 0.0472656 0.925694 0.0539063 0.106944 0.359873
4 0.423438 0.204861 0.0125 0.0430556 0.372055
4 0.844922 0.885417 0.0273438 0.0402778 0.383905
11 0.436719 0.7 0.0390625 0.136111 0.394148
11 0.245312 0.8875 0.0671875 0.175 0.404465
10 0.397266 0.353472 0.0148437 0.0513889 0.424342
4 0.560547 0.0569444 0.0179687 0.0444444 0.4413
4 0.451172 0.156944 0.0148437 0.0472222 0.545447
3 0.661328 0.2625 0.0632813 0.161111 0.564461
10 0.218359 0.358333 0.0195312 0.0805556 0.613353
4 0.45 0.109722 0.0140625 0.05 0.715543
4 0.560938 0.109722 0.015625 0.0472222 0.730247
8 0.591016 0.80625 0.0429688 0.154167 0.798538
4 0.395703 0.158333 0.0148437 0.0527778 0.802055
4 0.5875 0.109722 0.015625 0.0472222 0.84234
4 0.533984 0.109722 0.0148437 0.0472222 0.875697
