4 0.560156 0.0583333 0.01875 0.0472222 0.255895
8 0.562109 0.379167 0.0226563 0.0888889 0.25721
4 0.45 0.0611111 0.0140625 0.0583333 0.274502
10 0.23125 0.863194 0.0421875 0.148611 0.283781
11 0.589844 0.802778 0.0453125 0.155556 0.286544
4 0.944922 0.931944 0.0242187 0.0444444 0.297353
10 0.423828 0.357639 0.0117188 0.0458333 0.300243
1 0.65625 0.263194 0.0578125 0.176389 0.302853
4 0.45 0.0847222 0.015625 0.0777778 0.303119
3 0.50625 0.254167 0.01875 0.0472222 0.31562
4 0.398828 0.0402778 0.0195312 0.0722222 0.324115
4 0.75625 0.0368056 0.01875 0.0652778 0.336051
1 0.710156 0.113889 0.0484375 0.180556 0.338408
10 0.414453 0.720833 0.0414063 0.15 0.347392
4 0.844141 0.884722 0.0257812 0.0388889 0.352701
1 0.477344 0.0451389 0.01875 0.0569444 0.371193
3 0.708594 0.113889 0.05 0.188889 0.405897
4 0.746875 0.920139 0.0203125 0.0486111 0.418396
7 0.644141 0.725694 0.0414063 0.134722 0.498257
1 0.958984 0.104167 0.0539063 0.177778 0.503743
1 0.83125 0.615278 0.05625 0.172222 0.602798
4 0.507031 0.0597222 0.0171875 0.05 0.636624
11 0.640625 0.728472 0.0453125 0.140278 0.738625
4 0.560938 0.108333 0.015625 0.0472222 0.743564
8 0.5875 0.806944 0.04375 0.15 0.754402
4 0.451953 0.157639 0.0164062 0.0486111 0.762005
4 0.45 0.108333 0.015625 0.0472222 0.768165
4 0.396484 0.110417 0.0148437 0.0458333 0.8048
4 0.423828 0.108333 0.0148437 0.05 0.828867
4 0.587891 0.110417 0.0164062 0.0486111 0.832411
4 0.533594 0.110417 0.015625 0.0486111 0.875092
