1 0.534375 0.15 0.0171875 0.0472222 0.251929
10 0.423828 0.357639 0.0132813 0.0402778 0.265754
4 0.560156 0.0569444 0.01875 0.0444444 0.30071
10 0.557031 0.813194 0.0359375 0.115278 0.30315
4 0.417969 0.01875 0.0171875 0.0319444 0.312351
3 0.968359 0.288194 0.0539063 0.170833 0.352595
8 0.591406 0.811111 0.0421875 0.155556 0.390935
10 0.00859375 0.248611 0.015625 0.158333 0.402246
1 0.473437 0.0208333 0.0203125 0.0277778 0.409248
1 0.533984 0.122222 0.0164062 0.0694444 0.462194
10 0.396875 0.354861 0.015625 0.0486111 0.530241
4 0.397266 0.0541667 0.0164062 0.0916667 0.550849
4 0.451953 0.158333 0.0164062 0.0472222 0.644666
4 0.560938 0.106944 0.015625 0.05 0.662153
4 0.450391 0.108333 0.0148437 0.0472222 0.720649
4 0.844531 0.886111 0.0234375 0.0416667 0.721016
10 0.530469 0.778472 0.0296875 0.0930556 0.730265
4 0.533203 0.109722 0.0148437 0.0527778 0.752428
11 0.489453 0.754167 0.0367187 0.125 0.771882
4 0.5875 0.108333 0.015625 0.05 0.780282
4 0.396484 0.111806 0.0148437 0.0486111 0.797924
4 0.423438 0.107639 0.015625 0.0513889 0.807298
3 0.964063 0.494444 0.0671875 0.197222 0.890196
