1 0.477344 0.200694 0.015625 0.0486111 0.259534
10 0.55625 0.688194 0.025 0.0791667 0.262065
4 0.847266 0.894444 0.0320312 0.0611111 0.273913
10 0.617969 0.757639 0.0359375 0.143056 0.284254
10 0.521094 0.706944 0.03125 0.108333 0.290346
8 0.588281 0.807639 0.04375 0.151389 0.315559
11 0.589453 0.808333 0.0429688 0.152778 0.347642
6 0.757031 0.0368056 0.0234375 0.0652778 0.393157
4 0.50625 0.0590278 0.01875 0.0513889 0.455273
6 0.722656 0.025 0.03125 0.0444444 0.480036
1 0.96875 0.29375 0.05625 0.1875 0.500641
11 0.490625 0.756944 0.034375 0.122222 0.510071
6 0.0503906 0.926389 0.0429688 0.102778 0.55546
4 0.451172 0.160417 0.0148437 0.0458333 0.561395
4 0.561328 0.106944 0.0164062 0.05 0.69175
4 0.450391 0.109028 0.0148437 0.0486111 0.715089
4 0.587891 0.109722 0.0164062 0.05 0.801767
4 0.396484 0.109722 0.0148437 0.05 0.822723
4 0.533984 0.109722 0.0148437 0.05 0.879607
