1 0.192578 0.845833 0.0492188 0.155556 0.258581
3 0.978125 0.280556 0.0421875 0.152778 0.263863
8 0.59375 0.807639 0.04375 0.159722 0.279506
10 0.410547 0.0201389 0.0164062 0.0375 0.312447
10 0.417188 0.0180556 0.0171875 0.0361111 0.323963
3 0.451172 0.157639 0.0179687 0.0513889 0.351518
4 0.45 0.0618056 0.015625 0.0625 0.370838
7 0.653125 0.715972 0.03125 0.109722 0.393908
4 0.844922 0.884722 0.0257812 0.0416667 0.39649
3 0.9625 0.130556 0.05625 0.197222 0.397458
4 0.450781 0.158333 0.0171875 0.05 0.412018
9 0.651172 0.717361 0.0320312 0.1125 0.416288
4 0.397266 0.0604167 0.0164062 0.0986111 0.476587
4 0.50625 0.0583333 0.0203125 0.0527778 0.588634
10 0.397266 0.353472 0.0164062 0.0541667 0.611788
1 0.533984 0.130556 0.0195312 0.0833333 0.652407
11 0.592188 0.802083 0.0453125 0.154167 0.653827
4 0.450391 0.108333 0.0164062 0.05 0.684712
4 0.533203 0.1125 0.0164062 0.0555556 0.691822
4 0.560547 0.107639 0.0164062 0.0513889 0.742712
4 0.396094 0.110417 0.015625 0.0486111 0.78268
4 0.5875 0.109028 0.0171875 0.0513889 0.80862
4 0.423438 0.108333 0.015625 0.05 0.840417
