1 0.477734 0.202778 0.0148437 0.0472222 0.256531
10 0.423828 0.357639 0.0132813 0.0430556 0.2615
6 0.00664063 0.194444 0.0117188 0.1 0.285294
3 0.969141 0.303472 0.0507812 0.1375 0.294036
3 0.508594 0.354167 0.01875 0.0472222 0.317727
4 0.560156 0.0576389 0.01875 0.0458333 0.387464
3 0.713281 0.102778 0.05 0.166667 0.410234
4 0.397266 0.0388889 0.0179687 0.0666667 0.449417
4 0.844922 0.884722 0.0257812 0.0388889 0.525813
10 0.397266 0.354167 0.0148437 0.05 0.536119
3 0.650781 0.256944 0.05625 0.169444 0.689957
4 0.451172 0.161111 0.0148437 0.0444444 0.70462
11 0.489453 0.754167 0.0351562 0.125 0.70517
4 0.560938 0.107639 0.015625 0.0486111 0.734163
11 0.589063 0.809722 0.04375 0.147222 0.751248
4 0.450391 0.108333 0.0148437 0.0444444 0.790685
4 0.396875 0.111111 0.0140625 0.0472222 0.796255
4 0.423828 0.107639 0.0148437 0.0486111 0.801446
4 0.5875 0.109028 0.015625 0.0486111 0.83297
4 0.533594 0.109028 0.0140625 0.0486111 0.864198
