4 0.560156 0.0576389 0.01875 0.0458333 0.279713
4 0.505859 0.0597222 0.0179687 0.0472222 0.298735
10 0.469141 0.660417 0.0320312 0.109722 0.29927
3 0.979688 0.281944 0.040625 0.161111 0.330208
10 0.396875 0.354167 0.015625 0.05 0.388789
9 0.527344 0.568056 0.0515625 0.147222 0.388959
10 0.620703 0.754167 0.0320312 0.127778 0.390486
10 0.435156 0.678472 0.0296875 0.0875 0.412099
10 0.699219 0.640278 0.0328125 0.116667 0.432363
10 0.521875 0.713194 0.0296875 0.0986111 0.434642
3 0.772266 0.0645833 0.0398437 0.115278 0.452158
11 0.492188 0.754861 0.0359375 0.123611 0.508115
1 0.476953 0.202083 0.0164062 0.0458333 0.536364
4 0.844922 0.884722 0.0257812 0.0388889 0.595123
8 0.590625 0.807639 0.04375 0.151389 0.612822
4 0.450781 0.161111 0.0140625 0.0444444 0.692242
4 0.560938 0.107639 0.015625 0.0486111 0.710673
4 0.45 0.108333 0.0140625 0.0472222 0.764831
4 0.587891 0.109028 0.0164062 0.0486111 0.834863
4 0.396484 0.109722 0.0148437 0.05 0.845962
4 0.533594 0.110417 0.015625 0.0486111 0.881987
