11 0.527734 0.770833 0.0351562 0.113889 0.259227
10 0.417969 0.711111 0.0375 0.136111 0.268624
10 0.520312 0.663889 0.03125 0.113889 0.274927
10 0.505859 0.254167 0.0148437 0.0361111 0.27858
1 0.664062 0.252083 0.059375 0.170833 0.283558
1 0.533203 0.1125 0.0148437 0.0527778 0.287982
10 0.41875 0.0166667 0.0171875 0.0333333 0.289062
6 0.723047 0.0222222 0.0367187 0.0388889 0.295381
3 0.666016 0.255556 0.0617188 0.166667 0.297054
4 0.945312 0.931944 0.0234375 0.0444444 0.301101
11 0.592969 0.803472 0.046875 0.154167 0.303641
10 0.396484 0.0451389 0.0179687 0.0597222 0.304568
10 0.507031 0.745833 0.0296875 0.0944444 0.330245
4 0.745703 0.920139 0.0210938 0.0486111 0.336709
10 0.574609 0.706944 0.0382813 0.122222 0.339142
10 0.423047 0.357639 0.0132813 0.0458333 0.410953
4 0.397266 0.0652778 0.0164062 0.111111 0.419306
5 0.757031 0.21875 0.0421875 0.131944 0.432775
4 0.844531 0.885417 0.025 0.0402778 0.438252
4 0.532812 0.0458333 0.015625 0.0583333 0.457692
10 0.477344 0.377778 0.01875 0.0777778 0.483563
4 0.505469 0.20625 0.0140625 0.0402778 0.525776
10 0.396484 0.354861 0.0148437 0.0513889 0.536615
8 0.59375 0.801389 0.046875 0.155556 0.551108
1 0.476562 0.0395833 0.0203125 0.0625 0.56297
11 0.646875 0.727083 0.0453125 0.143056 0.568938
4 0.560547 0.0555556 0.0179687 0.0388889 0.589983
10 0.450391 0.155556 0.0148437 0.0444444 0.591397
11 0.574609 0.705556 0.0382813 0.125 0.605547
4 0.449609 0.108333 0.0148437 0.0472222 0.695552
1 0.533203 0.131944 0.0179687 0.0805556 0.724724
4 0.560156 0.109028 0.0140625 0.0486111 0.799314
4 0.423047 0.107639 0.0164062 0.0513889 0.824674
4 0.476953 0.109722 0.0164062 0.05 0.834631
4 0.5875 0.108333 0.015625 0.0472222 0.840189
4 0.396094 0.111806 0.015625 0.0486111 0.851437
