10 0.521875 0.709028 0.03125 0.109722 0.251526
6 0.0511719 0.930556 0.0414063 0.0944444 0.267365
4 0.560156 0.0576389 0.01875 0.0458333 0.272316
11 0.491406 0.75625 0.0359375 0.120833 0.293912
1 0.760156 0.0826389 0.025 0.120833 0.298658
4 0.505859 0.0590278 0.0179687 0.0486111 0.328709
11 0.589453 0.806944 0.0445312 0.152778 0.350822
8 0.591016 0.808333 0.0429688 0.15 0.373653
1 0.477344 0.201389 0.015625 0.0472222 0.397335
10 0.619922 0.754167 0.0335938 0.133333 0.440898
1 0.0738281 0.0659722 0.0554687 0.126389 0.49812
4 0.450781 0.161111 0.0140625 0.0444444 0.643275
4 0.560938 0.106944 0.015625 0.05 0.704595
4 0.45 0.109028 0.0140625 0.0486111 0.729411
4 0.5875 0.109028 0.015625 0.0486111 0.801871
4 0.396484 0.109722 0.0148437 0.05 0.827531
4 0.533594 0.110417 0.015625 0.0486111 0.882655
