4 0.417969 0.0194444 0.0171875 0.0333333 0.290791
4 0.745313 0.920139 0.0203125 0.0486111 0.300643
10 0.41875 0.01875 0.015625 0.0347222 0.301297
4 0.450781 0.0618056 0.015625 0.0569444 0.325462
4 0.559766 0.0576389 0.0195312 0.0458333 0.326302
1 0.823047 0.59375 0.0507812 0.123611 0.390021
1 0.757812 0.0895833 0.0234375 0.104167 0.408689
4 0.684375 0.0291667 0.01875 0.0472222 0.418613
10 0.616797 0.716667 0.0304688 0.0916667 0.4401
4 0.397656 0.05625 0.0171875 0.0958333 0.539336
4 0.451562 0.157639 0.0171875 0.0486111 0.600374
4 0.450391 0.108333 0.0164062 0.05 0.620784
8 0.589453 0.809028 0.0445312 0.148611 0.674982
10 0.530859 0.778472 0.0304688 0.0902778 0.682603
4 0.533203 0.110417 0.0148437 0.0569444 0.685227
4 0.560938 0.106944 0.015625 0.0527778 0.695603
1 0.533594 0.13125 0.01875 0.0847222 0.705233
4 0.396094 0.111111 0.015625 0.0472222 0.784095
4 0.423438 0.107639 0.015625 0.0513889 0.7857
4 0.587891 0.109028 0.0164062 0.0513889 0.805387
