4 0.411719 0.0194444 0.0171875 0.0388889 0.253905
4 0.473828 0.0194444 0.0179687 0.0277778 0.262959
10 0.423828 0.357639 0.0132813 0.0486111 0.266974
4 0.944922 0.931944 0.0257812 0.0444444 0.276197
10 0.0078125 0.244444 0.015625 0.15 0.291323
3 0.757422 0.0631944 0.0289063 0.115278 0.334304
3 0.533203 0.152778 0.0210938 0.0555556 0.371602
4 0.417578 0.0201389 0.0164062 0.0347222 0.375359
6 0.758594 0.0444444 0.025 0.0777778 0.379106
4 0.50625 0.0583333 0.0203125 0.0555556 0.400766
4 0.450781 0.0611111 0.015625 0.0527778 0.42053
1 0.757812 0.152778 0.0375 0.141667 0.432095
4 0.844922 0.884722 0.0257812 0.0416667 0.439501
10 0.397266 0.354167 0.0148437 0.0555556 0.448338
11 0.646094 0.721528 0.0328125 0.118056 0.484242
1 0.533594 0.13125 0.01875 0.0791667 0.516513
4 0.451172 0.158333 0.0164062 0.05 0.541839
4 0.397266 0.0555556 0.0179687 0.0972222 0.547838
10 0.529688 0.778472 0.0296875 0.0902778 0.620043
8 0.588672 0.808333 0.0429688 0.147222 0.655042
4 0.450391 0.108333 0.0164062 0.05 0.70436
4 0.560547 0.108333 0.0164062 0.0527778 0.706704
4 0.533203 0.111806 0.0164062 0.0541667 0.792127
4 0.5875 0.110417 0.0171875 0.0513889 0.794335
4 0.396094 0.109722 0.015625 0.0472222 0.809934
4 0.423438 0.107639 0.015625 0.0513889 0.827438
