4 0.683594 0.0284722 0.0171875 0.0430556 0.265046
10 0.396875 0.354167 0.0140625 0.05 0.273746
4 0.560156 0.0583333 0.01875 0.0444444 0.297749
10 0.434375 0.680556 0.0296875 0.0888889 0.340067
8 0.590625 0.808333 0.04375 0.15 0.350874
4 0.50625 0.0597222 0.01875 0.0472222 0.383901
10 0.619531 0.754167 0.034375 0.136111 0.391515
1 0.477344 0.201389 0.015625 0.0472222 0.394341
1 0.762109 0.0888889 0.0273438 0.116667 0.397432
4 0.450781 0.160417 0.0140625 0.0458333 0.634667
4 0.560938 0.106944 0.015625 0.05 0.720073
4 0.45 0.109028 0.0140625 0.0486111 0.735659
4 0.5875 0.109028 0.015625 0.0486111 0.816988
4 0.396484 0.109722 0.0148437 0.05 0.833037
4 0.533594 0.109722 0.015625 0.05 0.883033
