1 0.533984 0.204861 0.0164062 0.0486111 0.266949
4 0.845703 0.8875 0.0273438 0.0444444 0.31898
1 0.648047 0.0583333 0.0398437 0.105556 0.324566
4 0.505469 0.0604167 0.01875 0.0486111 0.341571
4 0.450781 0.156944 0.0140625 0.05 0.377573
10 0.605469 0.709722 0.034375 0.138889 0.37887
4 0.423047 0.209722 0.0148437 0.0583333 0.409674
10 0.396484 0.354861 0.0148437 0.0486111 0.482394
8 0.590625 0.809028 0.0453125 0.154167 0.490127
11 0.491797 0.759722 0.0351562 0.127778 0.55534
10 0.469531 0.646528 0.028125 0.0819444 0.62327
4 0.45 0.109722 0.0140625 0.05 0.715981
4 0.560547 0.108333 0.0164062 0.0472222 0.766987
4 0.395703 0.159028 0.0148437 0.0513889 0.802956
4 0.587109 0.109722 0.0164062 0.0472222 0.814894
4 0.533203 0.110417 0.0148437 0.0458333 0.870178
