4 0.751172 0.91875 0.0195312 0.0486111 0.255572
4 0.756641 0.0361111 0.0210938 0.0638889 0.271813
1 0.833984 0.575694 0.0570313 0.154167 0.273329
10 0.232031 0.8625 0.04375 0.152778 0.276852
11 0.585938 0.805556 0.046875 0.144444 0.290002
4 0.45 0.0847222 0.015625 0.0777778 0.32103
4 0.945312 0.932639 0.025 0.0458333 0.327597
3 0.707422 0.109028 0.0507812 0.179167 0.352316
4 0.45 0.0604167 0.0140625 0.0513889 0.387886
10 0.423438 0.356944 0.0125 0.0444444 0.393538
4 0.844141 0.884722 0.0257812 0.0388889 0.397531
1 0.651563 0.245139 0.0578125 0.204167 0.446052
10 0.396875 0.354861 0.015625 0.0541667 0.455189
4 0.41875 0.0194444 0.0171875 0.0361111 0.488803
1 0.505859 0.254167 0.0179687 0.0444444 0.496988
1 0.476562 0.0472222 0.01875 0.0527778 0.505008
1 0.70625 0.110417 0.0515625 0.1875 0.508786
4 0.507031 0.0597222 0.0171875 0.0472222 0.529959
7 0.645703 0.725 0.0445312 0.138889 0.550204
4 0.396875 0.0444444 0.0171875 0.0638889 0.561846
11 0.642187 0.727778 0.046875 0.141667 0.595974
8 0.589063 0.808333 0.04375 0.147222 0.704944
7 0.289062 0.357639 0.05625 0.181944 0.708496
4 0.451172 0.157639 0.0164062 0.0486111 0.756941
4 0.560547 0.107639 0.0164062 0.0486111 0.786385
4 0.45 0.108333 0.015625 0.0472222 0.812543
4 0.395703 0.110417 0.0148437 0.0458333 0.814908
4 0.5875 0.109722 0.015625 0.05 0.837311
4 0.423438 0.108333 0.015625 0.05 0.848527
4 0.533594 0.110417 0.015625 0.0486111 0.879939
