10 0.00820312 0.247222 0.0164062 0.158333 0.259531
4 0.417969 0.0194444 0.0171875 0.0333333 0.264365
11 0.199609 0.851389 0.0570313 0.172222 0.270426
11 0.529688 0.777778 0.03125 0.1 0.291888
4 0.473828 0.0194444 0.0195312 0.0305556 0.32316
4 0.944922 0.932639 0.0226563 0.0430556 0.361131
4 0.450391 0.0618056 0.0164062 0.0625 0.396397
4 0.683594 0.0277778 0.01875 0.0472222 0.447243
10 0.396875 0.354861 0.015625 0.0513889 0.466429
4 0.397656 0.0555556 0.0171875 0.0972222 0.498251
4 0.451562 0.157639 0.0171875 0.0486111 0.507477
8 0.590625 0.811111 0.0421875 0.155556 0.62229
4 0.45 0.108333 0.015625 0.05 0.625931
4 0.560547 0.107639 0.0148437 0.0513889 0.670649
4 0.533203 0.110417 0.0148437 0.0569444 0.676793
1 0.533984 0.13125 0.0179687 0.0847222 0.685202
10 0.529688 0.778472 0.0296875 0.0930556 0.705178
4 0.587891 0.108333 0.0164062 0.05 0.763206
4 0.396094 0.111111 0.015625 0.0472222 0.783432
4 0.423438 0.108333 0.015625 0.05 0.814441
11 0.488672 0.752778 0.0382813 0.133333 0.834821
