4 0.50625 0.0569444 0.01875 0.0555556 0.251618
4 0.417578 0.0194444 0.0179687 0.0361111 0.25316
3 0.7125 0.106944 0.0484375 0.172222 0.256067
1 0.791797 0.565972 0.0601562 0.129167 0.272411
2 0.657422 0.254861 0.0648438 0.179167 0.277954
10 0.423438 0.358333 0.0125 0.0472222 0.278243
3 0.505859 0.254861 0.0179687 0.0458333 0.284872
1 0.958984 0.111111 0.0539063 0.186111 0.311737
10 0.414844 0.718056 0.04375 0.155556 0.313994
3 0.533984 0.153472 0.0195312 0.0458333 0.327308
10 0.231641 0.863889 0.0414063 0.144444 0.337882
3 0.758984 0.0548611 0.0242187 0.104167 0.347075
4 0.397656 0.0569444 0.0171875 0.1 0.484048
4 0.451172 0.157639 0.0164062 0.0486111 0.489548
4 0.45 0.106944 0.015625 0.05 0.500659
10 0.527734 0.759028 0.0335938 0.134722 0.503435
10 0.396875 0.354861 0.015625 0.0569444 0.525499
11 0.526953 0.759028 0.0335938 0.131944 0.549524
8 0.587109 0.808333 0.0398437 0.147222 0.629509
4 0.560938 0.107639 0.015625 0.0486111 0.710748
4 0.396094 0.109722 0.015625 0.0472222 0.756998
4 0.423438 0.107639 0.015625 0.0513889 0.793298
4 0.5875 0.109722 0.015625 0.05 0.794798
4 0.533203 0.111806 0.0148437 0.0541667 0.804255
