1 0.533594 0.204167 0.0171875 0.0527778 0.274253
10 0.521094 0.713889 0.028125 0.0916667 0.286915
3 0.508594 0.352778 0.0203125 0.0472222 0.297917
4 0.560156 0.0583333 0.01875 0.0472222 0.319627
1 0.473047 0.0208333 0.0210938 0.0277778 0.326595
11 0.257812 0.89375 0.0640625 0.165278 0.330581
1 0.477344 0.201389 0.0171875 0.0472222 0.344721
11 0.23125 0.872222 0.0546875 0.172222 0.361453
9 0.403516 0.695833 0.0398437 0.144444 0.380536
3 0.786719 0.571528 0.05625 0.131944 0.386184
4 0.396875 0.0361111 0.01875 0.0638889 0.425136
4 0.412109 0.0180556 0.0164062 0.0361111 0.440312
6 0.7625 0.0604167 0.03125 0.106944 0.4447
6 0.722266 0.025 0.0304688 0.0444444 0.446423
4 0.423828 0.20625 0.0132813 0.0458333 0.457412
3 0.7625 0.0590278 0.03125 0.106944 0.473697
11 0.590625 0.808333 0.04375 0.152778 0.508084
3 0.975 0.288194 0.0484375 0.168056 0.540009
4 0.844141 0.883333 0.0242187 0.0388889 0.55139
10 0.397266 0.354861 0.0164062 0.0486111 0.620669
1 0.784766 0.567361 0.0585938 0.126389 0.626955
4 0.450391 0.161111 0.0148437 0.0472222 0.657154
4 0.560938 0.106944 0.015625 0.05 0.681802
11 0.491016 0.757639 0.0335938 0.123611 0.726609
4 0.45 0.109722 0.0140625 0.05 0.738932
4 0.396094 0.109722 0.015625 0.05 0.817047
4 0.5875 0.109722 0.015625 0.05 0.818314
4 0.533984 0.109028 0.0148437 0.0486111 0.827742
