10 0.417578 0.0180556 0.0164062 0.0361111 0.25219
10 0.231641 0.8625 0.0429688 0.15 0.264843
4 0.755859 0.0354167 0.0210938 0.0625 0.304894
1 0.964063 0.106944 0.0546875 0.172222 0.324107
4 0.450391 0.0625 0.0164062 0.0611111 0.331148
10 0.423438 0.356944 0.0125 0.0444444 0.359846
1 0.656641 0.260417 0.0617188 0.170833 0.381606
4 0.417969 0.0194444 0.0171875 0.0333333 0.421378
7 0.642969 0.723611 0.040625 0.138889 0.429394
11 0.586328 0.803472 0.0476562 0.151389 0.465958
1 0.705078 0.109722 0.0523437 0.188889 0.477564
1 0.476953 0.0479167 0.0195312 0.0513889 0.478709
4 0.397656 0.0583333 0.0171875 0.102778 0.484941
10 0.396484 0.354861 0.0164062 0.0541667 0.522924
4 0.506641 0.0590278 0.0179687 0.0486111 0.523149
4 0.450781 0.157639 0.0171875 0.0486111 0.578095
1 0.533594 0.129861 0.01875 0.0819444 0.613737
11 0.640234 0.725694 0.0429688 0.143056 0.633423
4 0.532812 0.111806 0.015625 0.0541667 0.697143
4 0.844531 0.884028 0.0234375 0.0375 0.716577
7 0.289844 0.356944 0.0578125 0.183333 0.716978
8 0.588672 0.806944 0.0429688 0.15 0.74262
4 0.560547 0.108333 0.0148437 0.05 0.765675
4 0.45 0.109028 0.015625 0.0486111 0.792855
4 0.5875 0.109722 0.015625 0.05 0.800201
4 0.395703 0.111111 0.0148437 0.05 0.807205
4 0.423438 0.108333 0.015625 0.05 0.841104
