10 0.00820312 0.245833 0.0164062 0.152778 0.281974
4 0.417188 0.01875 0.0171875 0.0347222 0.284009
4 0.450391 0.0631944 0.0164062 0.0625 0.284396
10 0.450391 0.296528 0.0117188 0.0458333 0.291491
4 0.945312 0.931944 0.025 0.0444444 0.298135
10 0.416797 0.0180556 0.0164062 0.0361111 0.322725
10 0.423828 0.357639 0.0132813 0.0458333 0.329067
2 0.843359 0.597222 0.0632813 0.147222 0.353463
11 0.587109 0.806944 0.0476562 0.141667 0.372582
4 0.746094 0.919444 0.021875 0.0527778 0.424379
1 0.476562 0.0465278 0.01875 0.0541667 0.432538
1 0.657812 0.265972 0.0625 0.165278 0.446469
4 0.397656 0.0597222 0.0171875 0.102778 0.481036
1 0.839844 0.596528 0.0640625 0.159722 0.535404
4 0.844531 0.884722 0.0265625 0.0388889 0.540323
11 0.640234 0.728472 0.0445312 0.1375 0.605874
4 0.451172 0.157639 0.0164062 0.0486111 0.618184
4 0.507031 0.0583333 0.01875 0.05 0.618853
1 0.533594 0.129861 0.01875 0.0819444 0.626124
1 0.707812 0.111111 0.053125 0.194444 0.627979
4 0.533203 0.113194 0.0148437 0.0541667 0.654314
8 0.589063 0.807639 0.04375 0.148611 0.700302
4 0.560547 0.108333 0.0148437 0.05 0.713265
10 0.478125 0.378472 0.01875 0.0736111 0.718827
4 0.45 0.108333 0.015625 0.0472222 0.763645
4 0.5875 0.109722 0.015625 0.05 0.786033
4 0.396094 0.110417 0.015625 0.0458333 0.804701
4 0.423438 0.108333 0.015625 0.05 0.832492
