4 0.50625 0.0569444 0.01875 0.0555556 0.252788
3 0.7125 0.10625 0.0484375 0.170833 0.254699
4 0.417578 0.0194444 0.0179687 0.0361111 0.258936
1 0.791406 0.565972 0.0609375 0.129167 0.26676
2 0.657422 0.254167 0.0648438 0.177778 0.271741
10 0.423438 0.358333 0.0125 0.0472222 0.279769
3 0.505859 0.254861 0.0179687 0.0458333 0.285383
10 0.414844 0.718056 0.04375 0.155556 0.310902
1 0.958984 0.111111 0.0539063 0.186111 0.311911
3 0.533984 0.153472 0.0195312 0.0458333 0.325643
10 0.231641 0.863889 0.0414063 0.144444 0.338051
3 0.758984 0.0555556 0.0242187 0.105556 0.338119
4 0.397656 0.0569444 0.0171875 0.1 0.480129
4 0.451172 0.157639 0.0164062 0.0486111 0.487363
4 0.45 0.106944 0.015625 0.05 0.500131
10 0.527734 0.759028 0.0335938 0.134722 0.522283
10 0.396875 0.354861 0.015625 0.0569444 0.524216
11 0.526953 0.759028 0.0335938 0.131944 0.561329
8 0.587109 0.808333 0.0398437 0.147222 0.633318
4 0.560547 0.107639 0.0148437 0.0486111 0.709937
4 0.396094 0.109722 0.015625 0.0472222 0.756823
4 0.423438 0.107639 0.015625 0.0513889 0.792757
4 0.5875 0.109722 0.015625 0.05 0.794064
4 0.533203 0.111806 0.0148437 0.0541667 0.803683
