3 0.663281 0.253472 0.059375 0.184722 0.251207
9 0.335547 0.724306 0.0445312 0.151389 0.26201
3 0.971875 0.155556 0.0515625 0.166667 0.273687
12 0.00820312 0.228472 0.0148437 0.134722 0.280134
3 0.822656 0.584722 0.05 0.130556 0.289798
1 0.661719 0.252778 0.0640625 0.177778 0.300046
6 0.717578 0.0277778 0.0476562 0.05 0.306519
4 0.944141 0.931944 0.0242187 0.0444444 0.330259
4 0.746094 0.920139 0.021875 0.0541667 0.343372
1 0.819141 0.577778 0.0570313 0.15 0.363192
4 0.844922 0.884722 0.0257812 0.0388889 0.366046
1 0.972266 0.0854167 0.0445312 0.140278 0.404255
3 0.983984 0.278472 0.0320312 0.148611 0.41874
