1 0.342969 0.0423611 0.034375 0.0680556 0.274011
10 0.417188 0.0180556 0.015625 0.0361111 0.281298
1 0.477344 0.0423611 0.01875 0.0625 0.299587
8 0.594531 0.805556 0.0453125 0.15 0.313517
4 0.449609 0.0604167 0.0148437 0.0541667 0.334136
1 0.958594 0.105556 0.053125 0.175 0.334193
1 0.0332031 0.196528 0.0585938 0.1625 0.340708
4 0.521484 0.668056 0.0273438 0.113889 0.344234
4 0.944141 0.931944 0.0242187 0.0444444 0.363218
10 0.477344 0.377778 0.0203125 0.0861111 0.363994
10 0.423828 0.358333 0.0132813 0.0472222 0.368727
10 0.50625 0.251389 0.0140625 0.05 0.379062
4 0.396094 0.0506944 0.0171875 0.0652778 0.436773
10 0.396484 0.354167 0.0148437 0.0555556 0.44673
6 0.724609 0.0256944 0.0335938 0.0458333 0.457206
1 0.825391 0.606944 0.0570313 0.155556 0.569238
4 0.532812 0.0458333 0.015625 0.0611111 0.580366
4 0.533203 0.1125 0.0148437 0.0555556 0.612158
1 0.533594 0.130556 0.0171875 0.0805556 0.63152
4 0.560547 0.05625 0.0179687 0.0402778 0.63705
11 0.646875 0.729167 0.0453125 0.144444 0.637153
10 0.505859 0.202778 0.0164062 0.0388889 0.695374
4 0.450781 0.158333 0.015625 0.0472222 0.754403
4 0.45 0.107639 0.015625 0.0486111 0.771944
4 0.560547 0.109028 0.0148437 0.0486111 0.798591
4 0.5875 0.109028 0.015625 0.0486111 0.832629
4 0.396094 0.111806 0.015625 0.0486111 0.833292
4 0.423438 0.108333 0.015625 0.05 0.838389
