4 0.50625 0.0604167 0.01875 0.0458333 0.289611
3 0.759375 0.0631944 0.021875 0.101389 0.289941
4 0.217578 0.360417 0.0226563 0.0847222 0.292211
4 0.423438 0.20625 0.0125 0.0430556 0.327982
3 0.505859 0.0604167 0.0179687 0.0458333 0.329409
4 0.560156 0.0590278 0.01875 0.0458333 0.349363
4 0.845312 0.886111 0.0265625 0.0416667 0.367194
4 0.451172 0.15625 0.0148437 0.0486111 0.386298
10 0.397266 0.353472 0.0148437 0.0513889 0.410916
10 0.604297 0.709028 0.0335938 0.140278 0.472507
3 0.651172 0.260417 0.0570313 0.165278 0.569329
10 0.469531 0.645139 0.028125 0.0791667 0.624207
10 0.218359 0.358333 0.0242187 0.0861111 0.673368
11 0.491406 0.759028 0.034375 0.123611 0.675157
4 0.450391 0.109722 0.0148437 0.05 0.716324
8 0.591016 0.807639 0.0445312 0.154167 0.732159
4 0.560938 0.106944 0.015625 0.05 0.739328
4 0.395703 0.158333 0.0148437 0.0527778 0.821163
4 0.5875 0.110417 0.015625 0.0486111 0.836071
4 0.533594 0.109722 0.015625 0.0472222 0.882451
