6 0.84375 0.889583 0.0265625 0.0486111 0.253276
4 0.505859 0.0465278 0.0164062 0.0597222 0.280967
6 0.895703 0.893056 0.0398437 0.0527778 0.296683
3 0.978125 0.281944 0.04375 0.180556 0.330146
4 0.944922 0.931944 0.0257812 0.0444444 0.338987
9 0.655859 0.713889 0.0398437 0.122222 0.348944
4 0.397656 0.0583333 0.0171875 0.108333 0.423416
4 0.559766 0.0590278 0.0179687 0.0430556 0.425837
6 0.718359 0.0270833 0.0398437 0.0486111 0.446518
10 0.423438 0.380556 0.0234375 0.0972222 0.469809
8 0.478125 0.377083 0.021875 0.0847222 0.472755
2 0.661719 0.251389 0.06875 0.183333 0.48407
3 0.661328 0.248611 0.0664062 0.188889 0.495323
9 0.329688 0.711111 0.0515625 0.194444 0.529039
4 0.587891 0.05625 0.0179687 0.0430556 0.530799
4 0.84375 0.886111 0.025 0.0416667 0.572854
10 0.477734 0.375694 0.0195312 0.0819444 0.617078
1 0.959766 0.100694 0.0585938 0.170833 0.737446
4 0.560547 0.109722 0.0164062 0.05 0.776083
4 0.396094 0.110417 0.0171875 0.0458333 0.823555
10 0.533984 0.381944 0.0210938 0.0805556 0.827305
4 0.5875 0.109722 0.0171875 0.05 0.828159
4 0.450391 0.107639 0.0179687 0.0486111 0.830198
4 0.422656 0.109028 0.0171875 0.0513889 0.837076
4 0.533203 0.110417 0.0164062 0.0486111 0.856726
4 0.477344 0.109722 0.0171875 0.05 0.871526
