3 0.712891 0.106944 0.0492188 0.172222 0.25239
4 0.50625 0.0569444 0.01875 0.0555556 0.254036
1 0.791406 0.565972 0.0609375 0.129167 0.268122
10 0.423438 0.358333 0.0125 0.0472222 0.275163
2 0.657031 0.254167 0.0640625 0.177778 0.279086
1 0.959375 0.113194 0.053125 0.184722 0.2819
4 0.417578 0.0194444 0.0179687 0.0361111 0.282095
3 0.505859 0.254861 0.0179687 0.0458333 0.286162
10 0.414844 0.718056 0.04375 0.155556 0.30526
10 0.231641 0.863889 0.0414063 0.144444 0.332971
3 0.533984 0.153472 0.0195312 0.0458333 0.337183
3 0.759375 0.0541667 0.025 0.102778 0.366812
10 0.527734 0.759028 0.0335938 0.134722 0.473447
4 0.451172 0.157639 0.0164062 0.0486111 0.488073
4 0.45 0.106944 0.015625 0.05 0.499948
4 0.397656 0.05625 0.0171875 0.0986111 0.508887
10 0.396875 0.354861 0.015625 0.0569444 0.514303
11 0.527734 0.759028 0.0335938 0.131944 0.566731
8 0.587109 0.808333 0.0398437 0.147222 0.63251
4 0.560547 0.107639 0.0148437 0.0486111 0.710468
4 0.396094 0.110417 0.015625 0.0486111 0.759782
4 0.5875 0.109722 0.015625 0.05 0.795525
4 0.423438 0.107639 0.015625 0.0513889 0.795603
4 0.533203 0.111806 0.0148437 0.0541667 0.802565
