10 0.748828 0.920833 0.0273438 0.0527778 0.257437
4 0.780859 0.916667 0.0226563 0.0388889 0.257564
10 0.561328 0.354861 0.0164062 0.0486111 0.269222
3 0.985156 0.279167 0.0296875 0.166667 0.298047
10 0.603516 0.700694 0.0320312 0.131944 0.299475
1 0.648828 0.245139 0.0507812 0.159722 0.349667
6 0.0371094 0.928472 0.0492188 0.0986111 0.382935
4 0.683594 0.0270833 0.0203125 0.0458333 0.388915
10 0.454688 0.747917 0.0296875 0.106944 0.401965
4 0.423047 0.205556 0.0117188 0.0416667 0.439141
12 0.203125 0.853472 0.0453125 0.101389 0.510616
1 0.669141 0.399306 0.0414063 0.123611 0.554161
4 0.451172 0.15625 0.0148437 0.0486111 0.594686
10 0.396484 0.353472 0.0148437 0.0486111 0.599212
10 0.492578 0.754861 0.0335938 0.115278 0.606403
4 0.560547 0.106944 0.0148437 0.0472222 0.626948
8 0.590234 0.807639 0.0429688 0.151389 0.654693
4 0.586719 0.108333 0.0140625 0.05 0.728477
4 0.395703 0.157639 0.0148437 0.0513889 0.832246
4 0.533594 0.109028 0.0140625 0.0486111 0.850288
