10 0.00898437 0.256944 0.0164062 0.15 0.266218
3 0.507812 0.356944 0.0203125 0.0444444 0.278081
10 0.424219 0.357639 0.0140625 0.0402778 0.286903
10 0.533984 0.359028 0.0148437 0.0402778 0.303886
10 0.218359 0.359028 0.0226563 0.0819444 0.313192
4 0.560156 0.0569444 0.01875 0.0444444 0.330883
1 0.473437 0.0201389 0.0203125 0.0263889 0.337813
3 0.979688 0.283333 0.040625 0.172222 0.338801
11 0.252344 0.885417 0.0625 0.173611 0.342859
10 0.412891 0.0194444 0.0164062 0.0388889 0.343611
11 0.453906 0.744444 0.0359375 0.138889 0.347207
4 0.397266 0.0645833 0.0164062 0.104167 0.37116
11 0.531641 0.772222 0.0335938 0.108333 0.373568
8 0.592969 0.810417 0.04375 0.159722 0.384655
9 0.405078 0.696528 0.0414063 0.148611 0.39123
1 0.533984 0.122917 0.0164062 0.0708333 0.409046
4 0.533984 0.203472 0.0164062 0.0486111 0.448176
4 0.844141 0.884028 0.0257812 0.0402778 0.493047
10 0.397656 0.354861 0.015625 0.0486111 0.628749
4 0.560938 0.107639 0.015625 0.0486111 0.691573
4 0.451953 0.158333 0.0164062 0.0472222 0.699233
11 0.591797 0.809028 0.0445312 0.151389 0.716268
4 0.450391 0.107639 0.0148437 0.0458333 0.772219
4 0.423438 0.107639 0.015625 0.0513889 0.790549
4 0.587891 0.109722 0.0164062 0.05 0.797103
4 0.533594 0.109722 0.0140625 0.0527778 0.821216
11 0.492578 0.756944 0.0335938 0.130556 0.821261
4 0.396484 0.111111 0.0148437 0.05 0.825596
3 0.965234 0.49375 0.0664062 0.181944 0.883527
