10 0.533984 0.357639 0.0148437 0.0430556 0.263101
3 0.666406 0.0951389 0.0515625 0.1625 0.298921
3 0.801172 0.172917 0.0554687 0.206944 0.301682
4 0.533984 0.202778 0.0148437 0.0527778 0.307112
1 0.34375 0.0423611 0.0328125 0.0541667 0.325923
10 0.534375 0.24375 0.015625 0.0597222 0.356239
10 0.221094 0.359722 0.0234375 0.0861111 0.390132
4 0.397656 0.0430556 0.015625 0.0527778 0.392564
4 0.407422 0.0180556 0.0164062 0.0333333 0.410532
3 0.653516 0.227778 0.0617188 0.233333 0.428029
9 0.409766 0.683333 0.0398437 0.147222 0.434431
1 0.533984 0.122222 0.0164062 0.0722222 0.457517
4 0.844141 0.888194 0.0257812 0.0458333 0.45978
11 0.247656 0.879861 0.0609375 0.176389 0.474034
10 0.397656 0.354167 0.015625 0.05 0.482279
10 0.533984 0.776389 0.0320312 0.0972222 0.505214
4 0.560156 0.0548611 0.0203125 0.0375 0.526133
3 0.978125 0.504167 0.04375 0.161111 0.542174
11 0.594141 0.809028 0.0460938 0.148611 0.546856
4 0.413281 0.0166667 0.015625 0.0333333 0.557158
4 0.451562 0.156944 0.015625 0.05 0.638995
4 0.560938 0.10625 0.015625 0.0513889 0.707561
4 0.450391 0.109028 0.0148437 0.0486111 0.72248
11 0.494141 0.756944 0.0335938 0.125 0.75871
4 0.533203 0.109028 0.0148437 0.0541667 0.759761
4 0.423828 0.10625 0.0148437 0.0513889 0.780886
4 0.396484 0.111111 0.0148437 0.05 0.795309
4 0.5875 0.107639 0.015625 0.0486111 0.807194
