3 0.759375 0.0604167 0.01875 0.0958333 0.25156
4 0.560156 0.0576389 0.01875 0.0458333 0.260953
3 0.657422 0.259028 0.0539063 0.170833 0.297202
4 0.845703 0.8875 0.0273438 0.0444444 0.308897
8 0.592578 0.811111 0.0429688 0.161111 0.334881
4 0.505078 0.0604167 0.0179687 0.0458333 0.339016
10 0.605078 0.709722 0.0335938 0.138889 0.353546
1 0.534766 0.204167 0.0164062 0.05 0.371379
4 0.450781 0.15625 0.0140625 0.0486111 0.402936
4 0.423047 0.209722 0.0148437 0.0583333 0.422321
11 0.591016 0.809028 0.0460938 0.154167 0.461945
2 0.658984 0.0486111 0.0539063 0.0916667 0.483181
10 0.396875 0.354861 0.0140625 0.0486111 0.510974
11 0.490625 0.759028 0.0375 0.126389 0.546365
10 0.469531 0.647222 0.028125 0.0833333 0.633947
4 0.45 0.109722 0.0140625 0.05 0.731604
4 0.560938 0.107639 0.015625 0.0486111 0.760268
4 0.395703 0.159028 0.0148437 0.0513889 0.814341
4 0.586719 0.110417 0.015625 0.0513889 0.829493
4 0.533203 0.109722 0.0148437 0.0472222 0.879839
