3 0.757812 0.0604167 0.0234375 0.106944 0.25079
4 0.417969 0.01875 0.0171875 0.0319444 0.271049
3 0.507812 0.351389 0.0203125 0.0472222 0.274489
10 0.554297 0.6875 0.0226563 0.0777778 0.287558
12 0.342578 0.289583 0.0523437 0.165278 0.289685
1 0.473047 0.0208333 0.0210938 0.0277778 0.294064
6 0.758984 0.0451389 0.0257812 0.0847222 0.330079
10 0.419141 0.0180556 0.0164062 0.0361111 0.338646
1 0.477734 0.201389 0.0164062 0.0472222 0.35569
10 0.520703 0.711806 0.0273438 0.0902778 0.370612
4 0.844531 0.884722 0.025 0.0388889 0.446535
4 0.423438 0.206944 0.0140625 0.0472222 0.459495
4 0.396484 0.0555556 0.0164062 0.0944444 0.485987
6 0.723828 0.0243056 0.0304688 0.0430556 0.626762
8 0.588672 0.806944 0.0398437 0.147222 0.66139
11 0.489844 0.754167 0.034375 0.125 0.706183
4 0.450781 0.160417 0.015625 0.0486111 0.718067
4 0.560547 0.106944 0.0164062 0.05 0.723378
4 0.450391 0.109722 0.0148437 0.05 0.73351
4 0.396094 0.110417 0.0140625 0.0486111 0.772657
4 0.587891 0.109722 0.0164062 0.05 0.82663
4 0.533594 0.109028 0.0140625 0.0486111 0.861061
