10 0.505859 0.254167 0.0148437 0.0361111 0.261284
4 0.423047 0.0173611 0.0148437 0.0319444 0.267847
4 0.449609 0.0604167 0.0132813 0.0541667 0.28476
1 0.533984 0.0472222 0.0164062 0.0527778 0.288766
4 0.942187 0.930556 0.0234375 0.0472222 0.303234
8 0.596094 0.804167 0.04375 0.15 0.315819
1 0.451953 0.153472 0.0164062 0.0486111 0.319114
4 0.686719 0.0236111 0.0171875 0.0416667 0.321979
10 0.423828 0.355556 0.0148437 0.0472222 0.32465
4 0.533203 0.0451389 0.0148437 0.0625 0.334806
3 0.967969 0.111111 0.05 0.172222 0.343514
11 0.528516 0.770139 0.0351562 0.1125 0.350949
10 0.476953 0.377083 0.0195312 0.0791667 0.352151
10 0.521484 0.659028 0.0273438 0.115278 0.358159
10 0.507422 0.744444 0.0289063 0.0916667 0.361579
4 0.452344 0.152083 0.015625 0.0486111 0.451144
4 0.505859 0.20625 0.0132813 0.0375 0.45418
4 0.844531 0.886111 0.0234375 0.0388889 0.465939
4 0.396484 0.0451389 0.0164062 0.0569444 0.487918
1 0.966797 0.106944 0.0507812 0.166667 0.55453
1 0.476953 0.0402778 0.0195312 0.0638889 0.578015
4 0.560938 0.0555556 0.0171875 0.0388889 0.608245
11 0.652344 0.725694 0.040625 0.131944 0.677809
1 0.533594 0.130556 0.0171875 0.0805556 0.705462
4 0.45 0.107639 0.015625 0.0458333 0.722752
4 0.560156 0.108333 0.0140625 0.0472222 0.758487
4 0.587109 0.109722 0.0148437 0.05 0.830739
4 0.423438 0.107639 0.0140625 0.0486111 0.832202
4 0.396094 0.110417 0.0140625 0.0486111 0.847966
