1 0.806641 0.213889 0.0539063 0.163889 0.262133
1 0.0433594 0.958333 0.0335938 0.0666667 0.268467
10 0.533984 0.245833 0.0164062 0.0583333 0.269215
10 0.569531 0.627083 0.025 0.0875 0.407357
1 0.450391 0.159722 0.0148437 0.0472222 0.407915
1 0.669922 0.0875 0.0320312 0.105556 0.466959
4 0.450781 0.156944 0.015625 0.05 0.486465
4 0.422656 0.210417 0.0140625 0.0597222 0.537383
4 0.559766 0.0576389 0.0195312 0.0375 0.540781
10 0.396094 0.354167 0.015625 0.0472222 0.540868
4 0.560156 0.105556 0.015625 0.05 0.694682
6 0.0324219 0.202778 0.0617188 0.230556 0.731025
4 0.395703 0.159722 0.0148437 0.05 0.804234
4 0.586719 0.109028 0.015625 0.0513889 0.81423
4 0.533203 0.108333 0.0148437 0.05 0.859563
