1 0.533984 0.204167 0.0179687 0.0527778 0.253629
4 0.682031 0.0256944 0.0171875 0.0402778 0.25662
9 0.402734 0.697222 0.0382813 0.141667 0.267173
4 0.411719 0.0180556 0.0171875 0.0361111 0.272606
3 0.508594 0.352778 0.0203125 0.0472222 0.304384
3 0.7875 0.570139 0.0578125 0.131944 0.315564
1 0.472656 0.0215278 0.0203125 0.0291667 0.321255
4 0.560156 0.0583333 0.01875 0.0472222 0.365116
4 0.396875 0.0361111 0.01875 0.0638889 0.369341
1 0.477344 0.201389 0.0171875 0.0472222 0.373208
4 0.424219 0.20625 0.0140625 0.0458333 0.383519
6 0.722266 0.025 0.0304688 0.0444444 0.395061
11 0.590625 0.808333 0.04375 0.15 0.416984
6 0.761719 0.0604167 0.03125 0.106944 0.444891
3 0.761328 0.0583333 0.0304688 0.105556 0.449293
10 0.397266 0.354167 0.0164062 0.05 0.483507
4 0.844141 0.883333 0.0242187 0.0388889 0.564572
3 0.975391 0.2875 0.0476562 0.166667 0.581172
4 0.451172 0.161111 0.0148437 0.0472222 0.612681
1 0.785547 0.567361 0.0601562 0.126389 0.621231
11 0.491016 0.755556 0.0351562 0.127778 0.675351
4 0.560938 0.109722 0.015625 0.05 0.684369
4 0.450391 0.109028 0.0148437 0.0513889 0.712929
4 0.396094 0.109722 0.015625 0.05 0.804685
4 0.587891 0.109722 0.0164062 0.05 0.821535
4 0.533984 0.109028 0.0148437 0.0486111 0.82229
