4 0.747266 0.919444 0.0242187 0.0472222 0.267578
1 0.591797 0.305556 0.0507812 0.166667 0.270411
11 0.568359 0.677778 0.0429688 0.127778 0.277717
10 0.602344 0.639583 0.0265625 0.0791667 0.305097
3 0.0367187 0.290278 0.0515625 0.194444 0.325584
1 0.858203 0.902778 0.0539063 0.075 0.34523
5 0.112109 0.208333 0.0570313 0.197222 0.388995
1 0.109375 0.415972 0.0328125 0.1125 0.409927
3 0.670703 0.0895833 0.0351562 0.1125 0.520416
1 0.107031 0.204861 0.053125 0.204167 0.520798
11 0.109375 0.202778 0.0578125 0.197222 0.632653
