4 0.559766 0.0583333 0.0195312 0.0472222 0.251486
11 0.618359 0.758333 0.0351562 0.138889 0.252443
10 0.419531 0.01875 0.0171875 0.0375 0.261685
3 0.75625 0.0569444 0.0265625 0.108333 0.280546
4 0.506641 0.0569444 0.0195312 0.0555556 0.289591
4 0.451562 0.134028 0.015625 0.0819444 0.292481
4 0.41875 0.0194444 0.0171875 0.0361111 0.375963
6 0.758203 0.0430556 0.0242187 0.0777778 0.382518
11 0.645703 0.722222 0.0351562 0.119444 0.392015
3 0.451172 0.157639 0.0179687 0.0513889 0.434896
4 0.451562 0.157639 0.0171875 0.0513889 0.438271
4 0.397656 0.0597222 0.0171875 0.102778 0.440308
4 0.450781 0.0611111 0.015625 0.0527778 0.472434
3 0.657031 0.25 0.0640625 0.177778 0.481772
10 0.397656 0.354167 0.0171875 0.0555556 0.499209
1 0.533594 0.131944 0.01875 0.0805556 0.562949
4 0.844922 0.884028 0.0257812 0.0402778 0.587377
10 0.530469 0.778472 0.03125 0.0930556 0.650509
4 0.450391 0.107639 0.0164062 0.0513889 0.668062
8 0.588672 0.808333 0.0429688 0.147222 0.708867
4 0.533203 0.111806 0.0164062 0.0541667 0.717025
4 0.560938 0.108333 0.015625 0.05 0.763938
4 0.587109 0.110417 0.0164062 0.0513889 0.803664
4 0.396484 0.109722 0.0164062 0.0472222 0.806639
4 0.423828 0.107639 0.0164062 0.0513889 0.809243
