10 0.417578 0.01875 0.0164062 0.0347222 0.260696
10 0.424219 0.357639 0.0140625 0.0430556 0.268536
4 0.944922 0.93125 0.0226563 0.0430556 0.273562
11 0.530469 0.779167 0.0328125 0.0972222 0.304683
4 0.45 0.0618056 0.015625 0.0569444 0.371278
4 0.683203 0.0291667 0.0164062 0.05 0.384865
8 0.590625 0.8125 0.04375 0.155556 0.391188
4 0.397656 0.0583333 0.0171875 0.102778 0.41092
3 0.843359 0.597222 0.0539063 0.136111 0.424578
10 0.530859 0.780556 0.0304688 0.0916667 0.439306
2 0.844531 0.595139 0.0515625 0.131944 0.461311
4 0.451562 0.157639 0.0171875 0.0486111 0.497618
11 0.589453 0.810417 0.0445312 0.148611 0.512205
10 0.396875 0.354861 0.015625 0.0513889 0.523051
4 0.45 0.108333 0.015625 0.05 0.631404
4 0.533203 0.110417 0.0148437 0.0569444 0.642473
4 0.560547 0.107639 0.0148437 0.0513889 0.668906
1 0.533594 0.131944 0.01875 0.0861111 0.70726
1 0.844141 0.598611 0.0523437 0.152778 0.757281
4 0.587891 0.108333 0.0164062 0.05 0.782011
4 0.396094 0.111111 0.015625 0.0472222 0.789101
4 0.423438 0.108333 0.015625 0.05 0.817804
