10 0.415625 0.0180556 0.0171875 0.0361111 0.252552
10 0.423828 0.357639 0.0132813 0.0458333 0.263831
4 0.450391 0.0631944 0.0164062 0.0625 0.277347
4 0.417188 0.01875 0.0171875 0.0347222 0.288642
3 0.841797 0.597222 0.0695312 0.147222 0.291813
4 0.945312 0.931944 0.025 0.0444444 0.308818
7 0.288281 0.35625 0.0578125 0.1875 0.372382
1 0.652344 0.252778 0.0578125 0.197222 0.394877
11 0.5875 0.806944 0.0484375 0.141667 0.396587
4 0.746094 0.920139 0.0203125 0.0486111 0.405722
1 0.476953 0.0451389 0.0195312 0.0541667 0.476876
4 0.397656 0.0576389 0.0171875 0.101389 0.480495
10 0.23125 0.861111 0.0421875 0.147222 0.493415
1 0.839063 0.597222 0.0671875 0.161111 0.5497
4 0.844531 0.884722 0.0265625 0.0388889 0.556547
1 0.708594 0.111111 0.053125 0.194444 0.570915
8 0.588672 0.807639 0.0445312 0.148611 0.574096
4 0.451172 0.157639 0.0164062 0.0486111 0.581774
1 0.533984 0.129861 0.0179687 0.0819444 0.592937
4 0.507031 0.0583333 0.01875 0.05 0.602721
11 0.640234 0.727778 0.0445312 0.138889 0.63252
4 0.533203 0.1125 0.0148437 0.0527778 0.675793
4 0.560547 0.109028 0.0148437 0.0486111 0.717358
4 0.45 0.108333 0.015625 0.0472222 0.752908
4 0.5875 0.109722 0.015625 0.05 0.785901
4 0.396094 0.110417 0.015625 0.0458333 0.797111
4 0.423438 0.108333 0.015625 0.05 0.825841
