7 0.610547 0.795139 0.0382813 0.120833 0.261751
1 0.632031 0.0277778 0.0328125 0.0416667 0.265678
3 0.635156 0.0388889 0.03125 0.0583333 0.2664
6 0.896094 0.895833 0.0359375 0.0555556 0.26837
10 0.423828 0.357639 0.0132813 0.0486111 0.288697
4 0.397656 0.0722222 0.0171875 0.105556 0.291321
4 0.944922 0.93125 0.0242187 0.0458333 0.308212
4 0.588672 0.05 0.0179687 0.05 0.327916
3 0.45 0.154861 0.01875 0.0458333 0.343597
6 0.974609 0.0430556 0.0445312 0.0666667 0.382439
10 0.423047 0.201389 0.0148437 0.0472222 0.38287
4 0.505469 0.0458333 0.0171875 0.0583333 0.400914
1 0.8375 0.603472 0.059375 0.179167 0.426176
9 0.310547 0.601389 0.0554687 0.186111 0.42916
3 0.967969 0.0972222 0.05625 0.166667 0.462395
7 0.310547 0.604861 0.0539063 0.198611 0.468917
4 0.532812 0.113194 0.015625 0.0513889 0.48084
1 0.450391 0.156944 0.0179687 0.0444444 0.503374
10 0.396875 0.354167 0.015625 0.0555556 0.506062
10 0.477344 0.377083 0.01875 0.0791667 0.569371
4 0.45 0.113889 0.015625 0.0527778 0.5846
1 0.533594 0.134028 0.01875 0.0763889 0.635223
4 0.396094 0.109722 0.015625 0.0472222 0.794708
4 0.587891 0.109028 0.0164062 0.0486111 0.802402
4 0.560938 0.109028 0.015625 0.0458333 0.81666
4 0.423438 0.108333 0.015625 0.05 0.832694
4 0.477344 0.109028 0.0171875 0.0513889 0.864036
