10 0.620703 0.754861 0.0351562 0.1375 0.269071
10 0.396875 0.354167 0.0140625 0.05 0.278896
9 0.407422 0.678472 0.0382813 0.145833 0.285755
4 0.944141 0.932639 0.0257812 0.0458333 0.331559
4 0.845312 0.886806 0.028125 0.0430556 0.337736
3 0.028125 0.0548611 0.05 0.109722 0.383746
1 0.0289063 0.0541667 0.05 0.102778 0.449095
4 0.50625 0.0590278 0.01875 0.0486111 0.452917
3 0.767969 0.0819444 0.0359375 0.138889 0.527343
8 0.592969 0.809722 0.0421875 0.161111 0.550526
11 0.591406 0.808333 0.0453125 0.152778 0.559125
11 0.491797 0.754861 0.0351562 0.134722 0.577886
4 0.451172 0.157639 0.0148437 0.0458333 0.686922
4 0.560547 0.108333 0.0164062 0.05 0.728593
4 0.450391 0.108333 0.0148437 0.05 0.742018
4 0.396094 0.109722 0.015625 0.0527778 0.807801
4 0.587891 0.109722 0.0164062 0.05 0.819513
4 0.533594 0.109722 0.015625 0.0472222 0.882401
