11 0.491406 0.755556 0.0359375 0.122222 0.259458
10 0.396875 0.354167 0.0140625 0.05 0.267412
1 0.760156 0.0840278 0.025 0.118056 0.286685
4 0.560156 0.0583333 0.01875 0.0444444 0.288079
10 0.434375 0.680556 0.0296875 0.0888889 0.344826
4 0.505859 0.0597222 0.0179687 0.0472222 0.368776
1 0.477344 0.201389 0.015625 0.0472222 0.390718
8 0.590625 0.808333 0.0421875 0.15 0.418215
10 0.619141 0.754167 0.0335938 0.133333 0.422916
4 0.450781 0.161111 0.0140625 0.0444444 0.643176
4 0.560938 0.107639 0.015625 0.0486111 0.715451
4 0.45 0.109028 0.0140625 0.0486111 0.736678
4 0.5875 0.109028 0.015625 0.0486111 0.808158
4 0.396484 0.109722 0.0148437 0.05 0.830884
4 0.533594 0.110417 0.015625 0.0486111 0.883218
