1 0.533984 0.204861 0.0164062 0.0541667 0.282667
10 0.555078 0.6875 0.0242187 0.075 0.282721
4 0.41875 0.01875 0.0171875 0.0319444 0.28727
4 0.560156 0.0583333 0.01875 0.05 0.289458
3 0.761328 0.0590278 0.0304688 0.106944 0.363045
6 0.760938 0.0597222 0.0296875 0.105556 0.384932
1 0.472656 0.0208333 0.0203125 0.0277778 0.396974
3 0.971094 0.289583 0.053125 0.156944 0.432619
10 0.520703 0.711806 0.0273438 0.0902778 0.432648
10 0.00859375 0.245139 0.015625 0.151389 0.436705
6 0.722656 0.0243056 0.0296875 0.0430556 0.447619
11 0.589453 0.807639 0.0429688 0.151389 0.472777
4 0.396094 0.0381944 0.01875 0.0652778 0.493448
1 0.477344 0.202083 0.0171875 0.0458333 0.500321
4 0.423438 0.206944 0.015625 0.0472222 0.514677
1 0.784766 0.566667 0.0585938 0.127778 0.559188
4 0.450391 0.159722 0.0148437 0.0472222 0.620285
10 0.396875 0.354167 0.015625 0.0472222 0.647021
4 0.844141 0.882639 0.0242187 0.0375 0.65222
11 0.489844 0.754861 0.034375 0.123611 0.665182
4 0.450391 0.109722 0.0148437 0.05 0.740005
4 0.560938 0.106944 0.015625 0.05 0.744272
4 0.395703 0.109722 0.0148437 0.05 0.786755
4 0.587891 0.109722 0.0164062 0.05 0.82014
4 0.533594 0.108333 0.0140625 0.05 0.844076
