1 0.533594 0.204167 0.0171875 0.0527778 0.257665
11 0.230078 0.872222 0.0554687 0.175 0.284073
3 0.508594 0.352083 0.0203125 0.0486111 0.311277
10 0.521094 0.713194 0.028125 0.0902778 0.311602
1 0.477344 0.201389 0.0171875 0.0472222 0.325821
9 0.403906 0.694444 0.0390625 0.144444 0.334677
3 0.7875 0.570833 0.05625 0.130556 0.338237
4 0.411719 0.0180556 0.0171875 0.0361111 0.35215
4 0.560156 0.0583333 0.01875 0.0472222 0.355607
1 0.473047 0.0215278 0.0210938 0.0291667 0.378846
4 0.424219 0.20625 0.0140625 0.0458333 0.392415
4 0.397266 0.0361111 0.0195312 0.0638889 0.399014
6 0.722266 0.025 0.0304688 0.0444444 0.424045
6 0.762109 0.0597222 0.0320312 0.108333 0.458326
11 0.590234 0.808333 0.0429688 0.15 0.463057
3 0.761719 0.0590278 0.03125 0.106944 0.478354
4 0.844141 0.883333 0.0242187 0.0388889 0.550555
10 0.397266 0.354861 0.0164062 0.0486111 0.563024
3 0.975781 0.2875 0.046875 0.166667 0.599088
1 0.785156 0.567361 0.059375 0.126389 0.622525
4 0.451172 0.161111 0.0148437 0.0472222 0.629409
4 0.560938 0.106944 0.015625 0.05 0.680002
11 0.490625 0.75625 0.034375 0.123611 0.719498
4 0.45 0.109028 0.0140625 0.0513889 0.721847
4 0.396094 0.109722 0.015625 0.05 0.810724
4 0.587891 0.109028 0.0164062 0.0513889 0.814593
4 0.533984 0.109028 0.0148437 0.0486111 0.824076
