1 0.671484 0.238889 0.0617188 0.2 0.253471
4 0.945312 0.931944 0.025 0.0444444 0.270188
10 0.521094 0.665278 0.0328125 0.116667 0.28021
4 0.745313 0.919444 0.021875 0.05 0.287337
10 0.505859 0.254861 0.0148437 0.0375 0.295302
10 0.561719 0.375694 0.01875 0.0791667 0.30606
4 0.533984 0.0513889 0.0179687 0.05 0.318509
10 0.419141 0.711111 0.0382813 0.136111 0.328517
8 0.59375 0.802083 0.05 0.156944 0.366152
4 0.559766 0.05625 0.0179687 0.0402778 0.371138
4 0.505859 0.20625 0.0132813 0.0402778 0.373259
1 0.476562 0.0409722 0.01875 0.0625 0.381148
4 0.533203 0.111806 0.0148437 0.0569444 0.388822
11 0.595312 0.797222 0.0484375 0.158333 0.39052
4 0.397266 0.0604167 0.0164062 0.101389 0.404577
3 0.449609 0.15625 0.0179687 0.0430556 0.407075
10 0.423828 0.356944 0.0132813 0.0472222 0.419452
1 0.450391 0.158333 0.0179687 0.0416667 0.421831
10 0.396484 0.354861 0.0148437 0.0541667 0.526622
6 0.720703 0.0284722 0.0382813 0.0486111 0.541554
11 0.64375 0.726389 0.0421875 0.138889 0.551015
4 0.45 0.111111 0.015625 0.0527778 0.56442
1 0.960938 0.103472 0.059375 0.179167 0.566013
10 0.477734 0.376389 0.0195312 0.0777778 0.61977
1 0.533203 0.131944 0.0179687 0.0777778 0.647075
4 0.843359 0.884722 0.0257812 0.0388889 0.668352
4 0.560547 0.109028 0.0148437 0.0486111 0.750586
4 0.396484 0.111806 0.0148437 0.0486111 0.788241
4 0.5875 0.109028 0.015625 0.0486111 0.810787
4 0.477734 0.107639 0.0164062 0.0513889 0.830714
4 0.423438 0.107639 0.015625 0.0486111 0.83391
