10 0.415625 0.0180556 0.0171875 0.0361111 0.268698
4 0.450391 0.0631944 0.0164062 0.0625 0.282113
10 0.00820312 0.249306 0.0164062 0.170833 0.29004
4 0.417188 0.01875 0.0171875 0.0347222 0.292065
7 0.289062 0.35625 0.0578125 0.1875 0.309139
4 0.945312 0.931944 0.025 0.0444444 0.319765
10 0.423828 0.357639 0.0132813 0.0458333 0.326717
11 0.588281 0.806944 0.0484375 0.141667 0.40794
1 0.652344 0.252778 0.0578125 0.197222 0.409179
2 0.842188 0.597222 0.065625 0.147222 0.414693
4 0.746094 0.920139 0.0203125 0.0486111 0.415078
10 0.230469 0.861806 0.0421875 0.148611 0.456294
1 0.476953 0.0458333 0.0195312 0.0555556 0.468895
4 0.397656 0.0583333 0.0171875 0.102778 0.488029
1 0.839063 0.596528 0.0671875 0.159722 0.555979
4 0.844531 0.884722 0.0265625 0.0388889 0.558917
8 0.588672 0.807639 0.0445312 0.148611 0.570046
1 0.708594 0.110417 0.053125 0.195833 0.583295
1 0.533594 0.129861 0.01875 0.0819444 0.590665
4 0.451172 0.157639 0.0164062 0.0486111 0.602005
4 0.507031 0.0583333 0.01875 0.05 0.607441
11 0.640234 0.727778 0.0445312 0.138889 0.629979
4 0.533203 0.113194 0.0148437 0.0541667 0.678526
4 0.560547 0.109028 0.0148437 0.0486111 0.720449
4 0.45 0.108333 0.015625 0.0472222 0.755626
4 0.5875 0.109722 0.015625 0.05 0.788832
4 0.396094 0.110417 0.015625 0.0458333 0.797014
4 0.423438 0.108333 0.015625 0.05 0.828018
