10 0.424219 0.356944 0.0140625 0.0416667 0.259177
3 0.758594 0.08125 0.03125 0.1375 0.259228
4 0.944141 0.932639 0.0289063 0.0430556 0.274664
1 0.477734 0.200694 0.0164062 0.0486111 0.290598
4 0.506641 0.0597222 0.0179687 0.05 0.315461
10 0.422656 0.240278 0.015625 0.0638889 0.324598
6 0.757422 0.0381944 0.0226563 0.0680556 0.325725
3 0.506641 0.0590278 0.0179687 0.0486111 0.325753
10 0.521094 0.70625 0.03125 0.109722 0.349339
1 0.762109 0.0868056 0.0351562 0.140278 0.364188
6 0.722656 0.025 0.03125 0.0444444 0.425969
11 0.490234 0.754167 0.0351562 0.125 0.458466
1 0.970703 0.293056 0.0539063 0.191667 0.46918
4 0.846094 0.893056 0.0328125 0.0583333 0.503288
6 0.0503906 0.926389 0.0429688 0.102778 0.550144
8 0.589453 0.807639 0.0429688 0.151389 0.585111
4 0.450781 0.160417 0.0140625 0.0458333 0.598286
4 0.560938 0.106944 0.015625 0.05 0.68067
4 0.450391 0.109028 0.0148437 0.0486111 0.730337
4 0.587891 0.109722 0.0164062 0.05 0.817802
4 0.396484 0.109028 0.0148437 0.0513889 0.838545
4 0.533984 0.109722 0.0148437 0.05 0.88605
