11 0.469922 0.6625 0.0320312 0.116667 0.251358
1 0.671094 0.245139 0.0609375 0.184722 0.252866
1 0.764844 0.234028 0.053125 0.1625 0.253339
10 0.50625 0.252083 0.0140625 0.0402778 0.253717
3 0.450391 0.155556 0.0179687 0.0444444 0.261215
11 0.521094 0.665972 0.0328125 0.120833 0.262405
10 0.507031 0.744444 0.0296875 0.1 0.27
10 0.423828 0.356944 0.0132813 0.0472222 0.29653
10 0.397266 0.354167 0.0148437 0.0555556 0.299482
10 0.396875 0.0451389 0.0171875 0.0597222 0.310414
6 0.721484 0.0277778 0.0382813 0.0472222 0.326814
4 0.745703 0.920139 0.0226563 0.0541667 0.362606
1 0.476562 0.0451389 0.0171875 0.0513889 0.379989
4 0.944922 0.931944 0.0242187 0.0444444 0.394448
4 0.397266 0.0604167 0.0164062 0.104167 0.403411
10 0.533984 0.354861 0.0148437 0.0458333 0.422022
1 0.450391 0.157639 0.0179687 0.0430556 0.438283
4 0.842578 0.885417 0.0242187 0.0347222 0.447853
4 0.5875 0.0569444 0.0171875 0.0444444 0.464409
3 0.972266 0.116667 0.0507812 0.175 0.478672
10 0.476953 0.378472 0.0179687 0.0736111 0.496137
7 0.286719 0.353472 0.0609375 0.184722 0.502085
4 0.50625 0.0541667 0.015625 0.0444444 0.516025
1 0.971484 0.103472 0.0523437 0.173611 0.519491
6 0.973437 0.0402778 0.04375 0.0583333 0.527597
1 0.838672 0.608333 0.0648438 0.180556 0.536722
4 0.450391 0.111111 0.0148437 0.05 0.648779
1 0.533984 0.130556 0.0179687 0.0805556 0.709303
4 0.396484 0.111806 0.0148437 0.0486111 0.810677
4 0.560938 0.108333 0.0140625 0.0472222 0.811623
4 0.423438 0.107639 0.015625 0.0486111 0.825845
4 0.587891 0.107639 0.0164062 0.0486111 0.847396
4 0.477734 0.108333 0.0164062 0.05 0.876256
