6 0.760156 0.0479167 0.0203125 0.0930556 0.251832
4 0.684375 0.0284722 0.0171875 0.0486111 0.280428
10 0.009375 0.246528 0.0171875 0.165278 0.294093
11 0.589063 0.805556 0.046875 0.147222 0.308265
3 0.759375 0.0576389 0.0203125 0.0958333 0.335304
4 0.945312 0.931944 0.0234375 0.0444444 0.340396
4 0.751953 0.91875 0.0195312 0.0486111 0.340573
1 0.477344 0.0479167 0.01875 0.0486111 0.378233
4 0.449609 0.0611111 0.0148437 0.05 0.380476
10 0.477344 0.376389 0.0203125 0.0833333 0.42374
4 0.559766 0.0576389 0.0195312 0.0430556 0.427704
3 0.967969 0.122917 0.05 0.176389 0.440551
10 0.529297 0.774306 0.0320312 0.0958333 0.45752
11 0.646875 0.727778 0.0453125 0.141667 0.49398
4 0.844531 0.884028 0.025 0.0375 0.506166
1 0.833984 0.600694 0.0570313 0.154167 0.623194
1 0.533984 0.129861 0.0179687 0.0819444 0.634274
4 0.560547 0.107639 0.0148437 0.0486111 0.652694
4 0.507031 0.0583333 0.01875 0.0472222 0.658683
4 0.533594 0.111806 0.015625 0.0541667 0.6636
4 0.396875 0.0604167 0.01875 0.0486111 0.714471
4 0.450781 0.157639 0.015625 0.0486111 0.740973
4 0.397266 0.111111 0.0132813 0.0444444 0.741461
10 0.51875 0.6625 0.0328125 0.113889 0.746329
8 0.589844 0.807639 0.04375 0.148611 0.762596
4 0.5875 0.109028 0.015625 0.0513889 0.774887
4 0.45 0.109028 0.015625 0.0458333 0.799063
4 0.423438 0.107639 0.0140625 0.0486111 0.837642
