4 0.759375 0.0347222 0.0171875 0.0638889 0.265292
4 0.451172 0.350694 0.0164062 0.0513889 0.285071
4 0.945703 0.932639 0.0257812 0.0430556 0.324763
10 0.00898437 0.247917 0.0164062 0.159722 0.341296
10 0.450391 0.347917 0.0179687 0.0513889 0.347648
10 0.469141 0.647222 0.0273438 0.0805556 0.353261
4 0.423438 0.205556 0.0125 0.0444444 0.413347
10 0.603906 0.699306 0.03125 0.129167 0.42349
10 0.457812 0.748611 0.0375 0.116667 0.437787
4 0.844922 0.886806 0.0273438 0.0430556 0.475099
3 0.758984 0.0597222 0.0210938 0.0916667 0.480905
6 0.0496094 0.928472 0.0429688 0.0958333 0.530862
10 0.396875 0.353472 0.015625 0.0486111 0.53182
11 0.651563 0.727083 0.03125 0.0930556 0.549103
4 0.451172 0.15625 0.0148437 0.0486111 0.587913
10 0.4375 0.663889 0.03125 0.113889 0.6839
11 0.589844 0.807639 0.0484375 0.159722 0.68537
4 0.560547 0.10625 0.0148437 0.0486111 0.698874
4 0.450781 0.0583333 0.0171875 0.0416667 0.723854
4 0.450781 0.108333 0.0140625 0.05 0.756537
4 0.587109 0.109028 0.0148437 0.0513889 0.781587
4 0.395703 0.158333 0.0148437 0.0527778 0.813157
4 0.533203 0.108333 0.0148437 0.0472222 0.834758
