10 0.00859375 0.243056 0.015625 0.152778 0.252454
4 0.450391 0.0631944 0.0164062 0.0652778 0.262393
4 0.560156 0.0576389 0.0203125 0.0458333 0.29748
11 0.589063 0.805556 0.046875 0.141667 0.309265
10 0.416797 0.0173611 0.0164062 0.0347222 0.309459
4 0.746094 0.921528 0.0203125 0.0486111 0.319417
11 0.625 0.734028 0.040625 0.143056 0.33117
7 0.479297 0.632639 0.0429688 0.118056 0.369427
4 0.945312 0.931944 0.0234375 0.0444444 0.374481
4 0.397656 0.0694444 0.0171875 0.111111 0.375816
7 0.645312 0.722917 0.0390625 0.134722 0.381842
1 0.476562 0.0472222 0.01875 0.0527778 0.449352
10 0.528516 0.775694 0.0304688 0.0902778 0.474221
10 0.424219 0.35625 0.0140625 0.0486111 0.482685
1 0.65625 0.2625 0.0609375 0.166667 0.506029
11 0.639844 0.726389 0.04375 0.138889 0.520245
1 0.962891 0.107639 0.0523437 0.168056 0.540977
4 0.844922 0.882639 0.0242187 0.0375 0.574476
11 0.517187 0.659028 0.034375 0.118056 0.58131
1 0.533594 0.129861 0.01875 0.0819444 0.643136
4 0.533203 0.1125 0.0164062 0.0527778 0.680174
4 0.507031 0.0590278 0.01875 0.0486111 0.684234
1 0.708594 0.116667 0.0546875 0.197222 0.711128
10 0.478125 0.377778 0.01875 0.0722222 0.720305
7 0.292578 0.355556 0.0554687 0.180556 0.733806
4 0.560547 0.108333 0.0148437 0.05 0.739194
4 0.450781 0.158333 0.0171875 0.05 0.76598
4 0.45 0.108333 0.015625 0.0472222 0.773886
4 0.587891 0.109722 0.0164062 0.05 0.810175
8 0.589844 0.806944 0.04375 0.15 0.811872
4 0.396094 0.111806 0.015625 0.0486111 0.821841
4 0.423438 0.109028 0.015625 0.0486111 0.8555
