3 0.505469 0.253472 0.01875 0.0486111 0.254408
10 0.478125 0.297917 0.015625 0.0402778 0.261262
10 0.534375 0.154167 0.0140625 0.0444444 0.263855
1 0.657812 0.24375 0.059375 0.184722 0.26792
9 0.46875 0.692361 0.04375 0.170833 0.268475
4 0.754687 0.0361111 0.021875 0.0638889 0.27408
4 0.678125 0.0236111 0.0171875 0.0388889 0.278814
4 0.944922 0.932639 0.0242187 0.0430556 0.31949
11 0.614453 0.760417 0.0367187 0.129167 0.323905
4 0.414453 0.01875 0.0164062 0.0375 0.324545
4 0.473437 0.0180556 0.0171875 0.025 0.331509
10 0.423828 0.357639 0.0132813 0.0458333 0.338588
3 0.762109 0.0909722 0.0398437 0.151389 0.349473
4 0.397266 0.0604167 0.0164062 0.106944 0.442808
7 0.644531 0.717361 0.03125 0.115278 0.446407
4 0.450391 0.0590278 0.0148437 0.0513889 0.498441
10 0.396875 0.354167 0.015625 0.0555556 0.509661
8 0.585938 0.806944 0.0421875 0.15 0.582407
10 0.571484 0.705556 0.0289063 0.0944444 0.623965
4 0.560938 0.106944 0.015625 0.0472222 0.628899
4 0.451172 0.157639 0.0164062 0.0486111 0.63557
9 0.69375 0.635417 0.0328125 0.106944 0.650136
4 0.450781 0.108333 0.015625 0.05 0.710321
4 0.844531 0.883333 0.025 0.0388889 0.714012
11 0.644531 0.719444 0.034375 0.122222 0.721419
4 0.5875 0.109028 0.015625 0.0486111 0.82222
4 0.423438 0.108333 0.015625 0.05 0.837356
4 0.396094 0.110417 0.015625 0.0458333 0.844494
4 0.533594 0.108333 0.015625 0.0472222 0.878843
