1 0.533594 0.204861 0.0171875 0.0541667 0.29682
4 0.560156 0.0583333 0.01875 0.0472222 0.308941
4 0.419141 0.01875 0.0164062 0.0319444 0.315192
3 0.760938 0.0590278 0.03125 0.106944 0.358445
6 0.761328 0.0604167 0.0304688 0.106944 0.383864
1 0.472266 0.0208333 0.0195312 0.0277778 0.394314
6 0.722266 0.025 0.0304688 0.0444444 0.417607
10 0.00859375 0.245139 0.015625 0.151389 0.442907
10 0.520703 0.7125 0.0273438 0.0888889 0.457028
3 0.970703 0.288889 0.0539063 0.163889 0.464288
11 0.590234 0.807639 0.0429688 0.151389 0.483494
4 0.396094 0.0381944 0.01875 0.0652778 0.484142
1 0.477344 0.202083 0.0171875 0.0458333 0.519023
4 0.423438 0.206944 0.015625 0.0472222 0.521061
1 0.785547 0.567361 0.0585938 0.126389 0.614544
4 0.450391 0.159722 0.0148437 0.0472222 0.632768
11 0.489844 0.754861 0.034375 0.123611 0.634888
4 0.844141 0.882639 0.0242187 0.0375 0.650028
10 0.396875 0.354167 0.015625 0.0472222 0.662731
4 0.450391 0.109722 0.0148437 0.05 0.744402
4 0.560547 0.106944 0.0164062 0.05 0.750677
4 0.395703 0.110417 0.0148437 0.0486111 0.792258
4 0.587891 0.109722 0.0164062 0.05 0.823404
4 0.533594 0.108333 0.0140625 0.05 0.84385
