10 0.231641 0.8625 0.0429688 0.15 0.251707
4 0.945703 0.931944 0.0242187 0.0444444 0.265774
4 0.751953 0.91875 0.0210938 0.0486111 0.273119
10 0.417969 0.0180556 0.0171875 0.0361111 0.281053
11 0.585938 0.801389 0.046875 0.155556 0.296613
9 0.695312 0.641667 0.0359375 0.0916667 0.316605
4 0.450391 0.0625 0.0164062 0.0611111 0.332698
4 0.756641 0.0361111 0.0210938 0.0638889 0.335984
10 0.423438 0.356944 0.0125 0.0444444 0.344956
6 0.973437 0.115278 0.0484375 0.183333 0.356168
1 0.656641 0.260417 0.0617188 0.170833 0.384778
4 0.417969 0.0194444 0.0171875 0.0333333 0.411972
7 0.643359 0.723611 0.0398437 0.133333 0.41709
1 0.70625 0.109028 0.0515625 0.179167 0.436767
1 0.476562 0.0479167 0.01875 0.0513889 0.478258
10 0.396875 0.354861 0.015625 0.0541667 0.49555
4 0.506641 0.0590278 0.0179687 0.0486111 0.512096
4 0.397656 0.0569444 0.0171875 0.1 0.514868
4 0.450781 0.157639 0.0171875 0.0486111 0.601282
1 0.533594 0.129861 0.01875 0.0819444 0.607588
11 0.640625 0.725694 0.0421875 0.1375 0.643279
4 0.844531 0.884722 0.0234375 0.0388889 0.699664
4 0.532812 0.111806 0.015625 0.0541667 0.705472
7 0.289844 0.356944 0.0578125 0.183333 0.709507
4 0.560547 0.108333 0.0148437 0.05 0.770839
8 0.588281 0.805556 0.04375 0.152778 0.793188
4 0.45 0.109028 0.015625 0.0486111 0.795591
4 0.396094 0.111111 0.015625 0.05 0.804529
4 0.5875 0.109722 0.015625 0.05 0.806371
4 0.423438 0.108333 0.015625 0.05 0.841459
