10 0.534766 0.241667 0.0164062 0.0638889 0.251081
11 0.590234 0.804861 0.0445312 0.151389 0.264181
10 0.61875 0.715972 0.034375 0.0902778 0.269042
4 0.417188 0.01875 0.0171875 0.0319444 0.272041
10 0.00742187 0.249306 0.0148437 0.159722 0.275265
4 0.683203 0.0305556 0.0195312 0.0472222 0.284615
4 0.560156 0.0576389 0.01875 0.0430556 0.307595
1 0.474609 0.0194444 0.0210938 0.0277778 0.316612
8 0.590234 0.811111 0.0429688 0.155556 0.395385
10 0.397266 0.353472 0.0164062 0.0513889 0.410751
1 0.534375 0.123611 0.0171875 0.0722222 0.454903
4 0.397266 0.0527778 0.0164062 0.0916667 0.552447
4 0.451953 0.158333 0.0164062 0.0472222 0.648543
11 0.488281 0.752778 0.0375 0.125 0.679514
4 0.450391 0.108333 0.0148437 0.0472222 0.695133
4 0.560938 0.106944 0.015625 0.05 0.70418
4 0.533203 0.110417 0.0148437 0.0541667 0.725628
1 0.825 0.593056 0.0515625 0.136111 0.744526
4 0.396484 0.109722 0.0148437 0.0472222 0.776341
10 0.529297 0.777083 0.0289063 0.0902778 0.779646
4 0.587891 0.109722 0.0164062 0.05 0.80548
4 0.423438 0.107639 0.015625 0.0513889 0.807607
