7 0.493359 0.759722 0.0351562 0.119444 0.251811
3 0.669922 0.118056 0.0617188 0.202778 0.254289
11 0.257422 0.886806 0.0632813 0.173611 0.256393
11 0.532812 0.775694 0.034375 0.1125 0.2764
10 0.423047 0.01875 0.0164062 0.0347222 0.286526
9 0.406641 0.689583 0.0445312 0.156944 0.304476
4 0.559766 0.05625 0.0179687 0.0430556 0.308422
3 0.507812 0.354167 0.0203125 0.0472222 0.330268
4 0.533594 0.203472 0.015625 0.0486111 0.365503
10 0.533203 0.776389 0.0320312 0.1 0.369195
1 0.533984 0.122917 0.0164062 0.0708333 0.374596
10 0.00976562 0.247222 0.0179687 0.138889 0.391829
4 0.396875 0.0520833 0.0171875 0.0597222 0.40366
10 0.423828 0.35625 0.0132813 0.0430556 0.405387
4 0.844531 0.886806 0.0265625 0.0430556 0.498925
11 0.592578 0.810417 0.0476562 0.151389 0.507531
3 0.975391 0.502778 0.0460938 0.169444 0.515375
11 0.49375 0.758333 0.0328125 0.125 0.676898
10 0.397266 0.354861 0.0148437 0.0486111 0.687293
4 0.451172 0.157639 0.0164062 0.0486111 0.692239
4 0.560547 0.107639 0.0148437 0.0486111 0.716822
4 0.450391 0.108333 0.0148437 0.0472222 0.751874
4 0.587109 0.111111 0.0148437 0.0527778 0.792744
4 0.396094 0.109722 0.015625 0.0472222 0.809877
4 0.533203 0.109722 0.0148437 0.0527778 0.812333
4 0.423047 0.107639 0.0148437 0.0513889 0.813992
