3 0.977734 0.283333 0.0445312 0.166667 0.264069
1 0.533984 0.205556 0.0195312 0.0555556 0.26641
6 0.0355469 0.915972 0.0445312 0.104167 0.270877
4 0.417188 0.01875 0.015625 0.0319444 0.284369
3 0.757812 0.0534722 0.025 0.0930556 0.291068
10 0.411328 0.688194 0.0445312 0.143056 0.293234
1 0.473047 0.0208333 0.0195312 0.0277778 0.314584
1 0.342187 0.0430556 0.0359375 0.075 0.341548
8 0.591406 0.811111 0.0421875 0.158333 0.342613
1 0.970312 0.111111 0.0515625 0.180556 0.416409
10 0.00859375 0.245833 0.015625 0.155556 0.416849
4 0.560156 0.0569444 0.01875 0.0472222 0.43312
1 0.476953 0.203472 0.0164062 0.0430556 0.434771
4 0.397266 0.0604167 0.0164062 0.106944 0.491457
10 0.396875 0.355556 0.015625 0.05 0.494423
6 0.759766 0.0513889 0.0273438 0.0944444 0.509953
6 0.722656 0.025 0.0296875 0.0444444 0.525823
11 0.339844 0.6 0.0578125 0.177778 0.534863
3 0.660156 0.259722 0.059375 0.169444 0.622032
4 0.560938 0.107639 0.015625 0.0486111 0.709472
11 0.490625 0.754861 0.0375 0.134722 0.720972
4 0.451172 0.159028 0.0148437 0.0458333 0.741607
4 0.844531 0.884028 0.0234375 0.0402778 0.763939
4 0.45 0.108333 0.0140625 0.0444444 0.797642
4 0.587891 0.109722 0.0164062 0.05 0.83724
4 0.423047 0.107639 0.0148437 0.0486111 0.838654
4 0.396094 0.109722 0.015625 0.0472222 0.842424
4 0.533984 0.109028 0.0148437 0.0486111 0.851414
