10 0.219141 0.359028 0.0210938 0.0847222 0.286625
3 0.747266 0.214583 0.0570313 0.204167 0.319821
10 0.450391 0.348611 0.0179687 0.0527778 0.320954
11 0.623047 0.0194444 0.0304688 0.0361111 0.324596
10 0.469531 0.647917 0.0265625 0.0791667 0.33723
4 0.942578 0.930556 0.0273438 0.0472222 0.337557
4 0.423438 0.205556 0.0125 0.0444444 0.36017
10 0.604297 0.699306 0.0304688 0.126389 0.434633
10 0.457812 0.75 0.0375 0.116667 0.446163
3 0.759375 0.0618056 0.0203125 0.0902778 0.452746
4 0.844922 0.886806 0.0273438 0.0430556 0.471894
11 0.651563 0.727083 0.03125 0.0930556 0.54339
6 0.05 0.927778 0.0453125 0.0944444 0.54717
10 0.396875 0.353472 0.015625 0.0486111 0.548862
4 0.451172 0.15625 0.0148437 0.0486111 0.562725
4 0.450391 0.0576389 0.0164062 0.0430556 0.683843
4 0.560547 0.10625 0.0148437 0.0486111 0.697262
10 0.437109 0.665972 0.0320312 0.115278 0.714758
11 0.590625 0.809028 0.0484375 0.159722 0.715687
4 0.450781 0.108333 0.0140625 0.05 0.743236
4 0.587109 0.109028 0.0148437 0.0513889 0.787323
4 0.395703 0.158333 0.0148437 0.0527778 0.806318
4 0.533594 0.108333 0.0140625 0.0472222 0.827535
