1 0.474609 0.0201389 0.0195312 0.0291667 0.270158
10 0.0078125 0.247222 0.015625 0.158333 0.276816
4 0.745313 0.920139 0.0203125 0.0486111 0.297228
4 0.417969 0.0194444 0.0171875 0.0333333 0.308239
11 0.277344 0.897222 0.053125 0.158333 0.309589
4 0.560156 0.0569444 0.01875 0.0444444 0.31432
4 0.450781 0.0611111 0.015625 0.0555556 0.362811
1 0.822656 0.593056 0.0515625 0.122222 0.369844
1 0.757422 0.0895833 0.0226563 0.104167 0.38201
10 0.617578 0.715972 0.0320312 0.0930556 0.433387
4 0.684375 0.0284722 0.01875 0.0458333 0.454104
4 0.396875 0.0444444 0.0171875 0.0638889 0.544414
8 0.589453 0.809722 0.0445312 0.147222 0.610113
4 0.451953 0.157639 0.0164062 0.0486111 0.622541
10 0.530469 0.779167 0.0296875 0.0888889 0.637487
4 0.450781 0.108333 0.015625 0.05 0.638979
4 0.533203 0.110417 0.0148437 0.0569444 0.662426
4 0.560938 0.107639 0.015625 0.0513889 0.690128
1 0.533594 0.13125 0.01875 0.0847222 0.712834
4 0.396484 0.111111 0.0148437 0.0472222 0.779385
4 0.423438 0.107639 0.015625 0.0513889 0.789867
4 0.587891 0.109028 0.0164062 0.0513889 0.812114
