1 0.50625 0.0569444 0.0171875 0.0555556 0.259395
3 0.764063 0.0506944 0.0265625 0.0930556 0.273042
6 0.723437 0.0243056 0.0296875 0.0430556 0.282527
4 0.45 0.0840278 0.015625 0.0763889 0.283238
4 0.449609 0.0611111 0.0148437 0.0527778 0.286715
10 0.423438 0.357639 0.0125 0.0458333 0.288474
10 0.397266 0.355556 0.0148437 0.0555556 0.295601
4 0.559766 0.0576389 0.0179687 0.0458333 0.307036
4 0.416797 0.0180556 0.0164062 0.0333333 0.308816
11 0.416016 0.715972 0.0445312 0.148611 0.316169
3 0.713672 0.110417 0.0476562 0.176389 0.322707
3 0.505859 0.253472 0.0179687 0.0458333 0.35031
1 0.476953 0.0451389 0.0179687 0.0541667 0.420966
4 0.506641 0.0576389 0.0164062 0.0486111 0.462023
4 0.397656 0.0548611 0.0171875 0.0986111 0.520568
3 0.65625 0.254861 0.0625 0.176389 0.557415
4 0.451172 0.156944 0.0164062 0.0472222 0.588574
3 0.883203 0.268056 0.0554687 0.197222 0.612324
11 0.642578 0.733333 0.0429688 0.144444 0.614811
4 0.560547 0.108333 0.0148437 0.0472222 0.752955
4 0.45 0.108333 0.015625 0.0472222 0.774927
4 0.396094 0.110417 0.015625 0.0458333 0.801394
8 0.587891 0.806944 0.0429688 0.15 0.808773
4 0.5875 0.109028 0.015625 0.0486111 0.83285
4 0.423438 0.107639 0.015625 0.0486111 0.835351
4 0.533594 0.109028 0.015625 0.0486111 0.873793
