1 0.533984 0.204861 0.0164062 0.0486111 0.250824
4 0.845703 0.8875 0.0273438 0.0444444 0.317796
10 0.605469 0.709722 0.034375 0.138889 0.350516
4 0.505078 0.0604167 0.0179687 0.0486111 0.355974
11 0.589844 0.808333 0.046875 0.158333 0.404165
4 0.423047 0.209722 0.0148437 0.0583333 0.409987
4 0.450781 0.15625 0.0140625 0.0486111 0.418873
8 0.591016 0.809028 0.0460938 0.154167 0.440678
10 0.396484 0.354861 0.0148437 0.0486111 0.487241
11 0.491797 0.759722 0.0351562 0.127778 0.519189
10 0.469531 0.646528 0.028125 0.0819444 0.63616
4 0.45 0.109722 0.0140625 0.05 0.721546
4 0.560547 0.108333 0.0164062 0.0472222 0.748275
4 0.586719 0.110417 0.015625 0.0513889 0.804419
4 0.395703 0.159028 0.0148437 0.0513889 0.806444
4 0.533203 0.110417 0.0148437 0.0458333 0.870178
