10 0.422656 0.201389 0.0140625 0.0472222 0.256254
6 0.896094 0.895139 0.0359375 0.0569444 0.267016
6 0.976953 0.0368056 0.0398437 0.0597222 0.278287
1 0.759766 0.0833333 0.0257812 0.130556 0.291386
4 0.944922 0.93125 0.0242187 0.0458333 0.315934
3 0.45 0.154167 0.01875 0.0472222 0.325411
4 0.505859 0.0458333 0.0164062 0.0583333 0.331287
4 0.397656 0.0673611 0.0171875 0.106944 0.35169
1 0.450781 0.15625 0.0171875 0.0458333 0.421076
10 0.397266 0.354861 0.0148437 0.0569444 0.449378
1 0.839063 0.603472 0.0578125 0.179167 0.483051
4 0.533594 0.113889 0.015625 0.05 0.490332
4 0.589453 0.0479167 0.0179687 0.0541667 0.550885
10 0.477344 0.377083 0.01875 0.0763889 0.561481
4 0.45 0.113194 0.015625 0.0513889 0.604265
1 0.533203 0.145833 0.0179687 0.0638889 0.616675
1 0.962109 0.0986111 0.0554687 0.169444 0.740514
4 0.396094 0.109722 0.015625 0.0472222 0.797021
4 0.587891 0.109028 0.0164062 0.0486111 0.812404
4 0.423438 0.108333 0.015625 0.05 0.822074
4 0.561328 0.110417 0.0148437 0.0458333 0.835891
4 0.477734 0.109722 0.0164062 0.05 0.872684
