4 0.411328 0.0201389 0.0164062 0.0375 0.257238
1 0.474609 0.0201389 0.0195312 0.0291667 0.29023
10 0.617969 0.713889 0.0328125 0.0944444 0.304235
4 0.745313 0.920139 0.0203125 0.0486111 0.307675
4 0.560156 0.0569444 0.01875 0.0444444 0.336204
11 0.199219 0.847222 0.05 0.15 0.34215
4 0.417969 0.0194444 0.0171875 0.0333333 0.346786
1 0.757422 0.0909722 0.0226563 0.104167 0.381324
4 0.450781 0.0604167 0.015625 0.0541667 0.390409
1 0.821484 0.590972 0.0523437 0.118056 0.402467
1 0.197656 0.844444 0.05 0.155556 0.413268
4 0.683594 0.0284722 0.01875 0.0458333 0.427643
4 0.451562 0.157639 0.0171875 0.0486111 0.565556
4 0.396875 0.04375 0.0171875 0.0625 0.576245
4 0.533594 0.110417 0.015625 0.0569444 0.625691
8 0.589063 0.809722 0.04375 0.147222 0.638699
4 0.450391 0.107639 0.0148437 0.0486111 0.657199
4 0.560938 0.107639 0.015625 0.0513889 0.689279
10 0.530078 0.778472 0.0289063 0.0875 0.706076
1 0.533984 0.13125 0.0179687 0.0847222 0.715946
4 0.423438 0.107639 0.015625 0.0513889 0.79721
4 0.396484 0.110417 0.0148437 0.0458333 0.80801
4 0.587891 0.108333 0.0164062 0.05 0.818504
