6 0.896484 0.895139 0.0367187 0.0541667 0.266576
10 0.423047 0.201389 0.0148437 0.0472222 0.266996
1 0.759766 0.0833333 0.0257812 0.130556 0.29666
4 0.942187 0.929861 0.025 0.0486111 0.328468
4 0.505859 0.0451389 0.0164062 0.0597222 0.330841
3 0.45 0.154167 0.01875 0.0472222 0.33387
4 0.397656 0.0680556 0.0171875 0.105556 0.349575
6 0.976953 0.0368056 0.0382813 0.0597222 0.373759
1 0.450391 0.15625 0.0179687 0.0458333 0.417144
10 0.397266 0.354167 0.0148437 0.0555556 0.465026
4 0.533594 0.113889 0.015625 0.05 0.49975
1 0.839063 0.602778 0.0578125 0.175 0.500929
4 0.589453 0.0479167 0.0179687 0.0541667 0.537262
10 0.477344 0.377083 0.01875 0.0791667 0.553321
1 0.533203 0.146528 0.0179687 0.0625 0.606562
4 0.45 0.113194 0.015625 0.0513889 0.607376
1 0.961719 0.0986111 0.05625 0.169444 0.732819
4 0.396094 0.109722 0.015625 0.0472222 0.795938
4 0.587891 0.109028 0.0164062 0.0486111 0.815144
4 0.423438 0.108333 0.015625 0.05 0.820013
4 0.561328 0.110417 0.0148437 0.0458333 0.838879
4 0.477734 0.109722 0.0164062 0.05 0.873304
