10 0.417188 0.0166667 0.0171875 0.0333333 0.252619
10 0.417969 0.709722 0.0390625 0.138889 0.273487
1 0.770312 0.229861 0.0328125 0.120833 0.275488
4 0.506641 0.211111 0.0148437 0.0583333 0.296631
10 0.505859 0.254167 0.0148437 0.0388889 0.296633
1 0.476953 0.0451389 0.0179687 0.0541667 0.326828
11 0.470313 0.663889 0.034375 0.119444 0.331355
3 0.962109 0.0895833 0.0554687 0.151389 0.331619
6 0.719531 0.0284722 0.0359375 0.0458333 0.351899
10 0.50625 0.743056 0.0296875 0.1 0.355248
4 0.944922 0.931944 0.0242187 0.0444444 0.388653
10 0.423828 0.356944 0.0132813 0.0472222 0.415922
4 0.397266 0.0604167 0.0164062 0.104167 0.423851
3 0.45 0.154861 0.01875 0.0458333 0.429157
4 0.587109 0.0569444 0.0179687 0.0444444 0.444516
1 0.450391 0.157639 0.0179687 0.0430556 0.450576
10 0.478125 0.375694 0.01875 0.0763889 0.454566
4 0.505859 0.0541667 0.0164062 0.05 0.526061
1 0.960156 0.0902778 0.059375 0.15 0.548272
4 0.533203 0.111806 0.0148437 0.0541667 0.579998
4 0.45 0.111806 0.015625 0.0513889 0.619187
10 0.396875 0.354861 0.015625 0.0541667 0.632579
1 0.533984 0.129167 0.0179687 0.0805556 0.651721
4 0.560938 0.109028 0.015625 0.0486111 0.7979
4 0.396094 0.109722 0.015625 0.0472222 0.812237
4 0.587891 0.109028 0.0164062 0.0486111 0.82368
4 0.423438 0.108333 0.015625 0.05 0.841065
4 0.477734 0.109028 0.0164062 0.0513889 0.870931
