1 0.192578 0.845833 0.0492188 0.155556 0.261327
3 0.978125 0.280556 0.0421875 0.152778 0.266233
10 0.410156 0.0201389 0.0171875 0.0375 0.31681
10 0.416797 0.0180556 0.0179687 0.0361111 0.319366
8 0.59375 0.807639 0.04375 0.159722 0.322545
4 0.844922 0.885417 0.0257812 0.0402778 0.340912
3 0.451172 0.157639 0.0179687 0.0513889 0.343875
9 0.651953 0.717361 0.0320312 0.1125 0.37343
4 0.45 0.0618056 0.015625 0.0625 0.382305
3 0.9625 0.130556 0.05625 0.197222 0.390627
7 0.653516 0.715972 0.0320312 0.109722 0.409811
4 0.450781 0.158333 0.0171875 0.05 0.418774
4 0.397266 0.0604167 0.0164062 0.0986111 0.478197
11 0.592578 0.802778 0.0445312 0.152778 0.558221
10 0.397266 0.353472 0.0164062 0.0541667 0.620168
4 0.50625 0.0583333 0.0203125 0.0527778 0.625725
1 0.533984 0.130556 0.0195312 0.0833333 0.649919
4 0.45 0.108333 0.015625 0.05 0.689174
4 0.533203 0.1125 0.0164062 0.0555556 0.698363
4 0.560547 0.107639 0.0164062 0.0513889 0.751361
4 0.396094 0.110417 0.015625 0.0486111 0.785298
4 0.5875 0.109028 0.0171875 0.0513889 0.81406
4 0.423438 0.108333 0.015625 0.05 0.841454
