4 0.422656 0.0569444 0.01875 0.108333 0.251028
1 0.560547 0.104861 0.0179687 0.0541667 0.264923
9 0.330469 0.731944 0.0515625 0.166667 0.265758
4 0.944922 0.931944 0.0242187 0.0416667 0.268233
6 0.71875 0.0277778 0.0421875 0.0527778 0.332371
4 0.397266 0.0583333 0.0164062 0.111111 0.38412
4 0.844922 0.886111 0.0257812 0.0388889 0.398985
10 0.423828 0.379861 0.0179687 0.0847222 0.41034
4 0.587891 0.05625 0.0179687 0.0458333 0.448675
2 0.660937 0.252083 0.0734375 0.176389 0.454315
10 0.478125 0.376389 0.0203125 0.0888889 0.480062
8 0.478516 0.377778 0.0226563 0.0888889 0.481683
1 0.962109 0.102778 0.0570313 0.172222 0.583375
10 0.533984 0.383333 0.0226563 0.0805556 0.654153
3 0.660547 0.252083 0.0679687 0.176389 0.678558
4 0.505859 0.115278 0.0179687 0.0388889 0.71516
4 0.560547 0.109722 0.0164062 0.05 0.765759
4 0.5875 0.109722 0.0171875 0.05 0.786557
4 0.450391 0.107639 0.0179687 0.0486111 0.794618
4 0.395703 0.111111 0.0164062 0.0444444 0.815583
4 0.423047 0.109028 0.0179687 0.0513889 0.820175
4 0.533203 0.110417 0.0179687 0.0458333 0.828016
4 0.476953 0.111806 0.0179687 0.0486111 0.849299
