10 0.417969 0.0180556 0.015625 0.0361111 0.254708
8 0.594141 0.805556 0.0460938 0.15 0.287959
1 0.477344 0.0423611 0.01875 0.0625 0.310791
4 0.449609 0.0604167 0.0148437 0.0541667 0.337612
4 0.944531 0.931944 0.0234375 0.0444444 0.360842
4 0.521484 0.668056 0.0273438 0.113889 0.362748
10 0.477344 0.377083 0.0203125 0.0847222 0.365747
10 0.423438 0.358333 0.0125 0.0472222 0.38405
10 0.50625 0.251389 0.0140625 0.05 0.398427
4 0.397266 0.0645833 0.0164062 0.106944 0.42367
10 0.396484 0.354861 0.0148437 0.0541667 0.432039
6 0.724219 0.0256944 0.034375 0.0430556 0.491075
4 0.532812 0.0458333 0.015625 0.0611111 0.596603
4 0.533203 0.1125 0.0148437 0.0555556 0.614055
1 0.824609 0.605556 0.0539063 0.15 0.623464
11 0.646484 0.729167 0.0460938 0.144444 0.627634
1 0.533203 0.130556 0.0179687 0.0805556 0.643428
4 0.560547 0.05625 0.0179687 0.0402778 0.651928
10 0.505859 0.202778 0.0164062 0.0388889 0.687668
4 0.450781 0.158333 0.015625 0.0472222 0.746518
4 0.45 0.107639 0.015625 0.0486111 0.770693
4 0.560547 0.109028 0.0148437 0.0486111 0.802612
4 0.5875 0.109028 0.015625 0.0486111 0.8345
4 0.395703 0.111806 0.0148437 0.0486111 0.836858
4 0.423438 0.108333 0.015625 0.05 0.840233
