11 0.491406 0.755556 0.0359375 0.122222 0.260864
10 0.396875 0.354167 0.0140625 0.05 0.270274
4 0.560156 0.0583333 0.01875 0.0444444 0.281601
10 0.434375 0.680556 0.0296875 0.0888889 0.343313
1 0.762109 0.0895833 0.0273438 0.118056 0.355907
8 0.590234 0.808333 0.0429688 0.15 0.360276
4 0.50625 0.0597222 0.01875 0.0472222 0.37173
1 0.477344 0.201389 0.015625 0.0472222 0.386397
10 0.619531 0.754861 0.034375 0.134722 0.413184
4 0.450781 0.161111 0.0140625 0.0444444 0.640836
4 0.560938 0.106944 0.015625 0.05 0.711056
4 0.45 0.109028 0.0140625 0.0486111 0.734581
4 0.5875 0.109028 0.015625 0.0486111 0.806403
4 0.396484 0.109722 0.0148437 0.05 0.831062
4 0.533594 0.110417 0.015625 0.0486111 0.882057
