9 0.770703 0.65625 0.0367187 0.109722 0.276178
1 0.651172 0.25 0.0507812 0.163889 0.279983
10 0.534766 0.2375 0.0164062 0.0694444 0.284151
4 0.423438 0.213889 0.0140625 0.0694444 0.287725
4 0.745703 0.920139 0.0210938 0.0486111 0.30074
4 0.683594 0.0277778 0.0203125 0.0444444 0.318807
1 0.65625 0.174306 0.0421875 0.123611 0.324226
10 0.561719 0.354861 0.015625 0.0513889 0.330125
4 0.944922 0.932639 0.0242187 0.0430556 0.357127
3 0.982813 0.280556 0.034375 0.166667 0.368404
10 0.396875 0.353472 0.0140625 0.0513889 0.41803
10 0.00859375 0.245833 0.015625 0.155556 0.420255
3 0.771875 0.0590278 0.0375 0.104167 0.496436
10 0.492188 0.753472 0.0359375 0.118056 0.504591
12 0.201172 0.852083 0.0414063 0.104167 0.554602
6 0.0484375 0.933333 0.0421875 0.0833333 0.593088
4 0.844531 0.885417 0.0265625 0.0402778 0.614103
11 0.589453 0.806944 0.0460938 0.152778 0.619482
4 0.560547 0.106944 0.0148437 0.0472222 0.647549
4 0.451953 0.156944 0.0148437 0.0472222 0.66175
4 0.450781 0.0576389 0.0171875 0.0402778 0.665575
4 0.450781 0.108333 0.0140625 0.05 0.75852
4 0.587109 0.109028 0.0148437 0.0513889 0.767996
4 0.396094 0.158333 0.0140625 0.0527778 0.798906
4 0.533984 0.109028 0.0148437 0.0486111 0.845795
