1 0.533594 0.204167 0.0171875 0.0527778 0.269527
3 0.508594 0.352778 0.0203125 0.0472222 0.302345
11 0.23125 0.872222 0.0546875 0.172222 0.31009
1 0.473047 0.0215278 0.0210938 0.0263889 0.310932
10 0.521094 0.713194 0.028125 0.0902778 0.311603
11 0.257812 0.89375 0.0640625 0.165278 0.314713
4 0.560156 0.0583333 0.01875 0.0472222 0.328102
1 0.477344 0.201389 0.0171875 0.0472222 0.345442
9 0.403516 0.696528 0.0398437 0.143056 0.354614
4 0.396875 0.0361111 0.01875 0.0638889 0.355174
4 0.412109 0.0180556 0.0164062 0.0361111 0.365545
3 0.787109 0.570833 0.0554687 0.130556 0.427482
6 0.7625 0.0597222 0.03125 0.108333 0.43834
4 0.424219 0.20625 0.0140625 0.0458333 0.443208
6 0.722266 0.025 0.0304688 0.0444444 0.458875
11 0.590625 0.808333 0.04375 0.152778 0.479394
3 0.762109 0.0590278 0.0304688 0.106944 0.482929
3 0.974609 0.288194 0.0492188 0.168056 0.519655
4 0.844141 0.883333 0.0242187 0.0388889 0.555284
10 0.397266 0.354861 0.0164062 0.0486111 0.618395
1 0.784766 0.567361 0.0585938 0.126389 0.631424
4 0.450391 0.161111 0.0148437 0.0472222 0.649975
4 0.560938 0.106944 0.015625 0.05 0.680657
11 0.491016 0.757639 0.0335938 0.123611 0.71687
4 0.45 0.109028 0.0140625 0.0513889 0.730722
4 0.396094 0.109722 0.015625 0.05 0.811494
4 0.5875 0.109722 0.015625 0.05 0.817107
4 0.533984 0.109028 0.0148437 0.0486111 0.824522
