10 0.505859 0.253472 0.0148437 0.0402778 0.276972
11 0.528125 0.7625 0.0375 0.113889 0.28225
10 0.422656 0.201389 0.0140625 0.0472222 0.290023
4 0.50625 0.211806 0.015625 0.0597222 0.299761
3 0.45 0.154861 0.01875 0.0458333 0.3057
11 0.324219 0.613889 0.0578125 0.175 0.308924
10 0.396484 0.0444444 0.0179687 0.0583333 0.321894
10 0.423828 0.35625 0.0148437 0.0513889 0.324189
4 0.587891 0.0576389 0.0179687 0.0458333 0.330139
4 0.944922 0.931944 0.0242187 0.0444444 0.332606
9 0.417188 0.7125 0.0421875 0.147222 0.334464
3 0.964453 0.0888889 0.0585938 0.155556 0.347737
6 0.974219 0.0368056 0.0484375 0.0680556 0.361724
10 0.396875 0.354861 0.015625 0.0541667 0.362868
10 0.419922 0.0173611 0.0164062 0.0347222 0.376473
1 0.657812 0.239583 0.0609375 0.190278 0.397769
7 0.323828 0.613889 0.0664062 0.188889 0.41035
4 0.396875 0.0590278 0.0171875 0.101389 0.442249
11 0.636719 0.736806 0.0484375 0.151389 0.447855
1 0.450391 0.156944 0.0179687 0.0444444 0.459779
1 0.9625 0.0909722 0.0625 0.154167 0.542984
4 0.533594 0.1125 0.015625 0.05 0.559832
4 0.844141 0.886111 0.0242187 0.0388889 0.565129
4 0.45 0.111806 0.015625 0.0513889 0.600523
1 0.533203 0.15 0.0179687 0.0555556 0.609724
4 0.395703 0.110417 0.0148437 0.0486111 0.796547
4 0.587891 0.109028 0.0164062 0.0486111 0.814341
4 0.423438 0.107639 0.015625 0.0486111 0.827189
4 0.561328 0.110417 0.0148437 0.0458333 0.827567
4 0.477734 0.109722 0.0164062 0.05 0.874105
