10 0.424219 0.356944 0.0140625 0.0416667 0.254645
10 0.397266 0.353472 0.0164062 0.0513889 0.266284
1 0.476953 0.203472 0.0148437 0.0430556 0.294127
3 0.507812 0.354167 0.01875 0.0472222 0.339072
4 0.845312 0.885417 0.025 0.0402778 0.348636
11 0.341016 0.279167 0.0570313 0.180556 0.377919
10 0.00976562 0.24375 0.0179687 0.159722 0.382358
11 0.452734 0.744444 0.0351562 0.133333 0.386892
3 0.979688 0.280556 0.0390625 0.169444 0.401627
1 0.96875 0.0993056 0.0546875 0.159722 0.411738
4 0.560156 0.0576389 0.01875 0.0430556 0.424037
4 0.397266 0.0555556 0.0164062 0.0944444 0.471304
9 0.404687 0.69375 0.0390625 0.148611 0.511591
11 0.591406 0.809028 0.04375 0.148611 0.609296
11 0.491016 0.754861 0.0335938 0.120833 0.674957
4 0.450781 0.160417 0.0140625 0.0430556 0.699374
4 0.560938 0.108333 0.015625 0.0472222 0.754132
4 0.395703 0.110417 0.0148437 0.0458333 0.775468
4 0.45 0.108333 0.0140625 0.0444444 0.777379
4 0.423438 0.107639 0.0140625 0.0486111 0.801771
4 0.5875 0.109722 0.015625 0.0472222 0.819006
4 0.533594 0.109028 0.0140625 0.0486111 0.866873
