10 0.505859 0.254167 0.0148437 0.0361111 0.251068
3 0.450391 0.155556 0.0179687 0.0444444 0.265837
4 0.746094 0.919444 0.021875 0.05 0.269501
10 0.416797 0.0159722 0.0164062 0.0319444 0.289332
1 0.769922 0.261806 0.0523437 0.170833 0.295038
10 0.573828 0.704861 0.0382813 0.120833 0.297093
4 0.397656 0.0694444 0.015625 0.108333 0.329657
1 0.761328 0.147222 0.0367187 0.144444 0.338868
1 0.450781 0.158333 0.0171875 0.0416667 0.346765
1 0.476172 0.0395833 0.0195312 0.0625 0.364279
11 0.59375 0.802778 0.046875 0.158333 0.384965
1 0.532422 0.0451389 0.0164062 0.0597222 0.392287
1 0.662109 0.258333 0.0570313 0.163889 0.393362
4 0.50625 0.20625 0.0140625 0.0375 0.399401
10 0.423047 0.356944 0.0132813 0.0444444 0.412693
4 0.844531 0.886111 0.025 0.0388889 0.434869
10 0.396484 0.353472 0.0148437 0.0513889 0.458946
10 0.477344 0.377778 0.01875 0.075 0.465462
4 0.560547 0.0555556 0.0179687 0.0388889 0.494835
10 0.519922 0.660417 0.0289063 0.109722 0.49646
11 0.642578 0.727083 0.0398437 0.1375 0.570721
10 0.50625 0.747222 0.028125 0.0916667 0.576111
11 0.573047 0.704861 0.0382813 0.123611 0.578398
4 0.45 0.110417 0.0140625 0.0513889 0.598399
1 0.961719 0.100694 0.05625 0.168056 0.630794
1 0.848828 0.604861 0.0648438 0.170833 0.69695
1 0.533594 0.13125 0.0171875 0.0819444 0.718276
8 0.593359 0.8 0.0476562 0.158333 0.720365
4 0.560547 0.109028 0.0148437 0.0486111 0.778399
4 0.423438 0.108333 0.015625 0.0472222 0.819385
4 0.5875 0.109028 0.015625 0.0486111 0.831174
4 0.396484 0.110417 0.0148437 0.0486111 0.83444
4 0.477734 0.108333 0.0164062 0.05 0.850767
