3 0.985156 0.279167 0.0296875 0.163889 0.252739
4 0.683594 0.0284722 0.0171875 0.0402778 0.300706
4 0.473047 0.0194444 0.0179687 0.025 0.305789
10 0.00898437 0.245139 0.0164062 0.154167 0.318342
10 0.450391 0.347917 0.0179687 0.0513889 0.330835
4 0.942187 0.929861 0.0265625 0.0486111 0.34207
4 0.423438 0.205556 0.0125 0.0444444 0.365633
1 0.648047 0.245139 0.0507812 0.176389 0.399124
4 0.604297 0.699306 0.0335938 0.131944 0.425873
6 0.0511719 0.931944 0.0476562 0.0944444 0.455301
4 0.845312 0.886111 0.028125 0.0416667 0.508061
3 0.771875 0.0486111 0.0359375 0.0888889 0.522098
4 0.451172 0.15625 0.0148437 0.0486111 0.579823
10 0.396875 0.353472 0.015625 0.0486111 0.584621
8 0.588672 0.802778 0.0476562 0.158333 0.671291
4 0.560547 0.10625 0.0148437 0.0486111 0.697197
11 0.5875 0.802083 0.0484375 0.165278 0.720569
4 0.450781 0.0583333 0.0171875 0.0416667 0.724079
4 0.450781 0.108333 0.0140625 0.05 0.760274
4 0.587109 0.109028 0.0148437 0.0513889 0.778239
4 0.395703 0.158333 0.0148437 0.0527778 0.811124
4 0.533594 0.108333 0.0140625 0.0472222 0.815339
