8 0.589844 0.813194 0.0453125 0.156944 0.268771
1 0.757031 0.0888889 0.0234375 0.111111 0.272385
11 0.528125 0.778472 0.03125 0.0986111 0.281768
4 0.533594 0.202083 0.015625 0.0513889 0.282686
4 0.682813 0.0305556 0.01875 0.0472222 0.30075
4 0.416797 0.01875 0.0164062 0.0319444 0.304715
4 0.560156 0.05625 0.01875 0.0430556 0.310527
1 0.533984 0.122222 0.0164062 0.0694444 0.316039
10 0.396875 0.354167 0.015625 0.05 0.412985
11 0.588281 0.809028 0.0453125 0.151389 0.529199
4 0.397266 0.0520833 0.0164062 0.0902778 0.554156
4 0.451953 0.158333 0.0164062 0.0472222 0.676711
4 0.560938 0.106944 0.015625 0.05 0.70816
4 0.450391 0.109028 0.0148437 0.0458333 0.713584
1 0.825781 0.593056 0.0515625 0.133333 0.778576
4 0.423828 0.106944 0.0148437 0.05 0.783798
4 0.533203 0.109722 0.0148437 0.0527778 0.78436
10 0.528906 0.779167 0.0296875 0.0916667 0.785606
4 0.396875 0.110417 0.0140625 0.0486111 0.788325
11 0.488281 0.755556 0.0375 0.127778 0.802905
4 0.587891 0.108333 0.0164062 0.05 0.812815
