6 0.896094 0.895833 0.0359375 0.0555556 0.259632
4 0.944922 0.93125 0.0242187 0.0458333 0.310601
3 0.45 0.154167 0.01875 0.0472222 0.325542
4 0.397656 0.0680556 0.0171875 0.105556 0.33903
1 0.450391 0.15625 0.0179687 0.0458333 0.407618
10 0.396875 0.354861 0.015625 0.0569444 0.40947
1 0.837891 0.602778 0.0585938 0.177778 0.438542
4 0.50625 0.0451389 0.0171875 0.0597222 0.440854
6 0.977734 0.0368056 0.0414063 0.0625 0.477354
4 0.533203 0.113889 0.0164062 0.05 0.4774
4 0.589453 0.0479167 0.0179687 0.0541667 0.50975
10 0.477344 0.377778 0.01875 0.0777778 0.548373
4 0.45 0.113889 0.015625 0.0527778 0.585508
1 0.533594 0.134722 0.01875 0.0777778 0.607936
1 0.962891 0.0993056 0.0570313 0.170833 0.673837
4 0.396094 0.109722 0.015625 0.0472222 0.797719
4 0.587891 0.109028 0.0164062 0.0486111 0.810704
4 0.423438 0.108333 0.015625 0.05 0.82231
4 0.561328 0.110417 0.0148437 0.0458333 0.828671
4 0.477344 0.109722 0.0171875 0.05 0.867296
