10 0.396875 0.354167 0.015625 0.05 0.252459
10 0.534766 0.2375 0.0148437 0.0694444 0.257658
10 0.533984 0.359028 0.0148437 0.0430556 0.261341
1 0.476953 0.204861 0.0148437 0.0430556 0.294882
4 0.560156 0.0583333 0.01875 0.0444444 0.323917
10 0.0105469 0.245139 0.0195312 0.1625 0.325763
10 0.424219 0.35625 0.0140625 0.0430556 0.344663
11 0.453906 0.743056 0.0359375 0.138889 0.348201
3 0.507422 0.354167 0.0195312 0.0472222 0.388168
3 0.977344 0.277778 0.04375 0.172222 0.390153
4 0.844531 0.884722 0.025 0.0388889 0.439921
1 0.967188 0.102778 0.0546875 0.163889 0.446524
4 0.396094 0.0506944 0.0171875 0.0625 0.481916
9 0.404297 0.691667 0.0414063 0.152778 0.540016
11 0.591016 0.808333 0.0445312 0.15 0.566832
11 0.491406 0.754167 0.0328125 0.119444 0.567047
4 0.450391 0.160417 0.0148437 0.0430556 0.633821
4 0.560938 0.108333 0.015625 0.0472222 0.657185
4 0.45 0.107639 0.0140625 0.0458333 0.734309
4 0.395703 0.110417 0.0148437 0.0458333 0.790655
4 0.5875 0.109028 0.015625 0.0486111 0.800729
4 0.423047 0.107639 0.0148437 0.0486111 0.801635
4 0.533594 0.109028 0.0140625 0.0486111 0.86147
