11 0.596875 0.79375 0.05 0.176389 0.254553
4 0.944531 0.931944 0.025 0.0444444 0.260179
10 0.423828 0.358333 0.0132813 0.0472222 0.273487
7 0.647266 0.720833 0.0320312 0.119444 0.283998
6 0.758203 0.0423611 0.0242187 0.0763889 0.286089
4 0.411328 0.0201389 0.0179687 0.0402778 0.296122
3 0.75625 0.0729167 0.0296875 0.129167 0.317612
4 0.533594 0.136111 0.01875 0.0916667 0.330672
4 0.473828 0.0194444 0.0179687 0.0277778 0.344387
4 0.417188 0.0194444 0.0171875 0.0361111 0.36056
3 0.533203 0.152083 0.0210938 0.0569444 0.367016
4 0.450391 0.0611111 0.0164062 0.0527778 0.43127
10 0.397266 0.354861 0.0148437 0.0569444 0.436833
4 0.844922 0.884722 0.0257812 0.0416667 0.441569
4 0.505859 0.0583333 0.0195312 0.0555556 0.468135
1 0.533594 0.13125 0.01875 0.0819444 0.502476
8 0.588281 0.808333 0.0421875 0.147222 0.523725
4 0.397266 0.0423611 0.0195312 0.0708333 0.539457
11 0.645703 0.721528 0.0335938 0.118056 0.544637
4 0.450781 0.158333 0.0171875 0.05 0.600604
10 0.528906 0.777778 0.0296875 0.0916667 0.698274
4 0.450391 0.109028 0.0164062 0.0513889 0.705095
4 0.560547 0.109028 0.0164062 0.0513889 0.72348
4 0.533203 0.111806 0.0164062 0.0541667 0.794166
4 0.5875 0.110417 0.0171875 0.0513889 0.800822
4 0.396094 0.110417 0.015625 0.0486111 0.821339
4 0.423438 0.108333 0.015625 0.0527778 0.838965
