3 0.708594 0.0326389 0.0328125 0.0458333 0.264487
4 0.757422 0.0333333 0.0179687 0.0583333 0.274442
4 0.451562 0.133333 0.015625 0.0833333 0.283299
3 0.716016 0.115278 0.0476562 0.186111 0.285087
3 0.656641 0.251389 0.0648438 0.177778 0.295597
4 0.506641 0.0569444 0.0195312 0.0555556 0.314345
4 0.683984 0.0263889 0.0179687 0.0416667 0.352456
3 0.533203 0.152778 0.0195312 0.0527778 0.353291
4 0.418359 0.0194444 0.0179687 0.0361111 0.365906
11 0.645703 0.720833 0.0351562 0.116667 0.395899
3 0.451172 0.157639 0.0179687 0.0513889 0.398558
4 0.451562 0.157639 0.0171875 0.0513889 0.454426
4 0.450391 0.0625 0.0164062 0.0611111 0.45953
4 0.397656 0.0583333 0.0171875 0.102778 0.466938
10 0.397266 0.354167 0.0164062 0.0555556 0.510625
1 0.533594 0.132639 0.01875 0.0791667 0.542487
4 0.844922 0.884028 0.0257812 0.0402778 0.591987
1 0.758203 0.136806 0.0304688 0.123611 0.596109
4 0.450391 0.107639 0.0164062 0.0513889 0.646296
10 0.530078 0.777778 0.0304688 0.0916667 0.664186
8 0.588672 0.808333 0.0429688 0.147222 0.719992
4 0.533203 0.111806 0.0164062 0.0541667 0.723309
4 0.560938 0.109028 0.015625 0.0513889 0.762439
4 0.5875 0.109722 0.0171875 0.0527778 0.799123
4 0.423438 0.107639 0.015625 0.0513889 0.804396
4 0.396094 0.109722 0.015625 0.0472222 0.808729
