10 0.419141 0.01875 0.0164062 0.0375 0.253456
4 0.945312 0.932639 0.025 0.0458333 0.272902
10 0.232031 0.863194 0.04375 0.151389 0.290897
4 0.45 0.0833333 0.015625 0.0777778 0.320911
4 0.844141 0.884722 0.0257812 0.0388889 0.348803
3 0.707422 0.110417 0.0507812 0.179167 0.35675
4 0.45 0.0604167 0.0140625 0.0513889 0.391832
10 0.423438 0.356944 0.0125 0.0444444 0.398093
1 0.651953 0.249306 0.0570313 0.198611 0.420455
1 0.837109 0.575694 0.0585938 0.148611 0.427318
1 0.707422 0.111111 0.0507812 0.186111 0.454182
10 0.396875 0.354167 0.015625 0.0527778 0.466151
1 0.505859 0.254167 0.0179687 0.0444444 0.491717
4 0.41875 0.0194444 0.0171875 0.0361111 0.499334
1 0.476562 0.0472222 0.01875 0.0527778 0.516095
11 0.644141 0.727083 0.0476562 0.143056 0.52947
4 0.396875 0.05625 0.0171875 0.0958333 0.5426
4 0.507031 0.0590278 0.0171875 0.0486111 0.551148
7 0.646875 0.725 0.04375 0.138889 0.634175
7 0.289062 0.356944 0.05625 0.183333 0.724392
8 0.589063 0.807639 0.04375 0.148611 0.73053
4 0.451172 0.157639 0.0164062 0.0486111 0.759421
4 0.560547 0.107639 0.0164062 0.0486111 0.786045
4 0.45 0.108333 0.015625 0.0472222 0.81211
4 0.395703 0.110417 0.0148437 0.0458333 0.812955
4 0.5875 0.109722 0.015625 0.05 0.83484
4 0.423438 0.108333 0.015625 0.05 0.849253
4 0.533594 0.109722 0.015625 0.05 0.880171
