1 0.733984 0.5375 0.0523437 0.116667 0.313869
3 0.0191406 0.229167 0.0335938 0.15 0.325422
3 0.106641 0.278472 0.0539063 0.209722 0.350179
3 0.06875 0.151389 0.040625 0.119444 0.353879
1 0.855078 0.903472 0.0507812 0.0763889 0.365004
4 0.0675781 0.148611 0.0367187 0.111111 0.444053
1 0.0269531 0.358333 0.0351562 0.127778 0.477425
11 0.567578 0.685417 0.0382813 0.123611 0.513398
1 0.0128906 0.271528 0.0257812 0.129167 0.559794
10 0.599219 0.646528 0.0296875 0.0875 0.606097
6 0.0460938 0.935417 0.040625 0.0902778 0.64297
