4 0.533984 0.203472 0.0148437 0.0513889 0.257571
4 0.560156 0.0569444 0.01875 0.0444444 0.260318
1 0.473437 0.0208333 0.0203125 0.0277778 0.265001
11 0.255469 0.893056 0.0671875 0.166667 0.26862
4 0.417578 0.0194444 0.0179687 0.0333333 0.278088
8 0.590625 0.811806 0.0421875 0.154167 0.320152
4 0.682813 0.0291667 0.0171875 0.0472222 0.334043
1 0.533594 0.126389 0.0171875 0.0722222 0.397667
11 0.589063 0.809722 0.04375 0.15 0.444255
1 0.0484375 0.0902778 0.065625 0.172222 0.455987
10 0.534766 0.357639 0.0148437 0.0430556 0.465785
4 0.397656 0.0548611 0.0171875 0.0958333 0.498344
10 0.397656 0.354861 0.015625 0.0486111 0.544019
4 0.451953 0.158333 0.0164062 0.0472222 0.635797
4 0.560547 0.106944 0.0148437 0.05 0.652582
4 0.844531 0.885417 0.0234375 0.0402778 0.714825
10 0.529688 0.777778 0.0296875 0.0916667 0.738703
4 0.450391 0.108333 0.0148437 0.0472222 0.739113
4 0.5875 0.108333 0.015625 0.05 0.749552
4 0.533203 0.109722 0.0148437 0.0527778 0.798986
4 0.423438 0.107639 0.015625 0.0513889 0.799208
4 0.396484 0.111111 0.0148437 0.0472222 0.810465
11 0.488672 0.755556 0.0382813 0.127778 0.854923
3 0.964844 0.495833 0.0671875 0.194444 0.888705
