4 0.944531 0.931944 0.0265625 0.0444444 0.251348
4 0.680469 0.0277778 0.01875 0.0444444 0.254454
5 0.121875 0.947917 0.053125 0.104167 0.258204
4 0.451562 0.132639 0.015625 0.0819444 0.273075
11 0.616797 0.764583 0.0367187 0.131944 0.289785
3 0.533203 0.152083 0.0210938 0.0569444 0.293781
2 0.658203 0.251389 0.0648438 0.183333 0.299389
10 0.697266 0.644444 0.0320312 0.116667 0.307258
10 0.423828 0.358333 0.0132813 0.0472222 0.326341
4 0.533594 0.135417 0.01875 0.0930556 0.340172
4 0.845312 0.885417 0.028125 0.0402778 0.347601
7 0.646484 0.721528 0.0335938 0.118056 0.348524
1 0.709766 0.111111 0.0507812 0.183333 0.357677
4 0.450781 0.0611111 0.015625 0.0555556 0.366731
4 0.416406 0.01875 0.0171875 0.0375 0.368154
3 0.770312 0.0909722 0.0390625 0.154167 0.438433
4 0.50625 0.0576389 0.01875 0.0569444 0.49182
4 0.397266 0.0590278 0.0179687 0.106944 0.49197
1 0.533594 0.13125 0.01875 0.0819444 0.515552
10 0.397266 0.354167 0.0148437 0.0555556 0.519971
11 0.644922 0.722222 0.0351562 0.116667 0.533031
4 0.451172 0.158333 0.0179687 0.05 0.637482
11 0.587109 0.808333 0.0445312 0.147222 0.641611
4 0.450391 0.109028 0.0164062 0.0513889 0.682637
10 0.528125 0.779167 0.0296875 0.0888889 0.690097
4 0.560547 0.108333 0.0164062 0.0527778 0.726859
4 0.533203 0.111806 0.0164062 0.0541667 0.788197
4 0.5875 0.110417 0.0171875 0.0513889 0.809641
4 0.395703 0.110417 0.0164062 0.0486111 0.81529
4 0.423438 0.108333 0.015625 0.0527778 0.829442
