4 0.944922 0.932639 0.0242187 0.0402778 0.250283
1 0.472656 0.0201389 0.0203125 0.0291667 0.269593
4 0.418359 0.01875 0.0164062 0.0319444 0.298439
10 0.555078 0.685417 0.0242187 0.0819444 0.301782
3 0.507812 0.351389 0.0203125 0.0472222 0.306804
2 0.664844 0.254167 0.0640625 0.169444 0.316148
1 0.808203 0.593056 0.0648438 0.175 0.319837
10 0.419922 0.0180556 0.0164062 0.0361111 0.343729
1 0.477734 0.201389 0.0164062 0.0472222 0.372731
10 0.520703 0.713194 0.0257812 0.0902778 0.381281
4 0.396484 0.0569444 0.0164062 0.0972222 0.472768
4 0.844922 0.884028 0.0242187 0.0375 0.480707
4 0.423828 0.20625 0.0148437 0.0458333 0.521039
6 0.723828 0.0236111 0.0304688 0.0416667 0.573006
11 0.489844 0.753472 0.034375 0.129167 0.61706
4 0.560547 0.106944 0.0164062 0.05 0.719421
4 0.451172 0.160417 0.0148437 0.0486111 0.739593
4 0.450391 0.109028 0.0148437 0.0486111 0.757091
8 0.589844 0.80625 0.040625 0.148611 0.771448
4 0.395703 0.109722 0.0148437 0.0472222 0.811484
4 0.587891 0.109722 0.0164062 0.05 0.826387
4 0.533594 0.109028 0.0140625 0.0486111 0.85414
