4 0.603125 0.694444 0.03125 0.125 0.268656
10 0.602734 0.702083 0.0320312 0.140278 0.272507
10 0.424219 0.355556 0.0125 0.0444444 0.28741
6 0.0503906 0.928472 0.0476562 0.0986111 0.294976
4 0.942187 0.929861 0.0265625 0.0486111 0.315847
11 0.233984 0.879167 0.0539063 0.172222 0.327144
10 0.435937 0.704861 0.0375 0.126389 0.34332
4 0.844922 0.884722 0.0273438 0.0388889 0.358593
10 0.469922 0.647917 0.0273438 0.0819444 0.415103
4 0.423438 0.205556 0.0125 0.0416667 0.433737
4 0.560156 0.0569444 0.0171875 0.0444444 0.457512
10 0.397266 0.353472 0.0148437 0.0486111 0.467375
3 0.662109 0.261806 0.0632813 0.165278 0.5409
4 0.451172 0.156944 0.0148437 0.0472222 0.601609
10 0.218359 0.358333 0.0210938 0.0833333 0.666353
8 0.590625 0.806944 0.04375 0.152778 0.717698
4 0.560547 0.110417 0.0148437 0.0458333 0.746033
4 0.45 0.109722 0.0140625 0.05 0.748973
4 0.395703 0.158333 0.0148437 0.0527778 0.813093
4 0.5875 0.109722 0.015625 0.0472222 0.849562
4 0.533984 0.109722 0.0148437 0.0472222 0.878998
