11 0.532812 0.776389 0.0359375 0.113889 0.298823
4 0.560547 0.05625 0.0179687 0.0430556 0.312
10 0.533203 0.777778 0.0335938 0.1 0.321878
3 0.508203 0.355556 0.0195312 0.0472222 0.335177
10 0.424219 0.356944 0.0140625 0.0444444 0.336361
4 0.844922 0.892361 0.0304688 0.0569444 0.359921
4 0.534375 0.203472 0.015625 0.0513889 0.360901
4 0.398047 0.0618056 0.0164062 0.104167 0.370154
1 0.533984 0.122917 0.0164062 0.0708333 0.372169
9 0.405469 0.69375 0.0421875 0.156944 0.453791
10 0.397266 0.354861 0.0148437 0.0513889 0.540661
11 0.592578 0.810417 0.0476562 0.151389 0.556366
4 0.451953 0.157639 0.0164062 0.0486111 0.684593
4 0.561328 0.107639 0.0148437 0.0486111 0.692528
11 0.493359 0.759028 0.0335938 0.129167 0.705644
4 0.450391 0.108333 0.0148437 0.0472222 0.752228
4 0.5875 0.109722 0.015625 0.05 0.784091
4 0.396484 0.109722 0.0148437 0.0472222 0.795886
4 0.423828 0.107639 0.0148437 0.0486111 0.806392
4 0.533594 0.109722 0.0140625 0.0527778 0.814031
3 0.971094 0.502083 0.0546875 0.179167 0.847319
