6 0.755078 0.0368056 0.0210938 0.0652778 0.259945
1 0.658594 0.24375 0.059375 0.184722 0.263629
9 0.696484 0.629861 0.0351562 0.104167 0.265401
10 0.423438 0.358333 0.0125 0.0472222 0.271711
11 0.589453 0.80625 0.0476562 0.148611 0.284018
4 0.678906 0.0243056 0.0171875 0.0402778 0.28965
3 0.505859 0.254167 0.0179687 0.0472222 0.289677
4 0.944141 0.93125 0.0257812 0.0458333 0.316772
4 0.50625 0.0555556 0.01875 0.0583333 0.317188
6 0.716016 0.0263889 0.0273438 0.0388889 0.332735
2 0.660156 0.251389 0.0625 0.177778 0.352015
7 0.644922 0.718056 0.0335938 0.108333 0.357391
8 0.586719 0.808333 0.04375 0.15 0.384844
4 0.417188 0.01875 0.0171875 0.0347222 0.389969
11 0.644531 0.720139 0.034375 0.115278 0.412313
3 0.534766 0.154167 0.0179687 0.0416667 0.414761
3 0.988672 0.265278 0.0210938 0.147222 0.430839
4 0.397266 0.0402778 0.0195312 0.0722222 0.439554
4 0.451172 0.157639 0.0164062 0.0486111 0.480662
10 0.396875 0.354861 0.015625 0.0569444 0.529193
4 0.450391 0.106944 0.0148437 0.05 0.537909
1 0.765234 0.323611 0.0257812 0.108333 0.565749
4 0.844531 0.884722 0.0265625 0.0388889 0.622345
4 0.560938 0.106944 0.015625 0.0472222 0.674485
4 0.587109 0.110417 0.0148437 0.0513889 0.761475
4 0.423438 0.106944 0.015625 0.05 0.790395
4 0.396094 0.109722 0.015625 0.0472222 0.799068
4 0.533203 0.111111 0.0148437 0.0527778 0.806631
