1 0.560547 0.0583333 0.0179687 0.0444444 0.254251
7 0.650781 0.722222 0.0375 0.130556 0.255779
3 0.45 0.154861 0.01875 0.0486111 0.310686
3 0.760938 0.222222 0.0578125 0.152778 0.330923
10 0.50625 0.254861 0.015625 0.0402778 0.361799
1 0.560156 0.103472 0.0171875 0.0541667 0.363617
6 0.721094 0.0270833 0.0390625 0.0458333 0.366
10 0.423438 0.379167 0.021875 0.0888889 0.371313
4 0.944531 0.931944 0.0234375 0.0444444 0.371828
4 0.559766 0.0576389 0.0179687 0.0430556 0.389963
4 0.50625 0.0472222 0.0171875 0.0583333 0.399163
4 0.397656 0.0652778 0.0171875 0.102778 0.401197
4 0.587891 0.05625 0.0179687 0.0430556 0.444189
8 0.478125 0.376389 0.0203125 0.0833333 0.449616
10 0.477734 0.375694 0.0195312 0.0819444 0.536343
1 0.7625 0.21875 0.0515625 0.159722 0.544465
3 0.662891 0.248611 0.0695312 0.191667 0.549334
1 0.960938 0.1 0.0546875 0.163889 0.639349
4 0.45 0.111806 0.015625 0.0513889 0.677942
1 0.835938 0.604167 0.053125 0.155556 0.687423
4 0.560938 0.109028 0.015625 0.0486111 0.752603
10 0.533594 0.383333 0.0203125 0.0722222 0.78097
4 0.396094 0.109722 0.015625 0.0472222 0.807646
4 0.5875 0.109028 0.0171875 0.0513889 0.818746
4 0.423438 0.109722 0.015625 0.05 0.833189
4 0.533594 0.110417 0.015625 0.0486111 0.869078
4 0.477734 0.109028 0.0164062 0.0513889 0.876967
