3 0.757031 0.0625 0.025 0.125 0.250383
11 0.61875 0.757639 0.0359375 0.140278 0.254235
4 0.50625 0.0569444 0.0203125 0.0555556 0.279679
4 0.451562 0.134028 0.015625 0.0819444 0.288382
11 0.645312 0.721528 0.0359375 0.120833 0.297603
10 0.419531 0.01875 0.0171875 0.0375 0.303045
4 0.418359 0.0194444 0.0179687 0.0361111 0.372785
4 0.451562 0.157639 0.0171875 0.0513889 0.415136
3 0.451172 0.157639 0.0179687 0.0513889 0.430348
4 0.397656 0.0597222 0.0171875 0.102778 0.436666
4 0.450781 0.0618056 0.015625 0.0541667 0.451537
10 0.397266 0.354167 0.0164062 0.0555556 0.491285
3 0.656641 0.25 0.0648438 0.180556 0.537723
1 0.533594 0.131944 0.01875 0.0805556 0.565638
4 0.844922 0.884028 0.0257812 0.0402778 0.593718
10 0.530469 0.778472 0.03125 0.0930556 0.635911
4 0.450391 0.107639 0.0164062 0.0513889 0.65703
8 0.589063 0.808333 0.04375 0.147222 0.684877
4 0.533203 0.111806 0.0164062 0.0541667 0.709953
4 0.560938 0.108333 0.015625 0.05 0.764416
4 0.586719 0.111806 0.015625 0.0541667 0.800846
4 0.396484 0.109722 0.0164062 0.0472222 0.803037
4 0.423828 0.107639 0.0164062 0.0513889 0.803712
