4 0.760156 0.0541667 0.0203125 0.0861111 0.287863
4 0.560547 0.0576389 0.0195312 0.0513889 0.289407
1 0.535156 0.204167 0.0171875 0.05 0.295208
1 0.39375 0.01875 0.0265625 0.0263889 0.317332
1 0.435937 0.4875 0.0359375 0.111111 0.334158
4 0.845703 0.886111 0.0289063 0.0416667 0.384781
4 0.423047 0.20625 0.0132813 0.0430556 0.389046
4 0.505859 0.0569444 0.0179687 0.05 0.440538
4 0.46875 0.0152778 0.0234375 0.0277778 0.463723
10 0.605078 0.70625 0.0335938 0.1375 0.470432
10 0.396875 0.354167 0.015625 0.0472222 0.514502
10 0.469922 0.644444 0.0273438 0.0805556 0.544266
4 0.451172 0.156944 0.0148437 0.05 0.556893
8 0.591016 0.807639 0.0445312 0.154167 0.612165
11 0.491406 0.756944 0.034375 0.127778 0.645732
3 0.985156 0.274306 0.0296875 0.159722 0.653582
3 0.48125 0.495139 0.04375 0.123611 0.690202
4 0.45 0.111111 0.0140625 0.0555556 0.690507
4 0.561328 0.106944 0.0164062 0.05 0.739352
4 0.395703 0.159028 0.0148437 0.0513889 0.812354
4 0.587891 0.109028 0.0164062 0.0486111 0.836636
4 0.533594 0.109722 0.015625 0.0472222 0.882656
