10 0.418359 0.01875 0.0179687 0.0375 0.272807
4 0.451562 0.133333 0.015625 0.0833333 0.285165
4 0.506641 0.0569444 0.0195312 0.0555556 0.303527
4 0.683594 0.0256944 0.0171875 0.0402778 0.312856
4 0.757812 0.0319444 0.0171875 0.0583333 0.346646
4 0.418359 0.0194444 0.0179687 0.0361111 0.351219
3 0.533203 0.152778 0.0195312 0.0527778 0.353083
3 0.65625 0.251389 0.0640625 0.177778 0.376507
3 0.451172 0.157639 0.0179687 0.0513889 0.397396
11 0.645703 0.720833 0.0351562 0.119444 0.423566
4 0.450391 0.0625 0.0164062 0.0611111 0.455645
4 0.451562 0.157639 0.0171875 0.0513889 0.459001
4 0.397656 0.0597222 0.0171875 0.102778 0.459869
10 0.397266 0.354167 0.0164062 0.0555556 0.509843
1 0.758203 0.138194 0.0304688 0.126389 0.516784
1 0.533594 0.132639 0.01875 0.0791667 0.543842
4 0.844922 0.884028 0.0257812 0.0402778 0.585552
10 0.530078 0.777778 0.0304688 0.0916667 0.644694
4 0.450391 0.107639 0.0164062 0.0513889 0.64948
8 0.588672 0.808333 0.0429688 0.147222 0.714501
4 0.533203 0.111806 0.0164062 0.0541667 0.72117
4 0.560938 0.109028 0.015625 0.0513889 0.764453
4 0.5875 0.110417 0.0171875 0.0513889 0.802706
4 0.423438 0.107639 0.015625 0.0513889 0.806396
4 0.396094 0.109722 0.015625 0.0472222 0.812056
