10 0.534375 0.241667 0.015625 0.0638889 0.254672
4 0.396875 0.0402778 0.01875 0.0666667 0.256813
7 0.492969 0.760417 0.0359375 0.118056 0.260698
11 0.533203 0.775694 0.0351562 0.1125 0.307174
9 0.407031 0.688889 0.0453125 0.158333 0.315313
4 0.397656 0.0694444 0.015625 0.108333 0.319009
4 0.512891 0.0243056 0.0195312 0.0208333 0.320928
3 0.507812 0.355556 0.0203125 0.0472222 0.32454
4 0.560547 0.05625 0.0179687 0.0430556 0.339637
4 0.533594 0.204167 0.015625 0.05 0.347994
10 0.533203 0.776389 0.0335938 0.1 0.354971
10 0.423828 0.356944 0.0132813 0.0416667 0.384298
4 0.844922 0.892361 0.0304688 0.0569444 0.436396
1 0.533984 0.122917 0.0164062 0.0708333 0.460896
10 0.397266 0.354167 0.0148437 0.05 0.594303
11 0.592578 0.810417 0.0476562 0.151389 0.619216
11 0.492969 0.759028 0.034375 0.126389 0.630026
4 0.451562 0.157639 0.015625 0.0486111 0.654134
4 0.560547 0.107639 0.0148437 0.0486111 0.724341
4 0.450391 0.108333 0.0148437 0.0472222 0.746853
3 0.972656 0.503472 0.05 0.170833 0.772267
4 0.587109 0.111111 0.0148437 0.0527778 0.798473
4 0.533203 0.109722 0.0148437 0.0527778 0.800057
4 0.396484 0.111111 0.0148437 0.05 0.805557
4 0.423438 0.107639 0.015625 0.0513889 0.810437
