10 0.418359 0.711806 0.0382813 0.134722 0.252328
11 0.528125 0.770139 0.0359375 0.115278 0.252848
1 0.533594 0.0472222 0.0171875 0.0527778 0.27021
6 0.976562 0.0368056 0.040625 0.0597222 0.275924
4 0.422656 0.249306 0.0140625 0.0513889 0.292214
10 0.505859 0.254167 0.0148437 0.0361111 0.293533
8 0.59375 0.802083 0.046875 0.154167 0.308056
1 0.719141 0.114583 0.0492188 0.184722 0.311503
10 0.507031 0.74375 0.0296875 0.0986111 0.326398
4 0.944531 0.931944 0.0234375 0.0444444 0.330701
10 0.521094 0.663889 0.03125 0.116667 0.337876
10 0.423047 0.357639 0.0132813 0.0458333 0.37505
6 0.723437 0.0243056 0.0359375 0.0430556 0.396213
4 0.396484 0.0444444 0.0164062 0.0583333 0.437182
4 0.532812 0.0444444 0.015625 0.0611111 0.440855
10 0.396484 0.354167 0.0148437 0.0527778 0.459174
10 0.477344 0.377778 0.01875 0.0777778 0.482406
1 0.961328 0.103472 0.0507812 0.1625 0.495262
4 0.505469 0.205556 0.0140625 0.0388889 0.501644
10 0.575391 0.707639 0.0367187 0.123611 0.528105
10 0.450391 0.155556 0.0148437 0.0444444 0.570121
1 0.476172 0.0381944 0.0195312 0.0625 0.587017
11 0.575391 0.706944 0.0367187 0.125 0.592149
4 0.560547 0.0555556 0.0179687 0.0388889 0.593518
11 0.648047 0.729167 0.0429688 0.141667 0.668
4 0.45 0.104861 0.015625 0.0458333 0.682535
1 0.533203 0.131944 0.0179687 0.0805556 0.733747
4 0.560156 0.109028 0.0140625 0.0486111 0.785677
4 0.423047 0.107639 0.0164062 0.0513889 0.814166
4 0.476562 0.109028 0.015625 0.0486111 0.817979
4 0.5875 0.108333 0.015625 0.0472222 0.832037
4 0.395703 0.110417 0.0148437 0.0486111 0.849162
