4 0.417578 0.0194444 0.0179687 0.0333333 0.25744
4 0.560156 0.0576389 0.01875 0.0458333 0.275185
11 0.253125 0.890278 0.065625 0.169444 0.282664
10 0.534375 0.358333 0.015625 0.0416667 0.311572
6 0.0359375 0.93125 0.040625 0.0958333 0.326703
4 0.683594 0.0291667 0.01875 0.0472222 0.349597
11 0.588672 0.809028 0.0445312 0.148611 0.395067
1 0.533594 0.126389 0.0171875 0.0722222 0.404924
4 0.533594 0.202778 0.015625 0.05 0.411559
8 0.590234 0.811806 0.0429688 0.154167 0.429139
4 0.397266 0.05625 0.0164062 0.0958333 0.505042
10 0.397266 0.354861 0.0148437 0.0486111 0.521465
4 0.451562 0.158333 0.0171875 0.0472222 0.696445
4 0.560938 0.10625 0.015625 0.0513889 0.707885
4 0.844531 0.885417 0.0234375 0.0402778 0.739779
4 0.450391 0.108333 0.0148437 0.0472222 0.748907
4 0.587891 0.108333 0.0164062 0.05 0.76576
10 0.529297 0.778472 0.0289063 0.0902778 0.788045
4 0.533203 0.109722 0.0148437 0.0527778 0.813105
4 0.423438 0.107639 0.015625 0.0513889 0.813453
4 0.396484 0.111806 0.0148437 0.0486111 0.814434
11 0.488281 0.755556 0.0375 0.125 0.838098
3 0.963281 0.497222 0.0671875 0.194444 0.886056
