11 0.341406 0.279167 0.05625 0.180556 0.252094
10 0.397266 0.353472 0.0164062 0.0513889 0.266705
1 0.476562 0.203472 0.0140625 0.0430556 0.290888
1 0.96875 0.100694 0.053125 0.159722 0.321597
3 0.507812 0.354167 0.01875 0.0472222 0.33658
10 0.00976562 0.24375 0.0179687 0.159722 0.378666
4 0.845312 0.885417 0.025 0.0402778 0.383343
11 0.452734 0.745139 0.0351562 0.134722 0.38574
4 0.560156 0.0569444 0.01875 0.0444444 0.426642
3 0.979688 0.280556 0.0390625 0.166667 0.448804
4 0.397266 0.0555556 0.0164062 0.0944444 0.473545
9 0.404687 0.69375 0.0390625 0.148611 0.514673
11 0.591406 0.809028 0.04375 0.148611 0.617181
11 0.491016 0.754861 0.0335938 0.120833 0.684765
4 0.450781 0.160417 0.0140625 0.0430556 0.697611
4 0.560938 0.108333 0.015625 0.0472222 0.753922
4 0.395703 0.110417 0.0148437 0.0458333 0.773771
4 0.45 0.108333 0.0140625 0.0444444 0.776771
4 0.423438 0.107639 0.0140625 0.0486111 0.801671
4 0.5875 0.109722 0.015625 0.0472222 0.818388
4 0.533594 0.109028 0.0140625 0.0486111 0.866903
