11 0.255859 0.890278 0.0632813 0.166667 0.256482
11 0.530859 0.775694 0.0320312 0.104167 0.259167
10 0.00898437 0.264583 0.0164062 0.143056 0.286431
4 0.534766 0.202083 0.0148437 0.0486111 0.305053
9 0.403516 0.69375 0.0382813 0.145833 0.361878
4 0.397656 0.0631944 0.0171875 0.106944 0.366527
4 0.421875 0.0194444 0.0171875 0.0333333 0.377827
10 0.420312 0.0180556 0.0171875 0.0361111 0.382234
10 0.534375 0.357639 0.015625 0.0430556 0.398212
11 0.452734 0.746528 0.0351562 0.126389 0.410539
8 0.592188 0.809722 0.04375 0.158333 0.469288
11 0.591406 0.804167 0.0453125 0.152778 0.473087
10 0.397656 0.354167 0.015625 0.05 0.607971
10 0.530859 0.776389 0.0304688 0.0972222 0.668222
4 0.450391 0.109028 0.0148437 0.0486111 0.673241
4 0.451562 0.15625 0.0171875 0.0486111 0.678832
4 0.560938 0.104861 0.015625 0.0541667 0.691035
4 0.587109 0.108333 0.0164062 0.0555556 0.720381
4 0.844531 0.885417 0.0234375 0.0402778 0.734116
4 0.396484 0.109722 0.0148437 0.05 0.791617
4 0.423438 0.107639 0.015625 0.0513889 0.798816
11 0.490625 0.75625 0.0359375 0.126389 0.806418
4 0.533594 0.108333 0.015625 0.0555556 0.834807
3 0.964453 0.495139 0.0664062 0.195833 0.901595
