10 0.603516 0.692361 0.0304688 0.118056 0.26583
4 0.604297 0.699306 0.0304688 0.126389 0.303536
10 0.450391 0.347917 0.0179687 0.0513889 0.337705
1 0.65 0.236806 0.05 0.184722 0.343329
4 0.942578 0.93125 0.0273438 0.0486111 0.349156
3 0.978516 0.29375 0.0429688 0.145833 0.359428
3 0.759766 0.0590278 0.0226563 0.0958333 0.371931
4 0.423438 0.204861 0.0125 0.0430556 0.385959
12 0.203125 0.853472 0.0453125 0.0986111 0.386659
4 0.844922 0.886806 0.0273438 0.0430556 0.455152
10 0.396875 0.353472 0.015625 0.0486111 0.536436
4 0.451172 0.15625 0.0148437 0.0486111 0.542506
11 0.651563 0.727083 0.03125 0.0930556 0.582606
4 0.450391 0.0576389 0.0164062 0.0430556 0.619898
4 0.560156 0.105556 0.015625 0.05 0.70546
4 0.450391 0.107639 0.0148437 0.0513889 0.72328
11 0.591406 0.804167 0.046875 0.158333 0.724215
4 0.587109 0.108333 0.0148437 0.0527778 0.750783
4 0.395703 0.157639 0.0148437 0.0541667 0.813365
4 0.533203 0.107639 0.0148437 0.0486111 0.833913
