10 0.555078 0.6875 0.0242187 0.075 0.254483
1 0.533984 0.204861 0.0164062 0.0541667 0.282492
4 0.560156 0.0590278 0.01875 0.0486111 0.309287
4 0.419141 0.01875 0.0164062 0.0319444 0.316343
6 0.760938 0.0597222 0.0296875 0.105556 0.362331
3 0.760547 0.0583333 0.0304688 0.105556 0.371003
1 0.472266 0.0208333 0.0195312 0.0277778 0.3789
10 0.520703 0.711806 0.0273438 0.0902778 0.438217
6 0.722656 0.0243056 0.0296875 0.0430556 0.441775
10 0.00859375 0.245139 0.015625 0.151389 0.449408
3 0.971094 0.288889 0.053125 0.161111 0.460139
1 0.477344 0.202083 0.0171875 0.0458333 0.496366
11 0.589844 0.807639 0.0421875 0.151389 0.496446
4 0.396094 0.0381944 0.01875 0.0652778 0.505149
4 0.423438 0.206944 0.015625 0.0472222 0.521257
1 0.785156 0.567361 0.059375 0.126389 0.622554
4 0.450391 0.159722 0.0148437 0.0472222 0.638705
11 0.489844 0.754861 0.034375 0.123611 0.64135
4 0.844141 0.882639 0.0242187 0.0375 0.646687
10 0.396875 0.354167 0.015625 0.0472222 0.652438
4 0.450391 0.109722 0.0148437 0.05 0.743727
4 0.560938 0.106944 0.015625 0.05 0.749578
4 0.395703 0.109722 0.0148437 0.05 0.782014
4 0.587891 0.109028 0.0164062 0.0486111 0.821747
4 0.533594 0.108333 0.0140625 0.05 0.847725
