11 0.596875 0.79375 0.05 0.176389 0.256407
4 0.944531 0.931944 0.025 0.0444444 0.265477
10 0.423828 0.358333 0.0132813 0.0472222 0.279605
7 0.647266 0.720833 0.0320312 0.119444 0.281711
1 0.760156 0.15 0.0375 0.138889 0.283566
6 0.758203 0.0423611 0.0242187 0.0763889 0.288098
4 0.411328 0.0201389 0.0179687 0.0402778 0.302249
3 0.756641 0.0722222 0.0289063 0.127778 0.3223
4 0.533594 0.136111 0.01875 0.0916667 0.329037
4 0.473828 0.0194444 0.0179687 0.0277778 0.350394
3 0.533203 0.152778 0.0210938 0.0555556 0.378458
4 0.417578 0.0194444 0.0164062 0.0361111 0.380588
4 0.450391 0.0611111 0.0164062 0.0527778 0.42557
4 0.844922 0.884722 0.0257812 0.0416667 0.438266
10 0.397266 0.354861 0.0148437 0.0569444 0.441444
4 0.505859 0.0583333 0.0195312 0.0555556 0.483649
1 0.533594 0.13125 0.01875 0.0819444 0.502364
8 0.588281 0.808333 0.0421875 0.147222 0.525911
4 0.396875 0.0423611 0.01875 0.0680556 0.534297
11 0.645703 0.721528 0.0335938 0.118056 0.552029
4 0.451172 0.158333 0.0179687 0.05 0.595124
4 0.450391 0.109028 0.0164062 0.0513889 0.704176
10 0.528906 0.777778 0.0296875 0.0916667 0.714012
4 0.560547 0.109028 0.0164062 0.0513889 0.722988
4 0.533203 0.111806 0.0164062 0.0541667 0.795671
4 0.5875 0.110417 0.0171875 0.0513889 0.801345
4 0.396094 0.109722 0.015625 0.0472222 0.817989
4 0.423438 0.108333 0.015625 0.0527778 0.836412
