10 0.417578 0.0166667 0.0164062 0.0333333 0.261909
8 0.591797 0.803472 0.0476562 0.154167 0.287711
4 0.506641 0.211111 0.0148437 0.0583333 0.289108
10 0.505859 0.254167 0.0148437 0.0388889 0.291174
10 0.418359 0.710417 0.0382813 0.1375 0.300089
9 0.560156 0.670139 0.040625 0.131944 0.331813
1 0.476953 0.0451389 0.0179687 0.0541667 0.333176
1 0.770312 0.232639 0.03125 0.118056 0.371151
3 0.45 0.154861 0.01875 0.0458333 0.398622
11 0.295312 0.359722 0.0609375 0.169444 0.401422
4 0.397266 0.0618056 0.0164062 0.106944 0.402376
10 0.423828 0.356944 0.0132813 0.0472222 0.405907
4 0.944531 0.931944 0.0234375 0.0444444 0.423296
4 0.5875 0.0569444 0.0171875 0.0444444 0.435092
7 0.637109 0.724306 0.0492188 0.159722 0.447795
10 0.478125 0.375694 0.01875 0.0763889 0.457521
1 0.450391 0.157639 0.0179687 0.0430556 0.46229
6 0.720312 0.0291667 0.0375 0.0472222 0.463127
4 0.533203 0.111806 0.0148437 0.0541667 0.543321
4 0.505859 0.0534722 0.0164062 0.0513889 0.544962
1 0.958203 0.0868056 0.0601562 0.148611 0.545097
4 0.45 0.111806 0.015625 0.0513889 0.627114
10 0.396875 0.354861 0.015625 0.0541667 0.628999
1 0.533984 0.129167 0.0179687 0.0805556 0.660885
4 0.560938 0.109028 0.0140625 0.0486111 0.797928
4 0.396484 0.111111 0.0148437 0.05 0.811856
4 0.587891 0.109028 0.0164062 0.0486111 0.821659
4 0.423438 0.108333 0.015625 0.05 0.841173
4 0.477734 0.109028 0.0164062 0.0513889 0.86964
