10 0.396875 0.0444444 0.0171875 0.0555556 0.251865
11 0.25625 0.888194 0.065625 0.170833 0.272336
10 0.424219 0.357639 0.0140625 0.0402778 0.283298
4 0.560156 0.0576389 0.01875 0.0430556 0.292082
8 0.594141 0.810417 0.0460938 0.1625 0.301885
4 0.746484 0.921528 0.0210938 0.0486111 0.312936
1 0.533984 0.122917 0.0164062 0.0708333 0.368259
10 0.420312 0.01875 0.0171875 0.0375 0.381436
4 0.397266 0.0645833 0.0164062 0.104167 0.39313
9 0.405078 0.696528 0.0429688 0.151389 0.409875
4 0.533594 0.203472 0.015625 0.0486111 0.436307
10 0.009375 0.255556 0.0171875 0.147222 0.438454
10 0.397656 0.354861 0.015625 0.0486111 0.620385
11 0.592578 0.809028 0.0476562 0.154167 0.653521
4 0.560938 0.107639 0.015625 0.0486111 0.693696
4 0.451953 0.158333 0.0164062 0.0472222 0.718692
4 0.844141 0.883333 0.0242187 0.0388889 0.722222
4 0.5875 0.109722 0.015625 0.05 0.77867
4 0.450391 0.107639 0.0148437 0.0458333 0.785175
4 0.423438 0.107639 0.015625 0.0513889 0.795646
11 0.492969 0.756944 0.034375 0.133333 0.79638
4 0.533203 0.109722 0.0148437 0.0527778 0.823522
4 0.396484 0.111111 0.0148437 0.05 0.827423
3 0.966016 0.495833 0.0632813 0.188889 0.907348
