4 0.0109375 0.167361 0.0203125 0.0958333 0.257029
3 0.50625 0.0597222 0.01875 0.0472222 0.287329
4 0.50625 0.0597222 0.01875 0.05 0.341964
3 0.978516 0.284028 0.0429688 0.1625 0.376491
4 0.845312 0.886806 0.0265625 0.0430556 0.397734
11 0.591406 0.809722 0.04375 0.152778 0.447913
10 0.619531 0.75625 0.034375 0.134722 0.493783
4 0.450781 0.157639 0.0140625 0.0458333 0.520022
8 0.592578 0.811806 0.0414063 0.159722 0.531374
11 0.491797 0.759722 0.0351562 0.127778 0.635205
4 0.560547 0.109028 0.0164062 0.0486111 0.739673
4 0.45 0.108333 0.0140625 0.0472222 0.744246
4 0.395703 0.110417 0.0148437 0.0513889 0.749352
10 0.469531 0.644444 0.028125 0.0833333 0.787878
4 0.587891 0.109722 0.0164062 0.05 0.823321
4 0.533594 0.109722 0.015625 0.0472222 0.874578
