4 0.845703 0.888194 0.0273438 0.0430556 0.273659
1 0.505469 0.0604167 0.0203125 0.0430556 0.277856
4 0.398438 0.0194444 0.01875 0.0333333 0.288334
11 0.592578 0.803472 0.0476562 0.156944 0.33087
4 0.423438 0.205556 0.0125 0.0416667 0.347394
10 0.605469 0.709028 0.0328125 0.1375 0.348333
4 0.451172 0.15625 0.0148437 0.0486111 0.390425
1 0.534766 0.204167 0.0179687 0.0527778 0.407167
10 0.469922 0.646528 0.0289063 0.0847222 0.440846
3 0.505859 0.0611111 0.0195312 0.0444444 0.457626
3 0.985937 0.275694 0.028125 0.159722 0.478752
10 0.396875 0.354861 0.015625 0.0486111 0.495901
11 0.490625 0.756944 0.0375 0.127778 0.552198
8 0.591016 0.807639 0.0460938 0.154167 0.629402
4 0.450391 0.111111 0.0148437 0.0555556 0.66063
4 0.560938 0.106944 0.0171875 0.05 0.763648
4 0.395703 0.158333 0.0148437 0.0527778 0.799609
4 0.5875 0.108333 0.0171875 0.05 0.83368
4 0.533594 0.109722 0.015625 0.0472222 0.872519
