6 0.896094 0.895139 0.0359375 0.0569444 0.267882
4 0.505859 0.0458333 0.0164062 0.0583333 0.274909
10 0.422656 0.201389 0.0140625 0.0472222 0.277534
3 0.450391 0.154167 0.0179687 0.0472222 0.279739
1 0.760156 0.0826389 0.0265625 0.131944 0.283735
1 0.794141 0.577778 0.0382813 0.122222 0.310191
4 0.944922 0.93125 0.0242187 0.0458333 0.315627
4 0.397266 0.0666667 0.0164062 0.105556 0.376007
1 0.450781 0.15625 0.0171875 0.0458333 0.393461
10 0.397266 0.354861 0.0148437 0.0569444 0.414416
4 0.533594 0.113889 0.015625 0.05 0.480711
1 0.839453 0.602778 0.0570313 0.177778 0.53553
10 0.477344 0.377083 0.01875 0.0763889 0.552132
4 0.589453 0.0472222 0.0179687 0.0555556 0.578883
4 0.450391 0.113194 0.0148437 0.0513889 0.615259
1 0.533594 0.134028 0.01875 0.0763889 0.621127
1 0.962891 0.0993056 0.0570313 0.170833 0.754019
4 0.396094 0.109722 0.015625 0.0472222 0.804664
4 0.587891 0.109028 0.0164062 0.0486111 0.812877
4 0.423438 0.108333 0.015625 0.05 0.816578
4 0.561328 0.110417 0.0148437 0.0458333 0.833915
4 0.477734 0.109722 0.0164062 0.05 0.872753
