10 0.574609 0.706944 0.0398437 0.125 0.252651
9 0.334375 0.725 0.0421875 0.158333 0.253902
10 0.418359 0.711111 0.0382813 0.136111 0.279456
1 0.34375 0.0430556 0.034375 0.0666667 0.280047
4 0.945312 0.931944 0.0234375 0.0444444 0.284515
10 0.505859 0.254861 0.0148437 0.0375 0.292052
1 0.965234 0.107639 0.0507812 0.159722 0.297986
10 0.417188 0.0166667 0.015625 0.0333333 0.299155
10 0.520703 0.664583 0.0320312 0.115278 0.30011
6 0.71875 0.0305556 0.0375 0.05 0.303522
10 0.506641 0.744444 0.0289063 0.0972222 0.304287
4 0.745703 0.920833 0.0210938 0.05 0.350133
10 0.423047 0.357639 0.0132813 0.0458333 0.365004
11 0.59375 0.803472 0.046875 0.156944 0.384509
4 0.532812 0.0451389 0.015625 0.0597222 0.385454
4 0.397266 0.0631944 0.0164062 0.104167 0.418817
1 0.663672 0.254861 0.0570313 0.168056 0.439287
10 0.477344 0.377778 0.01875 0.0777778 0.474094
4 0.505859 0.20625 0.0132813 0.0402778 0.514007
1 0.476172 0.0395833 0.0195312 0.0625 0.520344
4 0.560547 0.05625 0.0179687 0.0402778 0.532629
11 0.644141 0.727778 0.0414063 0.138889 0.535065
8 0.593359 0.801389 0.0492188 0.158333 0.543008
10 0.396484 0.354167 0.0148437 0.0527778 0.556934
4 0.844531 0.884722 0.025 0.0388889 0.579191
10 0.450391 0.155556 0.0148437 0.0444444 0.589829
11 0.574219 0.706944 0.0390625 0.127778 0.617306
1 0.844922 0.602083 0.0601562 0.193056 0.680734
4 0.45 0.107639 0.0140625 0.0458333 0.69811
1 0.533594 0.13125 0.0171875 0.0819444 0.725252
4 0.560547 0.109028 0.0148437 0.0486111 0.796694
4 0.423047 0.107639 0.0164062 0.0513889 0.816788
4 0.477344 0.109028 0.015625 0.0486111 0.827075
4 0.5875 0.108333 0.015625 0.0472222 0.846587
4 0.395703 0.110417 0.0148437 0.0486111 0.854759
