3 0.508203 0.354861 0.0195312 0.0458333 0.250783
10 0.424219 0.356944 0.0140625 0.0444444 0.264289
3 0.358203 0.0506944 0.0226563 0.0513889 0.27396
6 0.703906 0.0333333 0.040625 0.0555556 0.291264
7 0.49375 0.758333 0.0359375 0.122222 0.293639
4 0.560547 0.05625 0.0179687 0.0430556 0.319513
11 0.249609 0.88125 0.0679687 0.179167 0.325697
11 0.533594 0.775694 0.034375 0.109722 0.358975
1 0.533984 0.125694 0.0164062 0.0708333 0.369047
4 0.533984 0.203472 0.0148437 0.0486111 0.376023
1 0.357422 0.0444444 0.0226563 0.0527778 0.376569
9 0.408984 0.690972 0.0460938 0.1625 0.40407
10 0.533594 0.777083 0.0328125 0.0986111 0.463487
4 0.396484 0.05 0.0164062 0.0611111 0.490762
10 0.397266 0.354861 0.0148437 0.0513889 0.521113
6 0.970703 0.501389 0.0554687 0.175 0.630618
11 0.59375 0.809722 0.0453125 0.15 0.632408
4 0.451562 0.156944 0.015625 0.0472222 0.684955
4 0.560938 0.106944 0.0140625 0.0472222 0.688838
11 0.494141 0.758333 0.0335938 0.127778 0.7066
4 0.450391 0.107639 0.0148437 0.0458333 0.731148
4 0.587109 0.111111 0.0148437 0.0527778 0.784242
4 0.533594 0.109028 0.0140625 0.0513889 0.805906
4 0.423438 0.106944 0.0140625 0.05 0.807333
4 0.396484 0.109722 0.0148437 0.0472222 0.842241
3 0.970312 0.502778 0.0578125 0.180556 0.871181
