11 0.326562 0.284722 0.0484375 0.163889 0.260721
4 0.945703 0.932639 0.0257812 0.0430556 0.283624
11 0.532422 0.770833 0.0335938 0.108333 0.337761
1 0.660547 0.225 0.0632813 0.230556 0.337937
7 0.492578 0.757639 0.0351562 0.120833 0.363835
4 0.533594 0.203472 0.015625 0.0486111 0.365932
10 0.533984 0.359028 0.0148437 0.0430556 0.367414
10 0.424219 0.356944 0.0140625 0.0416667 0.39218
4 0.397656 0.0597222 0.015625 0.1 0.418012
9 0.404297 0.693056 0.0414063 0.152778 0.426452
3 0.507812 0.355556 0.0203125 0.0472222 0.440239
8 0.59375 0.809028 0.04375 0.159722 0.442287
4 0.560156 0.0576389 0.01875 0.0430556 0.453707
4 0.845312 0.884028 0.025 0.0375 0.500256
1 0.533984 0.124306 0.0164062 0.0736111 0.531559
4 0.451562 0.156944 0.015625 0.0472222 0.5965
11 0.592969 0.804167 0.04375 0.152778 0.612452
1 0.966797 0.113194 0.0554687 0.176389 0.614089
10 0.396875 0.354167 0.015625 0.05 0.633014
3 0.979688 0.273611 0.0390625 0.155556 0.649008
4 0.45 0.108333 0.0140625 0.0472222 0.706474
4 0.560547 0.107639 0.0148437 0.0486111 0.720478
4 0.533203 0.109722 0.0148437 0.0527778 0.739164
11 0.492969 0.756944 0.0328125 0.127778 0.746438
4 0.395703 0.110417 0.0148437 0.0458333 0.793318
4 0.423438 0.107639 0.0140625 0.0486111 0.814225
4 0.587891 0.109028 0.0164062 0.0486111 0.821057
