4 0.506641 0.211806 0.0148437 0.0597222 0.253652
10 0.50625 0.252083 0.0140625 0.0402778 0.261189
1 0.662109 0.25 0.0617188 0.172222 0.268045
3 0.450391 0.155556 0.0179687 0.0444444 0.268813
10 0.423828 0.356944 0.0132813 0.0472222 0.272365
1 0.832812 0.61875 0.0609375 0.1625 0.279101
11 0.469531 0.661111 0.034375 0.119444 0.279219
10 0.396875 0.0451389 0.0171875 0.0597222 0.290387
10 0.419141 0.0166667 0.0164062 0.0333333 0.297971
4 0.397656 0.0673611 0.015625 0.106944 0.309238
11 0.521875 0.665278 0.034375 0.122222 0.310906
1 0.708984 0.103472 0.0492188 0.1625 0.338426
3 0.966797 0.117361 0.0539063 0.181944 0.355288
1 0.476562 0.04375 0.0171875 0.0541667 0.360613
4 0.746094 0.920139 0.021875 0.0541667 0.364039
11 0.641016 0.732639 0.0492188 0.151389 0.404262
10 0.533984 0.355556 0.0148437 0.0472222 0.411699
9 0.417578 0.714583 0.0414063 0.148611 0.434916
4 0.942578 0.930556 0.0242187 0.0472222 0.437147
1 0.450781 0.157639 0.0171875 0.0430556 0.445192
10 0.476953 0.378472 0.0179687 0.0736111 0.510834
4 0.84375 0.884028 0.025 0.0375 0.514031
4 0.506641 0.0520833 0.0148437 0.0486111 0.531883
4 0.5875 0.05625 0.0171875 0.0430556 0.537885
1 0.96875 0.105556 0.0546875 0.175 0.545618
4 0.450391 0.110417 0.0148437 0.0513889 0.634945
1 0.533984 0.129167 0.0179687 0.0805556 0.712241
1 0.765234 0.165278 0.0382813 0.136111 0.718826
4 0.560938 0.108333 0.0140625 0.0472222 0.81495
4 0.423438 0.107639 0.015625 0.0486111 0.816902
4 0.396484 0.111806 0.0148437 0.0486111 0.818022
4 0.587891 0.107639 0.0164062 0.0486111 0.851705
4 0.477734 0.108333 0.0164062 0.05 0.867335
