1 0.533594 0.204167 0.0171875 0.0527778 0.255886
8 0.592578 0.809722 0.0414063 0.158333 0.262202
1 0.472656 0.0208333 0.0203125 0.0277778 0.280512
11 0.232031 0.870833 0.0578125 0.175 0.308545
3 0.507812 0.352083 0.021875 0.0486111 0.316475
3 0.7875 0.570833 0.05625 0.133333 0.316648
6 0.762891 0.0583333 0.0304688 0.102778 0.331942
11 0.255469 0.889583 0.06875 0.170833 0.334091
10 0.521875 0.713194 0.028125 0.0930556 0.337827
9 0.404687 0.694444 0.040625 0.144444 0.34356
1 0.477344 0.201389 0.0171875 0.0472222 0.343624
4 0.397266 0.0645833 0.0164062 0.109722 0.344127
4 0.560156 0.0576389 0.01875 0.0458333 0.378569
3 0.762109 0.0569444 0.0289063 0.1 0.419852
4 0.423828 0.20625 0.0132813 0.0458333 0.425641
6 0.722266 0.025 0.0304688 0.0444444 0.449617
11 0.591016 0.807639 0.0429688 0.151389 0.565888
4 0.844141 0.883333 0.0242187 0.0388889 0.57319
10 0.397266 0.354167 0.0164062 0.05 0.591508
4 0.450781 0.161111 0.0140625 0.0472222 0.641074
1 0.785937 0.567361 0.0578125 0.126389 0.669821
4 0.560938 0.106944 0.015625 0.05 0.689636
3 0.976953 0.288194 0.0460938 0.1625 0.70175
4 0.45 0.109028 0.0140625 0.0513889 0.720774
11 0.491016 0.757639 0.0351562 0.126389 0.748504
4 0.396094 0.109722 0.015625 0.05 0.809509
4 0.5875 0.109028 0.015625 0.0486111 0.813465
4 0.533984 0.109028 0.0148437 0.0486111 0.831139
