4 0.506641 0.211806 0.0148437 0.0597222 0.251845
4 0.660937 0.0263889 0.0296875 0.05 0.261345
10 0.505859 0.252778 0.0148437 0.0416667 0.262094
3 0.762109 0.0888889 0.0335938 0.130556 0.26744
11 0.642187 0.586111 0.0484375 0.175 0.27347
3 0.45 0.154861 0.0171875 0.0458333 0.290245
1 0.857031 0.615278 0.0578125 0.116667 0.291634
11 0.469531 0.663889 0.034375 0.119444 0.304996
10 0.422656 0.202083 0.015625 0.0486111 0.32049
7 0.324609 0.611806 0.0648438 0.190278 0.330687
1 0.7625 0.0881944 0.03125 0.129167 0.338897
4 0.506641 0.0465278 0.0164062 0.0569444 0.342938
5 0.658203 0.266667 0.0570313 0.155556 0.345541
10 0.419531 0.0173611 0.0171875 0.0347222 0.348649
10 0.533984 0.354861 0.0148437 0.0486111 0.35647
10 0.396094 0.0451389 0.0171875 0.0597222 0.358683
4 0.5875 0.0569444 0.01875 0.0472222 0.359993
1 0.450391 0.156944 0.0179687 0.0444444 0.390027
4 0.944531 0.932639 0.0234375 0.0430556 0.416827
1 0.7 0.03125 0.0453125 0.0625 0.421048
4 0.397266 0.0583333 0.0164062 0.0972222 0.443932
7 0.644922 0.584028 0.0507812 0.181944 0.447314
11 0.645312 0.726389 0.04375 0.141667 0.448552
10 0.476953 0.377778 0.0179687 0.075 0.464885
1 0.664062 0.111806 0.0609375 0.204167 0.479333
4 0.533203 0.1125 0.0164062 0.0527778 0.510406
1 0.657812 0.265278 0.05625 0.155556 0.521423
4 0.45 0.111806 0.015625 0.0513889 0.605333
1 0.960156 0.0923611 0.0640625 0.159722 0.617401
1 0.533594 0.132639 0.01875 0.0763889 0.63358
4 0.84375 0.885417 0.025 0.0402778 0.65006
4 0.395703 0.110417 0.0148437 0.0458333 0.779302
4 0.423438 0.107639 0.015625 0.0486111 0.815328
4 0.587891 0.108333 0.0164062 0.05 0.82324
4 0.560938 0.109722 0.015625 0.0472222 0.828885
4 0.477734 0.108333 0.0164062 0.05 0.870183
