1 0.855078 0.904167 0.0492188 0.075 0.300428
1 0.734375 0.538194 0.0515625 0.118056 0.314621
10 0.567969 0.688194 0.0359375 0.120833 0.347697
5 0.0171875 0.531944 0.0328125 0.161111 0.367855
3 0.0652344 0.161806 0.0445312 0.140278 0.369884
3 0.108984 0.273611 0.0539063 0.216667 0.453128
4 0.0644531 0.155556 0.0414063 0.125 0.494462
11 0.567578 0.688194 0.0367187 0.120833 0.503363
3 0.0148437 0.238194 0.0296875 0.173611 0.521387
10 0.599219 0.646528 0.0296875 0.0847222 0.65519
6 0.0464844 0.936111 0.0429688 0.0888889 0.670758
