10 0.521484 0.715278 0.0289063 0.0833333 0.275026
10 0.619922 0.754167 0.0320312 0.130556 0.289834
6 0.722656 0.0256944 0.03125 0.0458333 0.320624
4 0.506641 0.0583333 0.0179687 0.05 0.32174
10 0.396875 0.354167 0.015625 0.05 0.35738
9 0.401953 0.684722 0.0351562 0.141667 0.358506
1 0.978125 0.288889 0.04375 0.163889 0.379602
1 0.478125 0.201389 0.0171875 0.0472222 0.383325
4 0.944922 0.932639 0.0257812 0.0430556 0.385748
6 0.969531 0.461806 0.0578125 0.104167 0.401601
10 0.555859 0.686111 0.0257812 0.075 0.491997
11 0.490234 0.752778 0.0351562 0.122222 0.497896
4 0.451172 0.160417 0.0148437 0.0486111 0.514431
4 0.450781 0.109028 0.0140625 0.0513889 0.669276
4 0.560938 0.106944 0.015625 0.05 0.71158
4 0.844531 0.886111 0.0265625 0.0416667 0.749079
8 0.589844 0.80625 0.0421875 0.151389 0.772906
4 0.396484 0.109028 0.0148437 0.0513889 0.792313
4 0.5875 0.108333 0.015625 0.05 0.817064
4 0.533984 0.109028 0.0148437 0.0486111 0.882827
