4 0.533594 0.204167 0.015625 0.05 0.250284
1 0.758984 0.0875 0.0242187 0.111111 0.263567
10 0.424219 0.357639 0.0140625 0.0402778 0.272496
4 0.418359 0.01875 0.0164062 0.0319444 0.280781
1 0.473047 0.0208333 0.0210938 0.0277778 0.288413
4 0.560156 0.05625 0.01875 0.0430556 0.291023
10 0.617969 0.717361 0.03125 0.0875 0.309251
4 0.683203 0.0291667 0.0179687 0.0472222 0.333794
1 0.533594 0.126389 0.0171875 0.0722222 0.437077
4 0.397266 0.05625 0.0164062 0.0986111 0.459942
8 0.590625 0.810417 0.0421875 0.154167 0.469042
10 0.534766 0.357639 0.0148437 0.0430556 0.478563
10 0.397266 0.354167 0.0148437 0.05 0.56258
4 0.451953 0.158333 0.0164062 0.0472222 0.597227
4 0.560547 0.106944 0.0148437 0.05 0.653244
10 0.530469 0.777083 0.0296875 0.0930556 0.699787
4 0.844922 0.885417 0.0226563 0.0402778 0.703831
4 0.450391 0.108333 0.0148437 0.0472222 0.730209
4 0.5875 0.108333 0.015625 0.05 0.755382
11 0.489062 0.754167 0.0375 0.125 0.778065
4 0.533203 0.109722 0.0148437 0.0527778 0.785491
4 0.423828 0.107639 0.0148437 0.0513889 0.802379
4 0.396484 0.111111 0.0148437 0.0472222 0.803158
3 0.964063 0.49375 0.0671875 0.195833 0.89179
