9 0.416016 0.679167 0.0382813 0.122222 0.2504
3 0.505859 0.0576389 0.0179687 0.0486111 0.269937
4 0.505859 0.0576389 0.0179687 0.0486111 0.311564
1 0.560938 0.102778 0.01875 0.0555556 0.320007
4 0.845703 0.8875 0.0273438 0.0444444 0.345127
10 0.605859 0.709722 0.0320312 0.136111 0.356785
4 0.423047 0.209722 0.0148437 0.0611111 0.368801
1 0.534375 0.204167 0.0171875 0.0527778 0.381608
4 0.451172 0.15625 0.0148437 0.0486111 0.383492
11 0.491797 0.758333 0.0335938 0.125 0.441014
10 0.396484 0.354861 0.0148437 0.0486111 0.541947
8 0.591016 0.807639 0.0445312 0.154167 0.608484
10 0.469922 0.645139 0.0273438 0.0819444 0.677945
4 0.560938 0.10625 0.015625 0.0513889 0.681936
4 0.45 0.109722 0.0140625 0.0527778 0.697697
4 0.395703 0.158333 0.0148437 0.0527778 0.801984
4 0.5875 0.107639 0.0171875 0.0513889 0.802112
4 0.533594 0.109028 0.015625 0.0486111 0.882097
