10 0.534766 0.24375 0.0164062 0.0597222 0.259921
4 0.683203 0.0298611 0.0195312 0.0458333 0.268062
1 0.197656 0.845833 0.0515625 0.152778 0.277065
1 0.474609 0.0194444 0.0210938 0.0277778 0.285858
9 0.404297 0.6875 0.0445312 0.152778 0.286786
10 0.396875 0.353472 0.015625 0.0513889 0.287312
10 0.618359 0.715278 0.0335938 0.0916667 0.292027
7 0.445703 0.735417 0.0414063 0.145833 0.292744
11 0.589844 0.804861 0.04375 0.151389 0.305985
4 0.560156 0.0569444 0.01875 0.0416667 0.323564
4 0.417188 0.01875 0.0171875 0.0319444 0.331572
1 0.534375 0.122222 0.0171875 0.0694444 0.371458
8 0.588672 0.808333 0.0429688 0.15 0.523896
4 0.397266 0.0527778 0.0164062 0.0916667 0.550072
4 0.451953 0.158333 0.0164062 0.0472222 0.664426
4 0.560938 0.106944 0.015625 0.05 0.700307
4 0.450391 0.109028 0.0148437 0.0458333 0.735341
1 0.825 0.591667 0.0515625 0.133333 0.74958
4 0.533594 0.109722 0.0140625 0.0527778 0.774048
11 0.487891 0.752083 0.0367187 0.123611 0.775387
10 0.529297 0.776389 0.0289063 0.0916667 0.782002
4 0.396484 0.111111 0.0148437 0.05 0.790897
4 0.423828 0.107639 0.0148437 0.0513889 0.798537
4 0.587891 0.109028 0.0164062 0.0486111 0.8089
