1 0.534766 0.204861 0.0179687 0.0513889 0.291014
4 0.423438 0.20625 0.0125 0.0430556 0.311103
4 0.560547 0.0583333 0.0195312 0.0472222 0.351169
4 0.845312 0.886111 0.0265625 0.0416667 0.409459
4 0.505859 0.0597222 0.0179687 0.0472222 0.431389
10 0.604688 0.709722 0.034375 0.141667 0.478483
10 0.396875 0.353472 0.015625 0.0513889 0.520051
4 0.451172 0.156944 0.0148437 0.05 0.530053
11 0.491016 0.758333 0.0335938 0.125 0.530716
10 0.469141 0.64375 0.0273438 0.0791667 0.631527
3 0.654297 0.261111 0.0585938 0.158333 0.652726
8 0.591016 0.807639 0.0445312 0.154167 0.694687
4 0.45 0.109722 0.0140625 0.05 0.716387
4 0.560938 0.108333 0.015625 0.0472222 0.74738
4 0.395703 0.159028 0.0148437 0.0541667 0.800112
4 0.5875 0.110417 0.015625 0.0486111 0.826755
4 0.533594 0.109722 0.015625 0.0472222 0.883672
