6 0.896875 0.895139 0.0359375 0.0569444 0.275212
4 0.505469 0.0506944 0.015625 0.0486111 0.279288
4 0.746094 0.920139 0.021875 0.0541667 0.285806
10 0.505859 0.253472 0.0148437 0.0402778 0.285846
3 0.971875 0.0972222 0.0515625 0.163889 0.287793
10 0.419141 0.0173611 0.0164062 0.0347222 0.287901
4 0.50625 0.211806 0.015625 0.0597222 0.296322
4 0.587891 0.0576389 0.0179687 0.0458333 0.307383
3 0.45 0.154861 0.01875 0.0458333 0.309347
10 0.560938 0.354861 0.015625 0.0513889 0.319617
6 0.972266 0.0416667 0.0445312 0.0611111 0.321134
10 0.422656 0.201389 0.0140625 0.0472222 0.322594
10 0.476953 0.379861 0.0179687 0.0736111 0.322976
10 0.533984 0.35625 0.0148437 0.0458333 0.323008
4 0.944531 0.93125 0.0234375 0.0458333 0.326025
11 0.323828 0.614583 0.0585938 0.179167 0.337529
10 0.396484 0.04375 0.0179687 0.0597222 0.350895
10 0.423828 0.35625 0.0148437 0.0513889 0.37171
1 0.450391 0.156944 0.0179687 0.0444444 0.38329
10 0.396875 0.354861 0.015625 0.0541667 0.41845
7 0.323438 0.614583 0.0671875 0.193056 0.45641
4 0.396875 0.0590278 0.0171875 0.101389 0.459275
1 0.759766 0.134028 0.0273438 0.106944 0.478637
1 0.533203 0.133333 0.0179687 0.075 0.583542
4 0.533594 0.113194 0.015625 0.0486111 0.593031
1 0.840625 0.605556 0.05625 0.175 0.593165
4 0.45 0.1125 0.015625 0.0527778 0.594542
4 0.396094 0.110417 0.015625 0.0458333 0.797729
4 0.587891 0.109028 0.0164062 0.0486111 0.803895
4 0.423438 0.107639 0.015625 0.0486111 0.825592
4 0.561328 0.110417 0.0148437 0.0458333 0.829547
4 0.477734 0.109722 0.0164062 0.05 0.880015
