1 0.534766 0.204861 0.0179687 0.0513889 0.276754
4 0.423438 0.20625 0.0125 0.0430556 0.331788
10 0.218359 0.356944 0.0210938 0.0833333 0.384022
4 0.560547 0.0590278 0.0195312 0.0458333 0.388942
4 0.845312 0.886111 0.0265625 0.0416667 0.404612
4 0.505859 0.0604167 0.0179687 0.0486111 0.419407
4 0.757812 0.0618056 0.0234375 0.101389 0.433987
10 0.604688 0.709722 0.034375 0.138889 0.471143
4 0.451172 0.156944 0.0148437 0.05 0.533449
10 0.396875 0.354167 0.015625 0.05 0.540734
11 0.491406 0.759028 0.0328125 0.123611 0.563566
10 0.469141 0.645139 0.0273438 0.0791667 0.637832
8 0.591016 0.807639 0.0445312 0.154167 0.650767
3 0.653125 0.263194 0.0578125 0.156944 0.719838
4 0.45 0.109722 0.0140625 0.05 0.720711
4 0.560938 0.109028 0.015625 0.0486111 0.749746
4 0.395703 0.159028 0.0148437 0.0541667 0.804637
4 0.5875 0.110417 0.015625 0.0486111 0.824493
4 0.533594 0.109722 0.015625 0.0472222 0.884247
