1 0.534766 0.204167 0.0179687 0.05 0.275032
4 0.505859 0.0597222 0.0179687 0.0472222 0.30157
3 0.759766 0.0645833 0.0210938 0.101389 0.304253
4 0.423438 0.20625 0.0125 0.0430556 0.339531
4 0.560156 0.0583333 0.01875 0.0472222 0.358396
4 0.845312 0.886111 0.0265625 0.0416667 0.384365
10 0.603516 0.708333 0.0335938 0.136111 0.478675
11 0.491406 0.760417 0.0328125 0.120833 0.500841
4 0.451172 0.156944 0.0148437 0.05 0.518848
10 0.396875 0.353472 0.015625 0.0513889 0.553284
3 0.651172 0.260417 0.0554687 0.159722 0.676265
4 0.45 0.109722 0.0140625 0.05 0.71607
10 0.469141 0.644444 0.0273438 0.0805556 0.734512
8 0.591016 0.807639 0.0445312 0.156944 0.746296
4 0.560938 0.107639 0.015625 0.0486111 0.747025
4 0.395703 0.159028 0.0148437 0.0541667 0.807073
4 0.5875 0.109722 0.015625 0.05 0.820327
4 0.533594 0.109722 0.015625 0.0472222 0.880656
