10 0.00898437 0.245833 0.0164062 0.163889 0.263168
11 0.589063 0.805556 0.046875 0.147222 0.311682
3 0.759375 0.0583333 0.0203125 0.0944444 0.312889
4 0.684375 0.0284722 0.0171875 0.0486111 0.324831
4 0.751953 0.91875 0.0195312 0.0486111 0.32969
4 0.945312 0.931944 0.0234375 0.0444444 0.333676
4 0.449609 0.0604167 0.0148437 0.0513889 0.33659
1 0.476953 0.0472222 0.0179687 0.05 0.342494
4 0.559766 0.0583333 0.0195312 0.0444444 0.401294
10 0.477344 0.376389 0.0203125 0.0833333 0.406287
3 0.968359 0.122222 0.0492188 0.175 0.444655
10 0.528516 0.775 0.0320312 0.0944444 0.45829
4 0.844531 0.884028 0.025 0.0375 0.51225
11 0.646094 0.728472 0.0453125 0.143056 0.513238
4 0.396875 0.0604167 0.01875 0.0486111 0.610559
1 0.533984 0.129861 0.0179687 0.0819444 0.631615
4 0.507031 0.0590278 0.01875 0.0486111 0.652256
4 0.560547 0.107639 0.0148437 0.0486111 0.656015
1 0.833984 0.600694 0.0554687 0.154167 0.657636
4 0.533594 0.111806 0.015625 0.0541667 0.662675
4 0.397266 0.111806 0.0132813 0.0458333 0.691174
4 0.450781 0.157639 0.015625 0.0486111 0.732132
8 0.589844 0.807639 0.04375 0.148611 0.732647
10 0.51875 0.6625 0.0328125 0.113889 0.741525
4 0.5875 0.109028 0.015625 0.0513889 0.774918
4 0.45 0.109028 0.015625 0.0458333 0.792082
4 0.423438 0.107639 0.0140625 0.0486111 0.839935
