3 0.508203 0.355556 0.0195312 0.0472222 0.258555
4 0.746094 0.919444 0.021875 0.05 0.26821
4 0.682422 0.0305556 0.0195312 0.0472222 0.279387
4 0.416406 0.01875 0.015625 0.0319444 0.289076
4 0.533594 0.202778 0.015625 0.0527778 0.297492
1 0.757031 0.0888889 0.0234375 0.108333 0.299808
4 0.560156 0.0569444 0.01875 0.0444444 0.306296
1 0.533984 0.122222 0.0164062 0.0694444 0.308484
10 0.396875 0.354861 0.015625 0.0513889 0.440121
4 0.397266 0.0416667 0.0179687 0.0694444 0.507999
11 0.588281 0.809028 0.0453125 0.151389 0.577097
4 0.451953 0.158333 0.0164062 0.0472222 0.654672
4 0.560938 0.106944 0.015625 0.05 0.710705
4 0.450391 0.108333 0.0148437 0.0472222 0.71109
11 0.487891 0.755556 0.0382813 0.127778 0.75407
1 0.825 0.59375 0.0515625 0.129167 0.760185
4 0.396875 0.110417 0.0140625 0.0486111 0.775716
10 0.528906 0.778472 0.0296875 0.0930556 0.780274
4 0.423828 0.106944 0.0148437 0.05 0.783316
4 0.533203 0.109722 0.0148437 0.0527778 0.784906
4 0.587891 0.108333 0.0164062 0.05 0.811567
