4 0.847266 0.894444 0.0320312 0.0611111 0.268945
10 0.521094 0.70625 0.03125 0.109722 0.275675
10 0.423047 0.241667 0.0148437 0.0583333 0.276869
8 0.591406 0.810417 0.0421875 0.159722 0.281576
10 0.617969 0.756944 0.0359375 0.141667 0.314694
11 0.589453 0.808333 0.0429688 0.152778 0.370538
6 0.757031 0.0361111 0.0234375 0.0638889 0.402682
6 0.722656 0.025 0.0328125 0.0444444 0.402956
4 0.50625 0.0590278 0.01875 0.0513889 0.46375
11 0.490625 0.756944 0.034375 0.122222 0.500949
6 0.0503906 0.926389 0.0429688 0.102778 0.509412
4 0.450391 0.160417 0.0148437 0.0458333 0.537092
1 0.96875 0.29375 0.0578125 0.190278 0.545155
4 0.560938 0.106944 0.015625 0.05 0.686554
4 0.450391 0.109028 0.0148437 0.0486111 0.706055
4 0.5875 0.109722 0.015625 0.05 0.791478
4 0.396484 0.109722 0.0148437 0.05 0.822542
4 0.533984 0.109722 0.0148437 0.05 0.877646
