3 0.507812 0.351389 0.0203125 0.0472222 0.256703
4 0.418359 0.01875 0.0179687 0.0319444 0.266547
3 0.757812 0.0611111 0.025 0.105556 0.268535
10 0.554297 0.686806 0.0226563 0.0791667 0.274362
1 0.472656 0.0201389 0.0203125 0.0291667 0.284274
6 0.760547 0.0576389 0.0289063 0.101389 0.309884
10 0.419922 0.0180556 0.0164062 0.0361111 0.32319
10 0.520703 0.7125 0.0273438 0.0916667 0.363798
1 0.477734 0.201389 0.0164062 0.0472222 0.384954
4 0.423438 0.206944 0.0140625 0.0472222 0.473279
4 0.396484 0.05625 0.0164062 0.0958333 0.494643
4 0.844531 0.884722 0.0234375 0.0388889 0.525533
1 0.782031 0.570833 0.0578125 0.125 0.534481
3 0.783203 0.572222 0.0570313 0.130556 0.570428
6 0.723828 0.0236111 0.0304688 0.0416667 0.619304
8 0.588672 0.807639 0.0398437 0.148611 0.673645
11 0.489844 0.754167 0.034375 0.127778 0.719693
4 0.560547 0.106944 0.0164062 0.05 0.720649
4 0.450781 0.161111 0.015625 0.0472222 0.723156
4 0.450391 0.109722 0.0148437 0.05 0.750981
4 0.395703 0.110417 0.0148437 0.0486111 0.78344
4 0.587891 0.109722 0.0164062 0.05 0.826802
4 0.533984 0.109028 0.0148437 0.0486111 0.859997
