10 0.603516 0.692361 0.0289063 0.118056 0.266294
3 0.976953 0.286111 0.0460938 0.166667 0.2733
10 0.436328 0.704861 0.0367187 0.123611 0.297077
4 0.559766 0.0576389 0.0195312 0.0458333 0.317147
4 0.944922 0.931944 0.0242187 0.0444444 0.329529
3 0.766406 0.175 0.0515625 0.183333 0.348472
1 0.651563 0.258333 0.05625 0.166667 0.377734
10 0.396875 0.353472 0.015625 0.0513889 0.399297
4 0.845312 0.885417 0.0265625 0.0402778 0.402567
4 0.423438 0.204861 0.0125 0.0430556 0.425807
4 0.505078 0.0604167 0.0179687 0.0458333 0.486715
11 0.232031 0.880556 0.0546875 0.175 0.56456
3 0.772656 0.0743056 0.0359375 0.129167 0.657027
6 0.0457031 0.932639 0.0398437 0.0819444 0.665619
6 0.634375 0.0805556 0.0359375 0.119444 0.695274
4 0.451172 0.157639 0.0148437 0.0458333 0.713068
4 0.45 0.109722 0.0140625 0.05 0.733831
4 0.560156 0.107639 0.015625 0.0486111 0.778188
4 0.586719 0.109028 0.015625 0.0513889 0.807781
4 0.396094 0.159028 0.0140625 0.0513889 0.808308
8 0.590234 0.805556 0.0445312 0.155556 0.822711
4 0.533203 0.109722 0.0148437 0.0472222 0.871971
