4 0.423828 0.20625 0.0148437 0.0458333 0.297135
9 0.405078 0.690972 0.0398437 0.1375 0.300454
10 0.520703 0.713194 0.0289063 0.0902778 0.312575
4 0.50625 0.0576389 0.01875 0.0486111 0.316135
11 0.257031 0.891667 0.059375 0.166667 0.317959
1 0.477734 0.201389 0.0164062 0.0472222 0.3496
10 0.61875 0.755556 0.0328125 0.130556 0.350843
11 0.617969 0.755556 0.0328125 0.133333 0.371051
10 0.396875 0.354167 0.015625 0.05 0.382684
4 0.944922 0.932639 0.0257812 0.0430556 0.401523
10 0.555078 0.6875 0.0257812 0.0777778 0.406583
6 0.722656 0.0256944 0.03125 0.0458333 0.445329
1 0.972656 0.290278 0.05 0.177778 0.471187
4 0.450781 0.160417 0.0140625 0.0486111 0.564836
4 0.450391 0.109028 0.0148437 0.0513889 0.679373
8 0.589453 0.807639 0.0429688 0.151389 0.707533
4 0.560547 0.106944 0.0164062 0.05 0.711567
11 0.490234 0.755556 0.0351562 0.125 0.732779
4 0.844531 0.885417 0.0265625 0.0402778 0.738316
4 0.396484 0.109028 0.0148437 0.0513889 0.804224
4 0.5875 0.108333 0.015625 0.05 0.822289
4 0.533594 0.109028 0.015625 0.0486111 0.881577
