8 0.562109 0.379167 0.0226563 0.0888889 0.257514
4 0.45 0.0618056 0.0140625 0.0569444 0.274782
11 0.589844 0.803472 0.0453125 0.154167 0.277891
10 0.230859 0.8625 0.0414063 0.147222 0.27839
4 0.944922 0.931944 0.0242187 0.0444444 0.300661
4 0.397656 0.0715278 0.015625 0.104167 0.305529
4 0.75625 0.0368056 0.01875 0.0652778 0.307755
3 0.50625 0.254167 0.01875 0.0472222 0.308982
1 0.65625 0.2625 0.0578125 0.177778 0.312307
10 0.424219 0.357639 0.0125 0.0458333 0.31492
4 0.398828 0.0402778 0.0195312 0.0722222 0.330777
4 0.844141 0.884722 0.0257812 0.0388889 0.355046
1 0.709766 0.114583 0.0492188 0.181944 0.358793
1 0.476953 0.0451389 0.0179687 0.0569444 0.36983
10 0.414062 0.721528 0.040625 0.145833 0.372039
3 0.708594 0.113889 0.05 0.188889 0.417115
4 0.746875 0.919444 0.0203125 0.0472222 0.422982
1 0.958594 0.104167 0.053125 0.177778 0.498743
7 0.644531 0.726389 0.0421875 0.133333 0.502717
1 0.831641 0.617361 0.0570313 0.176389 0.578139
4 0.507031 0.0597222 0.0171875 0.05 0.627408
11 0.641016 0.728472 0.0445312 0.140278 0.740216
4 0.560938 0.108333 0.015625 0.0472222 0.743825
4 0.451562 0.157639 0.015625 0.0486111 0.757244
4 0.45 0.108333 0.015625 0.0472222 0.766297
8 0.587109 0.806944 0.0445312 0.15 0.773913
4 0.396484 0.110417 0.0148437 0.0458333 0.811981
4 0.423828 0.108333 0.0148437 0.05 0.828294
4 0.587891 0.110417 0.0164062 0.0486111 0.831625
4 0.533594 0.110417 0.015625 0.0486111 0.875288
