9 0.405469 0.691667 0.0453125 0.152778 0.255819
3 0.757812 0.0527778 0.025 0.0916667 0.271156
1 0.533984 0.205556 0.0195312 0.0555556 0.271391
6 0.0355469 0.915972 0.0445312 0.104167 0.276475
10 0.410547 0.688194 0.0445312 0.143056 0.278364
4 0.417188 0.01875 0.015625 0.0319444 0.296227
1 0.473047 0.0208333 0.0195312 0.0277778 0.31263
1 0.342187 0.04375 0.0359375 0.0736111 0.349238
8 0.591406 0.811111 0.0421875 0.158333 0.350688
10 0.00859375 0.245139 0.015625 0.154167 0.415183
4 0.560156 0.0569444 0.01875 0.0472222 0.430938
1 0.476953 0.203472 0.0164062 0.0430556 0.441293
10 0.396875 0.355556 0.015625 0.05 0.476604
4 0.397266 0.0611111 0.0164062 0.105556 0.492409
1 0.969922 0.109722 0.0523437 0.180556 0.51022
6 0.723047 0.025 0.0289063 0.0444444 0.521589
6 0.760156 0.0506944 0.028125 0.0930556 0.523635
11 0.339844 0.6 0.0578125 0.177778 0.529143
3 0.660937 0.259722 0.059375 0.169444 0.571532
4 0.560938 0.107639 0.015625 0.0486111 0.709991
11 0.490625 0.754861 0.0375 0.134722 0.718365
4 0.451172 0.159028 0.0148437 0.0458333 0.743771
4 0.844531 0.884028 0.0234375 0.0402778 0.751935
4 0.45 0.108333 0.0140625 0.0444444 0.799773
4 0.587891 0.109722 0.0164062 0.05 0.837584
4 0.423047 0.108333 0.0148437 0.05 0.839982
4 0.396094 0.109722 0.015625 0.0472222 0.842626
4 0.533984 0.109028 0.0148437 0.0486111 0.851187
