4 0.560547 0.0576389 0.0179687 0.0458333 0.250265
11 0.594141 0.803472 0.0476562 0.151389 0.256095
4 0.941797 0.93125 0.0289063 0.0486111 0.265975
4 0.602734 0.697222 0.0320312 0.127778 0.267597
11 0.402344 0.663889 0.0296875 0.102778 0.275526
1 0.225391 0.0826389 0.0273438 0.129167 0.296377
3 0.6625 0.261111 0.0640625 0.163889 0.305114
4 0.845312 0.885417 0.0265625 0.0402778 0.311198
1 0.451172 0.159722 0.0148437 0.0444444 0.31584
10 0.601953 0.704167 0.0335938 0.141667 0.319348
11 0.234766 0.879861 0.0585938 0.170833 0.329208
4 0.451172 0.15625 0.0148437 0.0486111 0.335232
10 0.517578 0.676389 0.0289063 0.0972222 0.35498
10 0.396875 0.354167 0.0140625 0.05 0.417047
11 0.434766 0.711806 0.0320312 0.1125 0.420722
4 0.423438 0.205556 0.0125 0.0416667 0.422371
10 0.490625 0.759028 0.0328125 0.120833 0.428258
3 0.50625 0.0604167 0.0171875 0.0458333 0.460938
8 0.590625 0.807639 0.0453125 0.154167 0.462332
10 0.219141 0.357639 0.0195312 0.0819444 0.548363
11 0.490625 0.759028 0.0328125 0.120833 0.60851
4 0.560938 0.110417 0.015625 0.0486111 0.702658
10 0.435156 0.707639 0.0328125 0.118056 0.722814
4 0.450391 0.109722 0.0148437 0.05 0.753951
4 0.395703 0.158333 0.0148437 0.0527778 0.84078
4 0.587891 0.110417 0.0164062 0.0486111 0.85956
4 0.533984 0.110417 0.0148437 0.0486111 0.885592
