3 0.755469 0.0701389 0.025 0.140278 0.253441
4 0.559766 0.0576389 0.0179687 0.0458333 0.258223
3 0.505859 0.254167 0.0179687 0.0472222 0.263311
4 0.944141 0.932639 0.0273438 0.0458333 0.267802
11 0.592578 0.804167 0.0476562 0.147222 0.268561
6 0.716016 0.0263889 0.0273438 0.0388889 0.274721
9 0.465625 0.697222 0.04375 0.166667 0.275073
10 0.423828 0.358333 0.0117188 0.0472222 0.280566
4 0.678906 0.0243056 0.015625 0.0402778 0.285332
7 0.644922 0.718056 0.0335938 0.108333 0.28745
9 0.370313 0.736806 0.0484375 0.151389 0.292665
4 0.473828 0.01875 0.0179687 0.0263889 0.309805
3 0.846094 0.581944 0.0515625 0.138889 0.334229
9 0.696875 0.630556 0.0359375 0.108333 0.346396
3 0.534375 0.153472 0.01875 0.0430556 0.355036
4 0.50625 0.0555556 0.01875 0.0583333 0.392099
4 0.417188 0.01875 0.0171875 0.0347222 0.397959
2 0.659375 0.252083 0.0625 0.179167 0.421461
4 0.397266 0.0569444 0.0164062 0.1 0.482439
11 0.644141 0.721528 0.0351562 0.118056 0.48249
8 0.586328 0.807639 0.0429688 0.148611 0.48298
1 0.765234 0.323611 0.0257812 0.105556 0.514476
10 0.396875 0.355556 0.015625 0.0555556 0.515248
4 0.450781 0.157639 0.015625 0.0486111 0.539313
4 0.450391 0.107639 0.0148437 0.0486111 0.570808
4 0.560547 0.107639 0.0148437 0.0486111 0.714074
4 0.5875 0.109028 0.015625 0.0486111 0.790327
4 0.396094 0.109722 0.015625 0.0472222 0.805218
4 0.423438 0.108333 0.015625 0.05 0.810298
4 0.533203 0.111806 0.0148437 0.0541667 0.820067
