4 0.399219 0.01875 0.015625 0.0319444 0.255554
3 0.762891 0.0423611 0.0242187 0.0736111 0.28405
10 0.396875 0.354167 0.0140625 0.0527778 0.305396
3 0.974609 0.247917 0.0414063 0.120833 0.354008
4 0.844922 0.886806 0.0273438 0.0430556 0.363685
4 0.506641 0.0590278 0.0179687 0.0486111 0.389237
3 0.977734 0.292361 0.0429688 0.143056 0.408513
10 0.620313 0.75625 0.034375 0.134722 0.409995
1 0.340625 0.0743056 0.05 0.120833 0.460045
11 0.590234 0.808333 0.0445312 0.155556 0.473679
4 0.451562 0.156944 0.0140625 0.0472222 0.477822
8 0.592578 0.811111 0.0414063 0.158333 0.610896
11 0.492188 0.757639 0.034375 0.129167 0.673745
4 0.560938 0.108333 0.015625 0.0472222 0.717469
4 0.450391 0.107639 0.0148437 0.0486111 0.718089
10 0.470313 0.645139 0.028125 0.0847222 0.784451
4 0.396484 0.109722 0.0148437 0.05 0.81078
4 0.587891 0.109722 0.0164062 0.05 0.821713
4 0.533984 0.109722 0.0148437 0.0472222 0.881764
