6 0.0507812 0.930556 0.0421875 0.0944444 0.263883
4 0.846094 0.892361 0.03125 0.0569444 0.267012
4 0.50625 0.0590278 0.01875 0.0486111 0.299056
10 0.557813 0.689583 0.0265625 0.0791667 0.308087
11 0.491406 0.756944 0.0359375 0.122222 0.34615
1 0.477344 0.201389 0.015625 0.0472222 0.359103
8 0.590625 0.808333 0.04375 0.15 0.372056
1 0.760547 0.0840278 0.0257812 0.120833 0.38603
10 0.619141 0.755556 0.0335938 0.133333 0.494034
4 0.450781 0.160417 0.0140625 0.0458333 0.588948
4 0.560938 0.106944 0.015625 0.05 0.693277
4 0.45 0.109028 0.0140625 0.0486111 0.707491
4 0.5875 0.108333 0.015625 0.05 0.789733
4 0.396484 0.109028 0.0148437 0.0513889 0.819369
4 0.533594 0.109722 0.015625 0.05 0.877743
