10 0.415625 0.717361 0.04375 0.154167 0.257822
4 0.45 0.0847222 0.015625 0.075 0.288787
10 0.423438 0.357639 0.0125 0.0458333 0.293011
4 0.560156 0.0576389 0.01875 0.0458333 0.307863
4 0.449609 0.0611111 0.0148437 0.0527778 0.309433
10 0.396875 0.354861 0.015625 0.0541667 0.312587
10 0.232812 0.863194 0.0421875 0.148611 0.318495
3 0.505859 0.253472 0.0179687 0.0458333 0.323313
3 0.7125 0.107639 0.05 0.176389 0.326977
4 0.416016 0.0180556 0.0164062 0.0333333 0.335635
11 0.415234 0.715972 0.0460938 0.154167 0.349056
3 0.766016 0.0520833 0.0289063 0.0930556 0.362289
3 0.883594 0.26875 0.0546875 0.190278 0.419134
3 0.656641 0.254167 0.0632813 0.180556 0.428679
1 0.476953 0.0458333 0.0179687 0.0555556 0.438556
4 0.397656 0.05625 0.0171875 0.0986111 0.503738
4 0.507031 0.0576389 0.0171875 0.0486111 0.59091
4 0.451172 0.156944 0.0164062 0.0472222 0.614634
11 0.642578 0.73125 0.0414063 0.1375 0.619982
4 0.560547 0.107639 0.0148437 0.0486111 0.759428
4 0.45 0.107639 0.015625 0.0486111 0.774179
8 0.5875 0.806944 0.0421875 0.15 0.774362
4 0.396094 0.110417 0.015625 0.0458333 0.790294
4 0.5875 0.109028 0.015625 0.0486111 0.832276
4 0.423438 0.107639 0.015625 0.0486111 0.832639
4 0.533594 0.109028 0.015625 0.0486111 0.87198
