3 0.776172 0.05625 0.0257812 0.0958333 0.254276
4 0.45 0.0854167 0.015625 0.0763889 0.268962
4 0.449609 0.0618056 0.0148437 0.0541667 0.272507
3 0.760938 0.0506944 0.025 0.0930556 0.280424
1 0.50625 0.0555556 0.0171875 0.0555556 0.281325
4 0.416797 0.0180556 0.0164062 0.0333333 0.286412
4 0.559766 0.0576389 0.0179687 0.0458333 0.293206
10 0.416797 0.0173611 0.0164062 0.0347222 0.317258
10 0.423438 0.357639 0.0125 0.0458333 0.322918
6 0.757422 0.0347222 0.0226563 0.0611111 0.336868
3 0.505859 0.253472 0.0195312 0.0486111 0.340959
10 0.397266 0.354861 0.0148437 0.0541667 0.352905
11 0.416016 0.717361 0.0429688 0.145833 0.359885
1 0.476953 0.0451389 0.0179687 0.0541667 0.398497
4 0.397656 0.0555556 0.0171875 0.0972222 0.504378
4 0.506641 0.0569444 0.0164062 0.05 0.50647
4 0.451172 0.156944 0.0164062 0.0472222 0.586346
11 0.642578 0.73125 0.0429688 0.143056 0.586767
3 0.655859 0.253472 0.0617188 0.179167 0.591271
3 0.884766 0.265278 0.0554687 0.202778 0.635387
4 0.560547 0.108333 0.0148437 0.0472222 0.743024
8 0.587891 0.806944 0.0429688 0.15 0.763379
4 0.45 0.108333 0.015625 0.0472222 0.78079
4 0.396094 0.110417 0.015625 0.0458333 0.797191
4 0.5875 0.109028 0.015625 0.0486111 0.831038
4 0.423438 0.107639 0.015625 0.0486111 0.841194
4 0.533594 0.109028 0.015625 0.0486111 0.871808
