8 0.533984 0.375694 0.0210938 0.0847222 0.259909
4 0.478516 0.0534722 0.0179687 0.0347222 0.26879
11 0.629687 0.727778 0.0375 0.144444 0.285286
10 0.519141 0.670139 0.0257812 0.109722 0.286971
4 0.746484 0.920833 0.0226563 0.0527778 0.290867
10 0.50625 0.250694 0.0140625 0.0513889 0.294202
4 0.5625 0.0722222 0.015625 0.102778 0.300984
3 0.970312 0.115278 0.05 0.180556 0.311053
4 0.449609 0.0611111 0.0148437 0.0611111 0.358545
4 0.421094 0.0194444 0.015625 0.0361111 0.364622
4 0.397656 0.0597222 0.015625 0.102778 0.364969
1 0.477734 0.0513889 0.0210938 0.0361111 0.378106
3 0.469531 0.515278 0.0328125 0.0916667 0.382978
4 0.942187 0.929861 0.025 0.0486111 0.387431
8 0.478516 0.377778 0.0195312 0.0861111 0.400629
10 0.419922 0.0180556 0.0164062 0.0361111 0.404718
10 0.424219 0.357639 0.0125 0.0458333 0.4172
4 0.844531 0.884722 0.025 0.0388889 0.425499
10 0.420703 0.691667 0.0320312 0.105556 0.430107
1 0.828516 0.597222 0.0539063 0.152778 0.457544
8 0.592578 0.805556 0.0429688 0.147222 0.498939
4 0.682813 0.0284722 0.0171875 0.0458333 0.532073
10 0.505859 0.202083 0.0164062 0.0402778 0.54441
1 0.533203 0.130556 0.0179687 0.0833333 0.634528
4 0.533594 0.123611 0.015625 0.0722222 0.66438
4 0.560547 0.0520833 0.0195312 0.0458333 0.687232
4 0.45 0.108333 0.015625 0.05 0.719721
4 0.450781 0.157639 0.015625 0.0486111 0.730683
4 0.560547 0.107639 0.0148437 0.0513889 0.747302
4 0.587891 0.108333 0.0164062 0.05 0.787398
4 0.396484 0.111111 0.0148437 0.0472222 0.807832
4 0.533203 0.0555556 0.0179687 0.0416667 0.810641
4 0.423438 0.106944 0.015625 0.05 0.820332
