11 0.615625 0.761111 0.0375 0.136111 0.253529
6 0.754687 0.0368056 0.0203125 0.0652778 0.254215
3 0.755469 0.0708333 0.025 0.141667 0.258734
3 0.821094 0.349306 0.040625 0.118056 0.271867
10 0.412891 0.717361 0.0445312 0.156944 0.273874
1 0.765234 0.325694 0.0273438 0.106944 0.306191
11 0.411719 0.715972 0.0484375 0.159722 0.307917
6 0.716016 0.0270833 0.0257812 0.0402778 0.331072
4 0.678906 0.025 0.0171875 0.0416667 0.33545
9 0.696875 0.630556 0.0375 0.113889 0.343973
4 0.473437 0.01875 0.01875 0.0263889 0.35695
3 0.534375 0.153472 0.01875 0.0430556 0.362922
4 0.417188 0.0194444 0.0171875 0.0361111 0.372972
2 0.660156 0.252083 0.0640625 0.179167 0.382769
4 0.50625 0.05625 0.01875 0.0569444 0.388132
8 0.586328 0.808333 0.0429688 0.147222 0.412414
4 0.765234 0.31875 0.0257812 0.104167 0.422543
10 0.525781 0.758333 0.034375 0.130556 0.424513
10 0.396875 0.354861 0.015625 0.0569444 0.4383
4 0.397266 0.0583333 0.0164062 0.102778 0.46121
4 0.45 0.107639 0.015625 0.0513889 0.54503
11 0.644531 0.722222 0.034375 0.116667 0.572598
4 0.451172 0.157639 0.0164062 0.0486111 0.57696
4 0.844141 0.885417 0.0257812 0.0402778 0.583017
4 0.560938 0.107639 0.015625 0.0486111 0.698839
4 0.5875 0.109722 0.015625 0.05 0.785219
4 0.396094 0.109722 0.015625 0.0472222 0.799633
4 0.533203 0.111806 0.0148437 0.0541667 0.808084
4 0.423438 0.107639 0.015625 0.0513889 0.816297
