10 0.555859 0.6875 0.0257812 0.0805556 0.257847
3 0.721094 0.0298611 0.0328125 0.0486111 0.276012
4 0.682031 0.025 0.0171875 0.0444444 0.279807
3 0.758203 0.0819444 0.0304688 0.138889 0.287252
4 0.50625 0.0597222 0.01875 0.05 0.309283
1 0.761328 0.0930556 0.0351562 0.155556 0.313734
10 0.424219 0.356944 0.0140625 0.0416667 0.320366
4 0.845703 0.888194 0.0304688 0.0430556 0.339099
4 0.944141 0.933333 0.0273438 0.0444444 0.34986
3 0.50625 0.0590278 0.0171875 0.0486111 0.358623
1 0.477344 0.201389 0.015625 0.0472222 0.390734
10 0.521094 0.708333 0.03125 0.102778 0.435642
6 0.722656 0.0243056 0.0296875 0.0430556 0.441084
6 0.757031 0.0375 0.0234375 0.0666667 0.448683
10 0.396875 0.354167 0.015625 0.0472222 0.503607
8 0.589063 0.807639 0.04375 0.151389 0.514094
11 0.489844 0.754167 0.0359375 0.125 0.548607
6 0.0503906 0.925694 0.0429688 0.104167 0.556092
4 0.450781 0.160417 0.0140625 0.0458333 0.637588
4 0.560938 0.106944 0.015625 0.05 0.697432
4 0.450391 0.109028 0.0148437 0.0486111 0.745161
4 0.5875 0.109722 0.015625 0.05 0.831735
4 0.396094 0.109028 0.015625 0.0513889 0.840954
4 0.533594 0.109028 0.015625 0.0486111 0.887902
