10 0.417969 0.0180556 0.015625 0.0361111 0.264156
8 0.594141 0.805556 0.0460938 0.15 0.267554
6 0.977734 0.0381944 0.0429688 0.0708333 0.306791
1 0.477344 0.0423611 0.01875 0.0625 0.311066
4 0.449609 0.0604167 0.0148437 0.0541667 0.338476
1 0.966797 0.0638889 0.0476562 0.122222 0.3547
4 0.944531 0.931944 0.0234375 0.0444444 0.36109
10 0.477344 0.377778 0.0203125 0.0833333 0.372409
4 0.521875 0.668056 0.0265625 0.113889 0.373491
10 0.423438 0.358333 0.0125 0.0472222 0.380695
10 0.50625 0.251389 0.0140625 0.05 0.399254
10 0.396484 0.354861 0.0148437 0.0541667 0.411677
4 0.397266 0.0652778 0.0164062 0.105556 0.423183
6 0.724219 0.0256944 0.034375 0.0430556 0.480875
4 0.532812 0.0458333 0.015625 0.0611111 0.600075
4 0.533203 0.1125 0.0148437 0.0555556 0.613761
1 0.824609 0.605556 0.0539063 0.15 0.629624
11 0.646484 0.729167 0.0460938 0.144444 0.635351
1 0.533203 0.130556 0.0179687 0.0805556 0.642744
4 0.560547 0.05625 0.0179687 0.0402778 0.657119
10 0.505859 0.202778 0.0164062 0.0388889 0.686026
4 0.450781 0.158333 0.015625 0.0472222 0.749105
4 0.45 0.107639 0.015625 0.0486111 0.771632
4 0.560547 0.109028 0.0148437 0.0486111 0.802221
4 0.5875 0.109028 0.015625 0.0486111 0.834053
4 0.396094 0.111806 0.015625 0.0486111 0.837524
4 0.423438 0.108333 0.015625 0.05 0.841001
