4 0.683594 0.0284722 0.0171875 0.0430556 0.264255
11 0.491406 0.75625 0.0359375 0.123611 0.269584
10 0.396875 0.354167 0.0140625 0.05 0.280855
8 0.592188 0.810417 0.040625 0.156944 0.288889
4 0.560156 0.0583333 0.01875 0.0444444 0.295133
3 0.760938 0.0861111 0.0296875 0.125 0.298342
10 0.434375 0.68125 0.0296875 0.0875 0.354024
11 0.590625 0.808333 0.04375 0.15 0.37349
4 0.50625 0.0597222 0.01875 0.0472222 0.38125
1 0.477344 0.201389 0.015625 0.0472222 0.384518
10 0.619531 0.754861 0.034375 0.134722 0.452008
1 0.760938 0.0895833 0.0265625 0.118056 0.486719
4 0.450781 0.160417 0.0140625 0.0458333 0.6381
4 0.560938 0.107639 0.015625 0.0486111 0.724238
4 0.45 0.109028 0.0140625 0.0486111 0.738697
4 0.5875 0.109028 0.015625 0.0486111 0.809306
4 0.396484 0.109722 0.0148437 0.05 0.833946
4 0.533594 0.110417 0.015625 0.0486111 0.882794
