1 0.672266 0.239583 0.0617188 0.201389 0.25712
4 0.944922 0.931944 0.0242187 0.0444444 0.266152
10 0.416797 0.0166667 0.0164062 0.0333333 0.268533
3 0.979688 0.28125 0.040625 0.181944 0.274406
10 0.419141 0.711806 0.0382813 0.134722 0.285419
10 0.505859 0.254861 0.0148437 0.0375 0.293322
4 0.745313 0.919444 0.021875 0.05 0.296992
1 0.841406 0.595139 0.071875 0.126389 0.303768
10 0.561719 0.375694 0.01875 0.0791667 0.303913
4 0.533984 0.0513889 0.0164062 0.05 0.31575
8 0.594141 0.802083 0.0507812 0.156944 0.32399
1 0.476953 0.0416667 0.0195312 0.0611111 0.355594
4 0.533203 0.111806 0.0148437 0.0569444 0.368774
4 0.505859 0.206944 0.0132813 0.0388889 0.37212
10 0.423828 0.357639 0.0132813 0.0458333 0.400013
1 0.450391 0.158333 0.0179687 0.0416667 0.401622
4 0.559766 0.05625 0.0179687 0.0402778 0.405861
3 0.45 0.15625 0.01875 0.0430556 0.412371
4 0.397266 0.0604167 0.0164062 0.101389 0.4172
11 0.597266 0.802083 0.0476562 0.1625 0.440931
10 0.396875 0.354861 0.015625 0.0541667 0.494675
6 0.720703 0.0284722 0.0382813 0.0486111 0.505412
11 0.644531 0.725694 0.0421875 0.140278 0.515254
4 0.45 0.111111 0.015625 0.0527778 0.560813
10 0.477734 0.376389 0.0195312 0.0777778 0.606628
1 0.960938 0.104861 0.059375 0.179167 0.607347
4 0.843359 0.885417 0.0257812 0.0402778 0.634483
1 0.533203 0.131944 0.0179687 0.0777778 0.648204
4 0.560547 0.109028 0.0148437 0.0486111 0.747967
4 0.396094 0.110417 0.015625 0.0458333 0.790954
4 0.5875 0.109028 0.015625 0.0486111 0.812011
4 0.477734 0.107639 0.0164062 0.0513889 0.834449
4 0.423438 0.107639 0.015625 0.0486111 0.838065
