11 0.263281 0.890972 0.0609375 0.168056 0.260127
10 0.534375 0.242361 0.015625 0.0625 0.260723
11 0.532812 0.777083 0.0359375 0.1125 0.266926
4 0.511719 0.0243056 0.01875 0.0208333 0.27012
10 0.532812 0.777778 0.034375 0.1 0.290362
7 0.492969 0.760417 0.0359375 0.120833 0.302783
3 0.507812 0.354861 0.0203125 0.0458333 0.318274
4 0.560156 0.05625 0.01875 0.0430556 0.356958
6 0.0460938 0.933333 0.046875 0.0916667 0.362686
4 0.533594 0.204167 0.015625 0.05 0.376215
10 0.423828 0.35625 0.0148437 0.0430556 0.382398
4 0.396484 0.0506944 0.0179687 0.0625 0.395394
9 0.405078 0.690972 0.0445312 0.156944 0.398216
4 0.844922 0.892361 0.0304688 0.0569444 0.403741
1 0.533984 0.122917 0.0164062 0.0708333 0.451357
11 0.492969 0.759028 0.034375 0.126389 0.595571
11 0.592188 0.811806 0.0484375 0.151389 0.641696
10 0.396875 0.354167 0.015625 0.05 0.648595
4 0.451172 0.157639 0.0164062 0.0486111 0.687473
4 0.560547 0.107639 0.0148437 0.0486111 0.720508
4 0.450391 0.108333 0.0148437 0.0472222 0.748873
4 0.5875 0.109028 0.015625 0.0486111 0.792779
4 0.533203 0.109722 0.0148437 0.0527778 0.800109
4 0.396484 0.110417 0.0148437 0.0513889 0.811839
4 0.423047 0.107639 0.0148437 0.0513889 0.816978
3 0.971484 0.504167 0.0523437 0.175 0.823168
