1 0.196094 0.943056 0.065625 0.113889 0.262255
3 0.759375 0.0708333 0.021875 0.0972222 0.268028
1 0.534766 0.204861 0.0179687 0.0513889 0.282493
4 0.423438 0.20625 0.0125 0.0430556 0.31293
1 0.715625 0.13125 0.0515625 0.201389 0.335738
4 0.560547 0.0590278 0.0195312 0.0458333 0.371208
4 0.845703 0.886111 0.0273438 0.0416667 0.403912
4 0.505859 0.0604167 0.0179687 0.0486111 0.441435
10 0.604297 0.709028 0.0335938 0.140278 0.50261
10 0.396875 0.353472 0.015625 0.0513889 0.524042
4 0.451172 0.156944 0.0148437 0.05 0.526979
11 0.491016 0.759028 0.0335938 0.123611 0.577898
10 0.469141 0.644444 0.0273438 0.0805556 0.645854
3 0.653516 0.263194 0.0570313 0.156944 0.691966
4 0.45 0.109722 0.0140625 0.05 0.714847
8 0.591016 0.807639 0.0445312 0.154167 0.7242
4 0.560938 0.108333 0.015625 0.0472222 0.751405
4 0.395703 0.159028 0.0148437 0.0541667 0.800146
4 0.5875 0.110417 0.015625 0.0486111 0.826013
4 0.533594 0.109722 0.015625 0.0472222 0.884058
