5 0.121875 0.947917 0.053125 0.104167 0.274545
11 0.603125 0.784028 0.05 0.173611 0.285754
10 0.423828 0.358333 0.0132813 0.0472222 0.314876
4 0.680078 0.0277778 0.0179687 0.0444444 0.315279
1 0.710547 0.110417 0.0492188 0.179167 0.328465
3 0.532812 0.152778 0.0203125 0.0555556 0.331908
4 0.533594 0.135417 0.01875 0.0930556 0.334335
4 0.416406 0.01875 0.0171875 0.0375 0.352217
4 0.845703 0.886806 0.0273438 0.0430556 0.395495
7 0.646094 0.721528 0.0328125 0.118056 0.396694
4 0.450391 0.0604167 0.0164062 0.0541667 0.402002
2 0.658203 0.254861 0.0632813 0.179167 0.43786
4 0.505859 0.0576389 0.0195312 0.0569444 0.471757
4 0.397266 0.0604167 0.0179687 0.106944 0.485515
10 0.396875 0.354167 0.015625 0.0555556 0.486227
1 0.533594 0.13125 0.01875 0.0819444 0.506602
11 0.644922 0.722917 0.0351562 0.118056 0.551333
4 0.451172 0.158333 0.0179687 0.05 0.636902
11 0.587109 0.808333 0.0429688 0.147222 0.656853
10 0.528125 0.779167 0.0296875 0.0888889 0.679786
4 0.450391 0.109028 0.0164062 0.0513889 0.687828
4 0.560547 0.108333 0.0164062 0.0527778 0.727061
4 0.533203 0.111806 0.0164062 0.0541667 0.792879
4 0.5875 0.109722 0.0171875 0.0527778 0.806998
4 0.395703 0.109722 0.0164062 0.0472222 0.814911
4 0.423438 0.108333 0.015625 0.0527778 0.829626
