11 0.415625 0.709722 0.046875 0.166667 0.284735
4 0.844531 0.885417 0.025 0.0375 0.292191
10 0.232812 0.863194 0.0421875 0.145833 0.308902
4 0.945703 0.931944 0.0242187 0.0416667 0.309405
4 0.45 0.0625 0.015625 0.0638889 0.324196
10 0.397266 0.354861 0.0148437 0.0541667 0.338784
3 0.659766 0.252778 0.0648438 0.175 0.348494
3 0.762891 0.0541667 0.0289063 0.102778 0.36298
10 0.423438 0.357639 0.0125 0.0458333 0.368865
1 0.713281 0.105556 0.0484375 0.172222 0.372187
3 0.451172 0.157639 0.0164062 0.0486111 0.373542
1 0.959766 0.106944 0.0539063 0.177778 0.408393
4 0.417578 0.0194444 0.0179687 0.0361111 0.417668
4 0.451172 0.157639 0.0164062 0.0486111 0.448829
10 0.528906 0.758333 0.0328125 0.138889 0.524243
11 0.646875 0.722917 0.034375 0.123611 0.528791
4 0.397266 0.0527778 0.0179687 0.0944444 0.554966
4 0.450391 0.106944 0.0164062 0.05 0.570794
4 0.560547 0.107639 0.0148437 0.0486111 0.69248
4 0.533203 0.111806 0.0148437 0.0541667 0.762603
4 0.396094 0.110417 0.015625 0.0458333 0.779963
4 0.5875 0.109028 0.015625 0.0486111 0.786115
8 0.588281 0.807639 0.040625 0.148611 0.788999
4 0.423438 0.107639 0.015625 0.0513889 0.794069
