10 0.521484 0.713194 0.0289063 0.0930556 0.250406
10 0.412109 0.688889 0.0429688 0.136111 0.262608
1 0.533594 0.204861 0.0171875 0.0541667 0.268251
8 0.592578 0.810417 0.0414063 0.159722 0.269139
10 0.556641 0.688889 0.0242187 0.0777778 0.28772
10 0.00898437 0.244444 0.0164062 0.161111 0.291211
4 0.560156 0.0583333 0.01875 0.05 0.310979
3 0.508203 0.352778 0.0195312 0.0472222 0.31847
3 0.978125 0.286806 0.04375 0.165278 0.335104
1 0.342187 0.0409722 0.034375 0.0736111 0.346137
4 0.396875 0.0638889 0.015625 0.111111 0.376418
6 0.762109 0.0576389 0.0335938 0.101389 0.381722
3 0.655469 0.2625 0.0515625 0.166667 0.390495
3 0.761328 0.05625 0.0320312 0.101389 0.433303
1 0.477344 0.202083 0.0171875 0.0458333 0.47179
11 0.590625 0.808333 0.0421875 0.152778 0.490258
4 0.844531 0.883333 0.025 0.0388889 0.539816
1 0.970312 0.113194 0.0515625 0.1875 0.544712
4 0.423828 0.20625 0.0148437 0.0458333 0.571824
1 0.784766 0.557639 0.0554687 0.1375 0.603477
11 0.341797 0.6 0.0570313 0.177778 0.611341
11 0.490625 0.757639 0.034375 0.126389 0.636078
10 0.397266 0.354861 0.0164062 0.0486111 0.656831
4 0.560547 0.109722 0.0148437 0.05 0.684813
4 0.450391 0.161806 0.0148437 0.0458333 0.686147
6 0.725 0.0243056 0.03125 0.0430556 0.692814
4 0.45 0.109722 0.0140625 0.05 0.74589
4 0.396094 0.109722 0.015625 0.05 0.817013
4 0.5875 0.109722 0.015625 0.05 0.820226
4 0.533984 0.109028 0.0148437 0.0486111 0.8418
