10 0.419141 0.01875 0.0179687 0.0375 0.252556
4 0.50625 0.0569444 0.01875 0.0555556 0.28328
6 0.715234 0.025 0.0320312 0.0388889 0.287437
4 0.451562 0.134028 0.015625 0.0819444 0.287606
11 0.645703 0.720139 0.0351562 0.118056 0.3507
4 0.418359 0.0194444 0.0179687 0.0361111 0.354587
3 0.656641 0.25 0.0632813 0.177778 0.377342
3 0.451172 0.157639 0.0179687 0.0513889 0.410162
4 0.684766 0.0263889 0.0179687 0.0444444 0.415644
4 0.397656 0.0597222 0.0171875 0.102778 0.446984
4 0.451562 0.157639 0.0171875 0.0513889 0.447707
4 0.450391 0.0625 0.0164062 0.0611111 0.453652
10 0.397266 0.354167 0.0164062 0.0555556 0.498006
1 0.757812 0.138889 0.0296875 0.125 0.502696
1 0.533594 0.131944 0.01875 0.0805556 0.519964
4 0.844922 0.884028 0.0257812 0.0402778 0.604807
4 0.450391 0.107639 0.0164062 0.0513889 0.649394
10 0.530078 0.778472 0.0304688 0.0930556 0.656482
8 0.588672 0.808333 0.0429688 0.147222 0.674031
4 0.533203 0.111806 0.0164062 0.0541667 0.738578
4 0.560938 0.108333 0.015625 0.05 0.761416
4 0.5875 0.110417 0.0171875 0.0513889 0.798095
4 0.423438 0.107639 0.015625 0.0513889 0.803662
4 0.396484 0.109722 0.0164062 0.0472222 0.806401
