4 0.449219 0.0597222 0.0171875 0.0694444 0.251767
6 0.895312 0.894444 0.040625 0.0555556 0.258889
4 0.505859 0.0465278 0.0164062 0.0597222 0.277721
9 0.656641 0.713194 0.0398437 0.120833 0.292147
4 0.944922 0.931944 0.0257812 0.0444444 0.344431
6 0.718359 0.0270833 0.0398437 0.0486111 0.40581
4 0.397656 0.0583333 0.0171875 0.108333 0.426258
4 0.559766 0.0590278 0.0179687 0.0430556 0.431664
3 0.661719 0.247917 0.0671875 0.1875 0.47082
10 0.423438 0.380556 0.0234375 0.0972222 0.471682
8 0.478125 0.377083 0.021875 0.0847222 0.47752
3 0.978125 0.282639 0.04375 0.179167 0.483731
4 0.587891 0.05625 0.0179687 0.0430556 0.527415
2 0.661719 0.252083 0.06875 0.181944 0.544539
4 0.84375 0.886111 0.0265625 0.0416667 0.571051
9 0.332422 0.705556 0.0523437 0.188889 0.589247
10 0.477734 0.375694 0.0195312 0.0819444 0.620355
1 0.959375 0.0993056 0.0578125 0.168056 0.715573
4 0.560547 0.109028 0.0164062 0.0486111 0.775869
4 0.396094 0.110417 0.0171875 0.0458333 0.821806
4 0.5875 0.109722 0.0171875 0.05 0.827306
4 0.450391 0.107639 0.0179687 0.0486111 0.829582
10 0.533984 0.381944 0.0210938 0.0805556 0.831577
4 0.422656 0.109028 0.0171875 0.0513889 0.836212
4 0.533203 0.110417 0.0164062 0.0486111 0.856879
4 0.477344 0.109722 0.0171875 0.05 0.870685
