11 0.248437 0.883333 0.0625 0.175 0.264752
10 0.449609 0.347917 0.0179687 0.0513889 0.266062
1 0.673437 0.516667 0.0421875 0.136111 0.276711
1 0.624219 0.0256944 0.0296875 0.0430556 0.284793
11 0.592578 0.804861 0.0476562 0.156944 0.294063
6 0.592578 0.0194444 0.0195312 0.025 0.302976
3 0.978516 0.290278 0.0429688 0.152778 0.333092
4 0.844922 0.886111 0.0273438 0.0416667 0.339453
3 0.760156 0.0638889 0.0203125 0.0944444 0.368183
10 0.469141 0.645833 0.0273438 0.0805556 0.421635
1 0.650781 0.236111 0.0515625 0.188889 0.424471
4 0.423438 0.204861 0.0125 0.0430556 0.424814
10 0.396875 0.352778 0.015625 0.05 0.475098
3 0.214844 0.0909722 0.03125 0.126389 0.520532
10 0.436328 0.704861 0.0382813 0.129167 0.530719
4 0.505078 0.0597222 0.0179687 0.0472222 0.575371
10 0.218359 0.357639 0.0210938 0.0819444 0.584109
4 0.560156 0.107639 0.015625 0.0486111 0.715698
4 0.450391 0.107639 0.0132813 0.0486111 0.736813
4 0.586719 0.109722 0.015625 0.0527778 0.739233
8 0.590625 0.807639 0.046875 0.156944 0.743454
4 0.451172 0.157639 0.0148437 0.0486111 0.748701
4 0.395703 0.158333 0.0148437 0.0527778 0.823635
4 0.533203 0.109028 0.0164062 0.0486111 0.869636
