6 0.757031 0.0361111 0.0234375 0.0666667 0.251834
3 0.50625 0.0590278 0.01875 0.0486111 0.326903
4 0.50625 0.0597222 0.01875 0.05 0.339234
10 0.520703 0.705556 0.0320312 0.111111 0.341658
1 0.477344 0.201389 0.0171875 0.0472222 0.375456
4 0.846484 0.894444 0.0335938 0.0611111 0.401549
6 0.722656 0.0243056 0.03125 0.0430556 0.445849
6 0.0503906 0.926389 0.0429688 0.102778 0.555441
1 0.971484 0.297222 0.0523437 0.186111 0.563402
11 0.490234 0.754167 0.0351562 0.125 0.563403
8 0.589453 0.807639 0.0429688 0.151389 0.599237
4 0.450781 0.160417 0.0140625 0.0458333 0.602893
4 0.560938 0.106944 0.015625 0.05 0.688111
4 0.450391 0.109028 0.0148437 0.0486111 0.730246
4 0.5875 0.109722 0.015625 0.05 0.814107
4 0.396094 0.109028 0.015625 0.0513889 0.836113
4 0.533594 0.109722 0.015625 0.05 0.883938
