10 0.0101562 0.24375 0.01875 0.159722 0.255365
4 0.50625 0.206944 0.0140625 0.0388889 0.268298
11 0.557813 0.815278 0.0390625 0.122222 0.278337
3 0.6625 0.24375 0.065625 0.190278 0.280211
4 0.944922 0.931944 0.0226563 0.0444444 0.319254
3 0.45 0.15625 0.01875 0.0458333 0.33682
1 0.763281 0.207639 0.05 0.151389 0.374866
4 0.397656 0.0625 0.0171875 0.105556 0.385436
1 0.560156 0.0576389 0.0171875 0.0430556 0.391896
10 0.50625 0.255556 0.015625 0.0388889 0.407049
10 0.423438 0.379167 0.0234375 0.0944444 0.423307
4 0.587891 0.05625 0.0179687 0.0430556 0.47296
1 0.560547 0.103472 0.0179687 0.0541667 0.481571
4 0.505859 0.0472222 0.0164062 0.0583333 0.51231
8 0.477734 0.377083 0.0210938 0.0847222 0.53299
10 0.477734 0.375 0.0195312 0.0833333 0.537203
11 0.648047 0.727778 0.0398437 0.133333 0.568474
1 0.960156 0.1 0.053125 0.163889 0.56904
4 0.45 0.111111 0.015625 0.05 0.657967
1 0.835938 0.599306 0.0515625 0.179167 0.722696
4 0.560938 0.109028 0.015625 0.0486111 0.748911
10 0.533984 0.383333 0.0195312 0.0722222 0.806827
4 0.423438 0.109028 0.015625 0.0486111 0.816224
4 0.396094 0.110417 0.015625 0.0458333 0.817214
4 0.5875 0.109722 0.0171875 0.05 0.822826
4 0.533594 0.110417 0.015625 0.0486111 0.864957
4 0.477734 0.109028 0.0164062 0.0513889 0.874645
