7 0.645312 0.721528 0.03125 0.115278 0.259129
11 0.525781 0.751389 0.040625 0.144444 0.262171
11 0.615625 0.765972 0.0359375 0.126389 0.266226
4 0.473437 0.0180556 0.0171875 0.025 0.275422
10 0.478125 0.297917 0.015625 0.0402778 0.279286
10 0.423828 0.356944 0.0132813 0.0472222 0.298807
4 0.414844 0.01875 0.0171875 0.0375 0.301658
1 0.505859 0.254167 0.0179687 0.0444444 0.328074
4 0.678906 0.0243056 0.0171875 0.0402778 0.330055
4 0.944922 0.932639 0.0242187 0.0430556 0.331776
3 0.762109 0.0916667 0.0398437 0.152778 0.380121
4 0.397266 0.0618056 0.0164062 0.106944 0.407331
4 0.450391 0.0597222 0.0148437 0.0527778 0.458762
10 0.397266 0.354167 0.0148437 0.0555556 0.468169
4 0.844922 0.884028 0.0257812 0.0402778 0.585976
4 0.451172 0.157639 0.0164062 0.0486111 0.602992
11 0.644531 0.720833 0.034375 0.113889 0.628893
4 0.560938 0.106944 0.015625 0.0472222 0.648274
8 0.586328 0.808333 0.0414063 0.147222 0.66243
4 0.450391 0.107639 0.0164062 0.0486111 0.707551
4 0.587891 0.109028 0.0164062 0.0486111 0.824456
4 0.423438 0.108333 0.015625 0.05 0.840827
4 0.396094 0.110417 0.015625 0.0458333 0.845978
4 0.533594 0.108333 0.015625 0.0472222 0.874674
