9 0.404297 0.690972 0.0445312 0.148611 0.272635
6 0.0355469 0.917361 0.0429688 0.101389 0.280525
4 0.410937 0.0194444 0.015625 0.0361111 0.280882
4 0.560156 0.0569444 0.01875 0.05 0.352037
10 0.0078125 0.244444 0.015625 0.155556 0.355348
6 0.719922 0.0277778 0.0289063 0.0388889 0.358737
10 0.396875 0.354167 0.015625 0.05 0.364445
1 0.476953 0.203472 0.0164062 0.0430556 0.371154
4 0.417188 0.01875 0.015625 0.0319444 0.381968
3 0.649219 0.254167 0.0515625 0.166667 0.464846
4 0.844922 0.884722 0.0242187 0.0388889 0.524261
4 0.396484 0.04375 0.0164062 0.0625 0.532265
11 0.588672 0.809028 0.0429688 0.148611 0.594329
4 0.560938 0.106944 0.015625 0.05 0.714094
4 0.450781 0.160417 0.015625 0.0458333 0.714952
11 0.489062 0.754861 0.034375 0.126389 0.735068
4 0.45 0.107639 0.0140625 0.0458333 0.772178
4 0.423047 0.107639 0.0148437 0.0486111 0.812732
4 0.5875 0.109028 0.015625 0.0486111 0.814821
4 0.396094 0.110417 0.015625 0.0458333 0.821525
4 0.533594 0.109028 0.0140625 0.0486111 0.856941
