1 0.71875 0.111806 0.0484375 0.179167 0.261225
8 0.595312 0.802778 0.04375 0.152778 0.269611
10 0.471094 0.677083 0.0359375 0.140278 0.273252
6 0.976562 0.0354167 0.040625 0.0569444 0.286111
1 0.9625 0.100694 0.05 0.156944 0.287984
10 0.50625 0.745139 0.028125 0.0930556 0.304051
10 0.505859 0.254861 0.0148437 0.0375 0.309237
4 0.422656 0.25 0.0140625 0.0527778 0.311652
10 0.419922 0.711111 0.0382813 0.133333 0.331645
6 0.720312 0.0291667 0.040625 0.05 0.357504
1 0.829297 0.575694 0.0492188 0.143056 0.370941
3 0.666797 0.253472 0.0648438 0.176389 0.371334
4 0.942187 0.930556 0.0234375 0.0472222 0.393283
4 0.532812 0.0451389 0.015625 0.0597222 0.396685
10 0.423047 0.357639 0.0132813 0.0458333 0.40107
10 0.520703 0.663889 0.0304688 0.111111 0.411239
10 0.396484 0.354861 0.0148437 0.0513889 0.434675
4 0.397266 0.0618056 0.0164062 0.104167 0.437538
3 0.00898437 0.245833 0.0179687 0.161111 0.46671
11 0.574609 0.706944 0.0367187 0.125 0.493485
1 0.476172 0.0395833 0.0195312 0.0625 0.51142
10 0.477344 0.377778 0.01875 0.0777778 0.515154
4 0.505469 0.20625 0.0140625 0.0402778 0.520977
4 0.560547 0.0548611 0.0179687 0.0402778 0.559651
10 0.450391 0.154861 0.0148437 0.0458333 0.589045
4 0.45 0.104861 0.015625 0.0458333 0.683637
11 0.646484 0.729861 0.0429688 0.140278 0.686392
1 0.533203 0.131944 0.0179687 0.0805556 0.731465
4 0.560156 0.109028 0.0140625 0.0486111 0.784606
4 0.423047 0.107639 0.0164062 0.0513889 0.81887
4 0.476562 0.109028 0.015625 0.0486111 0.821907
4 0.5875 0.108333 0.015625 0.0472222 0.833321
4 0.395703 0.111111 0.0148437 0.0472222 0.847893
