10 0.423047 0.201389 0.0148437 0.0472222 0.274039
6 0.896484 0.895139 0.0367187 0.0569444 0.279403
1 0.759766 0.0833333 0.0257812 0.130556 0.299053
4 0.944922 0.93125 0.0242187 0.0458333 0.321607
4 0.505859 0.0451389 0.0164062 0.0597222 0.329027
6 0.976953 0.0368056 0.0398437 0.0597222 0.331156
3 0.45 0.154167 0.01875 0.0472222 0.334252
4 0.397656 0.0680556 0.0171875 0.105556 0.349656
1 0.450391 0.15625 0.0179687 0.0458333 0.427761
10 0.396875 0.354861 0.015625 0.0569444 0.434244
4 0.533594 0.113889 0.015625 0.05 0.488132
1 0.839063 0.603472 0.0578125 0.176389 0.505554
4 0.589453 0.0479167 0.0179687 0.0541667 0.523091
10 0.477344 0.377083 0.01875 0.0791667 0.55721
4 0.45 0.113194 0.015625 0.0513889 0.602107
1 0.533203 0.145833 0.0179687 0.0638889 0.616646
1 0.961719 0.0986111 0.05625 0.169444 0.730887
4 0.396094 0.109722 0.015625 0.0472222 0.794642
4 0.587891 0.109028 0.0164062 0.0486111 0.814096
4 0.423438 0.108333 0.015625 0.05 0.818851
4 0.561328 0.110417 0.0148437 0.0458333 0.839915
4 0.477734 0.109722 0.0164062 0.05 0.87271
