1 0.959375 0.110417 0.0546875 0.184722 0.254883
4 0.50625 0.0569444 0.01875 0.0555556 0.264683
10 0.231641 0.863889 0.0414063 0.144444 0.266807
3 0.712891 0.10625 0.0492188 0.170833 0.26919
3 0.505859 0.254861 0.0179687 0.0458333 0.275825
10 0.423438 0.358333 0.0125 0.0472222 0.27686
4 0.417578 0.0194444 0.0179687 0.0361111 0.285264
3 0.533984 0.153472 0.0195312 0.0458333 0.298099
3 0.758984 0.05625 0.0242187 0.109722 0.301168
10 0.414453 0.71875 0.0445312 0.156944 0.334752
4 0.451172 0.157639 0.0164062 0.0486111 0.476766
4 0.397656 0.05625 0.0171875 0.0986111 0.496757
4 0.45 0.106944 0.015625 0.05 0.497645
10 0.396875 0.354861 0.015625 0.0569444 0.519004
10 0.527734 0.759028 0.0335938 0.134722 0.533976
11 0.527344 0.758333 0.034375 0.133333 0.566494
8 0.586719 0.807639 0.0390625 0.145833 0.615585
4 0.560547 0.107639 0.0148437 0.0486111 0.705957
4 0.396094 0.109722 0.015625 0.0472222 0.756548
4 0.423438 0.107639 0.015625 0.0513889 0.788204
4 0.5875 0.109722 0.015625 0.05 0.792235
4 0.533203 0.111806 0.0148437 0.0541667 0.80427
