10 0.417969 0.0166667 0.0171875 0.0333333 0.253969
6 0.901172 0.894444 0.0398437 0.0444444 0.259192
8 0.59375 0.802778 0.0515625 0.155556 0.269181
4 0.944922 0.93125 0.0242187 0.0458333 0.271078
4 0.533984 0.0513889 0.0164062 0.05 0.278031
10 0.505859 0.254167 0.0148437 0.0388889 0.284728
4 0.745313 0.919444 0.021875 0.05 0.290061
10 0.561719 0.375694 0.01875 0.0791667 0.311696
4 0.506641 0.210417 0.0148437 0.0569444 0.317402
1 0.841406 0.594444 0.0703125 0.125 0.32104
4 0.687109 0.0236111 0.0164062 0.0416667 0.330463
4 0.533203 0.111806 0.0148437 0.0569444 0.353124
4 0.397266 0.0625 0.0164062 0.105556 0.37645
1 0.450391 0.157639 0.0179687 0.0430556 0.386452
4 0.559766 0.05625 0.0179687 0.0402778 0.402483
1 0.476953 0.0416667 0.0195312 0.0611111 0.404547
10 0.423828 0.356944 0.0132813 0.0472222 0.407262
3 0.45 0.155556 0.01875 0.0444444 0.411921
11 0.595312 0.797917 0.0484375 0.156944 0.429067
6 0.720312 0.0291667 0.0375 0.0472222 0.469184
10 0.397266 0.354167 0.0148437 0.0555556 0.477089
11 0.644922 0.725694 0.0429688 0.140278 0.489795
4 0.450391 0.111806 0.0148437 0.0541667 0.558147
4 0.843359 0.885417 0.0257812 0.0402778 0.560336
1 0.960547 0.105556 0.0585938 0.180556 0.605666
10 0.477734 0.376389 0.0195312 0.0777778 0.605901
1 0.533594 0.13125 0.0171875 0.0791667 0.650521
4 0.560547 0.109028 0.0148437 0.0486111 0.742456
4 0.396094 0.110417 0.015625 0.0458333 0.79483
4 0.5875 0.109028 0.015625 0.0486111 0.808356
4 0.423438 0.107639 0.015625 0.0486111 0.833337
4 0.477734 0.106944 0.0164062 0.0527778 0.836105
