5 0.118359 0.951389 0.0554687 0.0805556 0.252784
4 0.397656 0.08125 0.015625 0.0958333 0.259513
1 0.114844 0.951389 0.0609375 0.0972222 0.263526
4 0.751562 0.91875 0.021875 0.0486111 0.264735
4 0.396875 0.0527778 0.0171875 0.0611111 0.265143
4 0.412891 0.01875 0.0164062 0.0347222 0.278362
4 0.560156 0.0576389 0.01875 0.0458333 0.286388
10 0.009375 0.25625 0.01875 0.145833 0.290132
10 0.424219 0.358333 0.0140625 0.0416667 0.295715
8 0.596094 0.809722 0.046875 0.158333 0.305987
1 0.653516 0.252083 0.0617188 0.179167 0.321219
1 0.533984 0.122222 0.0164062 0.0722222 0.323117
11 0.533984 0.771528 0.0351562 0.1125 0.330053
11 0.25 0.881944 0.0640625 0.177778 0.332815
10 0.221484 0.359028 0.0257812 0.0875 0.35008
3 0.508203 0.35625 0.0210938 0.0458333 0.375754
1 0.707031 0.0902778 0.05 0.158333 0.382239
10 0.533984 0.358333 0.0148437 0.0416667 0.38797
10 0.397656 0.355556 0.015625 0.05 0.458381
11 0.594141 0.807639 0.0476562 0.151389 0.475729
4 0.534375 0.203472 0.015625 0.0458333 0.478703
1 0.838672 0.884722 0.0257812 0.0333333 0.489161
9 0.40625 0.697917 0.0390625 0.148611 0.49244
4 0.419141 0.0194444 0.0164062 0.0361111 0.501522
4 0.451953 0.158333 0.0164062 0.0472222 0.663754
4 0.560547 0.107639 0.0148437 0.0486111 0.707444
4 0.450391 0.108333 0.0148437 0.0472222 0.767608
4 0.423828 0.106944 0.0148437 0.05 0.780305
4 0.396484 0.111111 0.0148437 0.05 0.792625
4 0.587109 0.111111 0.0148437 0.0527778 0.795681
11 0.494922 0.757639 0.0351562 0.134722 0.820902
4 0.533594 0.109722 0.0140625 0.0527778 0.826332
