4 0.559766 0.0583333 0.0179687 0.0472222 0.253912
1 0.959375 0.118056 0.053125 0.183333 0.257496
10 0.232031 0.863194 0.0421875 0.148611 0.264328
4 0.416016 0.0180556 0.0164062 0.0333333 0.268795
1 0.50625 0.0569444 0.0171875 0.0555556 0.272891
10 0.396875 0.354167 0.015625 0.0555556 0.274606
4 0.449609 0.0611111 0.0148437 0.0527778 0.275606
4 0.45 0.0840278 0.015625 0.0763889 0.279858
3 0.712891 0.107639 0.0492188 0.173611 0.290784
10 0.423438 0.357639 0.0125 0.0458333 0.293817
11 0.414062 0.716667 0.046875 0.158333 0.310061
3 0.505859 0.253472 0.0195312 0.0486111 0.322479
10 0.414844 0.71875 0.04375 0.156944 0.37328
1 0.476953 0.0465278 0.0179687 0.0541667 0.3956
3 0.65625 0.254861 0.0625 0.179167 0.404862
3 0.765234 0.0520833 0.0289063 0.0930556 0.428096
4 0.397656 0.0576389 0.0171875 0.101389 0.465697
4 0.507031 0.0576389 0.0171875 0.0486111 0.530895
4 0.451172 0.156944 0.0164062 0.0472222 0.592145
11 0.642187 0.73125 0.0421875 0.140278 0.594125
8 0.587109 0.806944 0.0429688 0.147222 0.681938
4 0.560547 0.107639 0.0148437 0.0486111 0.751454
4 0.45 0.107639 0.015625 0.0486111 0.754833
4 0.396094 0.110417 0.015625 0.0458333 0.781939
4 0.423438 0.107639 0.015625 0.0486111 0.818616
4 0.5875 0.109028 0.015625 0.0486111 0.82741
4 0.533594 0.109028 0.015625 0.0486111 0.87022
