6 0.0363281 0.917361 0.0429688 0.101389 0.252524
3 0.508594 0.352083 0.0203125 0.0486111 0.255606
1 0.533984 0.204861 0.0195312 0.0569444 0.262231
4 0.410937 0.0194444 0.015625 0.0361111 0.268767
9 0.404297 0.691667 0.0445312 0.147222 0.275277
3 0.969141 0.303472 0.0507812 0.134722 0.292853
10 0.0078125 0.244444 0.015625 0.152778 0.324418
6 0.719531 0.0277778 0.0296875 0.0388889 0.343265
4 0.417188 0.01875 0.015625 0.0319444 0.350689
4 0.560156 0.0569444 0.01875 0.05 0.360998
10 0.396875 0.354167 0.015625 0.05 0.381539
1 0.476953 0.203472 0.0164062 0.0430556 0.392368
3 0.651563 0.255556 0.053125 0.166667 0.504042
4 0.396484 0.0444444 0.0164062 0.0611111 0.510313
4 0.844922 0.884028 0.0242187 0.0402778 0.52907
11 0.588672 0.809722 0.0429688 0.15 0.613606
4 0.450781 0.160417 0.015625 0.0458333 0.71124
4 0.560938 0.106944 0.015625 0.05 0.718976
11 0.489062 0.754167 0.0359375 0.127778 0.736527
4 0.45 0.107639 0.0140625 0.0458333 0.768645
4 0.423047 0.106944 0.0148437 0.05 0.809997
4 0.396094 0.109722 0.015625 0.0472222 0.820352
4 0.5875 0.109028 0.015625 0.0486111 0.824924
4 0.533594 0.109028 0.0140625 0.0486111 0.852825
