1 0.342578 0.0409722 0.0335938 0.0597222 0.259199
4 0.760938 0.0395833 0.01875 0.0708333 0.273298
1 0.432813 0.01875 0.0421875 0.0319444 0.275275
11 0.592578 0.804167 0.0476562 0.15 0.287166
4 0.398828 0.0194444 0.0179687 0.0305556 0.298531
3 0.792188 0.551389 0.053125 0.144444 0.309952
4 0.845703 0.886111 0.0273438 0.0416667 0.310524
3 0.505859 0.0569444 0.0210938 0.0388889 0.311249
3 0.440625 0.490278 0.0359375 0.0944444 0.312798
3 0.896875 0.253472 0.06875 0.223611 0.315852
4 0.944531 0.933333 0.0265625 0.0444444 0.325263
1 0.535156 0.203472 0.0171875 0.0513889 0.326778
1 0.965234 0.0944444 0.0554687 0.166667 0.370252
4 0.560547 0.0576389 0.0195312 0.0513889 0.386872
4 0.423047 0.20625 0.0132813 0.0430556 0.404017
10 0.604688 0.705556 0.034375 0.136111 0.416049
4 0.50625 0.0576389 0.01875 0.0458333 0.487379
4 0.451172 0.156944 0.0148437 0.05 0.520286
10 0.469922 0.644444 0.0273438 0.0805556 0.539408
8 0.590625 0.808333 0.0453125 0.152778 0.573194
10 0.396875 0.354167 0.0140625 0.0472222 0.601567
11 0.491797 0.757639 0.0335938 0.126389 0.607433
3 0.478906 0.503472 0.0390625 0.104167 0.649153
4 0.45 0.111806 0.0140625 0.0541667 0.672908
4 0.561328 0.106944 0.0164062 0.05 0.759527
4 0.395703 0.159028 0.0148437 0.0513889 0.815436
4 0.587891 0.109028 0.0164062 0.0486111 0.84677
4 0.533594 0.109028 0.015625 0.0486111 0.880495
