1 0.534375 0.203472 0.01875 0.0569444 0.253113
11 0.445703 0.0180556 0.0351562 0.0333333 0.255372
10 0.413672 0.0180556 0.0210938 0.0361111 0.2642
4 0.944531 0.931944 0.0265625 0.0444444 0.287215
1 0.342969 0.0381944 0.034375 0.0625 0.288939
10 0.404687 0.01875 0.0203125 0.0375 0.311475
11 0.592969 0.804861 0.0484375 0.148611 0.327202
4 0.560156 0.0597222 0.0203125 0.0472222 0.330936
10 0.469922 0.644444 0.0289063 0.0833333 0.361403
4 0.844922 0.885417 0.0257812 0.0402778 0.373815
1 0.505469 0.0611111 0.0203125 0.0361111 0.377401
4 0.423438 0.206944 0.0125 0.0444444 0.395519
10 0.604688 0.704861 0.034375 0.134722 0.428482
10 0.396484 0.354167 0.0148437 0.05 0.428987
8 0.591016 0.807639 0.0460938 0.151389 0.459532
11 0.491797 0.75625 0.0351562 0.129167 0.461663
3 0.50625 0.0618056 0.01875 0.0458333 0.549261
4 0.451172 0.157639 0.0148437 0.0486111 0.571855
4 0.560938 0.107639 0.015625 0.0513889 0.723424
4 0.450391 0.110417 0.0148437 0.0541667 0.724096
4 0.587891 0.109722 0.0164062 0.05 0.821569
4 0.396094 0.13125 0.015625 0.0541667 0.878578
4 0.533594 0.109722 0.015625 0.05 0.88064
