3 0.506641 0.0555556 0.0179687 0.05 0.265261
10 0.620703 0.755556 0.0351562 0.136111 0.310661
4 0.560156 0.0569444 0.0203125 0.05 0.379996
10 0.396875 0.353472 0.015625 0.0513889 0.436158
4 0.844531 0.886806 0.0265625 0.0430556 0.436541
1 0.506641 0.0527778 0.0179687 0.0583333 0.474877
11 0.591406 0.808333 0.04375 0.15 0.498517
8 0.593359 0.810417 0.0414063 0.156944 0.501875
10 0.469531 0.645139 0.0265625 0.0791667 0.589261
4 0.451172 0.156944 0.0148437 0.05 0.601381
11 0.492188 0.756944 0.034375 0.127778 0.659021
4 0.45 0.109028 0.0140625 0.0513889 0.66881
4 0.561328 0.10625 0.0164062 0.0513889 0.742614
4 0.396094 0.109722 0.015625 0.0527778 0.800173
4 0.587891 0.108333 0.0164062 0.05 0.810579
4 0.533594 0.108333 0.015625 0.05 0.876838
