1 0.533594 0.204167 0.0171875 0.0527778 0.270593
8 0.592578 0.809722 0.0414063 0.158333 0.282711
1 0.472656 0.0208333 0.0203125 0.0277778 0.289065
10 0.521484 0.713889 0.0289063 0.0916667 0.309176
9 0.404687 0.695139 0.0421875 0.145833 0.311445
3 0.508594 0.352083 0.0203125 0.0486111 0.313542
11 0.232031 0.870139 0.0578125 0.173611 0.3268
4 0.397266 0.0631944 0.0164062 0.109722 0.339705
1 0.477344 0.201389 0.0171875 0.0472222 0.348279
6 0.762109 0.0597222 0.0304688 0.105556 0.351536
11 0.251953 0.888889 0.0679687 0.172222 0.352148
4 0.560156 0.0576389 0.01875 0.0458333 0.379464
4 0.423438 0.20625 0.0140625 0.0458333 0.413431
3 0.761328 0.0583333 0.0289063 0.102778 0.44165
6 0.721875 0.0256944 0.0296875 0.0430556 0.462163
11 0.590625 0.807639 0.04375 0.151389 0.498974
4 0.844141 0.883333 0.0242187 0.0388889 0.556717
10 0.397266 0.354167 0.0164062 0.05 0.597133
1 0.784766 0.567361 0.0585938 0.126389 0.624069
4 0.450781 0.161111 0.0140625 0.0472222 0.637149
3 0.976562 0.288889 0.046875 0.163889 0.652992
4 0.560938 0.106944 0.015625 0.05 0.682991
4 0.45 0.109028 0.0140625 0.0513889 0.718418
11 0.491016 0.756944 0.0351562 0.125 0.753623
4 0.396094 0.109722 0.015625 0.05 0.798375
4 0.5875 0.109028 0.015625 0.0486111 0.81898
4 0.533984 0.109028 0.0148437 0.0486111 0.822843
