4 0.751953 0.919444 0.0195312 0.05 0.253448
3 0.902734 0.297917 0.0617188 0.231944 0.270308
3 0.967188 0.119444 0.05 0.186111 0.274116
1 0.477344 0.0416667 0.01875 0.0638889 0.277083
10 0.41875 0.0173611 0.015625 0.0347222 0.305929
11 0.470313 0.661806 0.0328125 0.118056 0.312038
4 0.45 0.0611111 0.0140625 0.0555556 0.317405
9 0.338672 0.722222 0.0445312 0.155556 0.319155
4 0.944531 0.931944 0.0234375 0.0444444 0.336986
4 0.521875 0.667361 0.0265625 0.1125 0.338132
8 0.596875 0.801389 0.0453125 0.155556 0.341166
10 0.423828 0.358333 0.0132813 0.0472222 0.342998
10 0.477344 0.377778 0.0203125 0.0833333 0.354024
4 0.688281 0.0229167 0.021875 0.0402778 0.356604
4 0.397266 0.0666667 0.0164062 0.105556 0.381137
10 0.396875 0.354861 0.0140625 0.0569444 0.39461
10 0.506641 0.250694 0.0148437 0.0513889 0.407131
1 0.823047 0.610417 0.0554687 0.165278 0.532073
4 0.533203 0.113194 0.0148437 0.0569444 0.578746
4 0.532812 0.0444444 0.015625 0.0638889 0.58243
6 0.724609 0.025 0.0335938 0.0416667 0.613891
4 0.560547 0.05625 0.0179687 0.0402778 0.623728
10 0.50625 0.202778 0.015625 0.0388889 0.653939
1 0.533594 0.13125 0.0171875 0.0819444 0.658318
11 0.647266 0.729861 0.0460938 0.143056 0.670744
4 0.451172 0.158333 0.0164062 0.0472222 0.716445
4 0.45 0.107639 0.015625 0.0486111 0.759905
4 0.560547 0.109028 0.0148437 0.0486111 0.791103
4 0.5875 0.109028 0.015625 0.0486111 0.82664
4 0.423438 0.108333 0.015625 0.05 0.831707
4 0.396484 0.111806 0.0148437 0.0486111 0.835117
