4 0.559766 0.0590278 0.0195312 0.0486111 0.251807
1 0.534766 0.204167 0.0179687 0.05 0.254364
3 0.508203 0.351389 0.0210938 0.0472222 0.302142
10 0.555078 0.686111 0.0242187 0.0777778 0.309463
3 0.972656 0.286111 0.05 0.169444 0.314222
10 0.00859375 0.243056 0.015625 0.152778 0.324589
10 0.520703 0.713194 0.0273438 0.0902778 0.327028
1 0.806641 0.565278 0.0539063 0.141667 0.330024
1 0.477734 0.201389 0.0164062 0.0472222 0.38889
4 0.845312 0.884722 0.025 0.0388889 0.409714
10 0.419922 0.0180556 0.0164062 0.0361111 0.416355
4 0.396875 0.0576389 0.0171875 0.101389 0.44816
8 0.591797 0.809722 0.0398437 0.155556 0.472115
4 0.423438 0.206944 0.015625 0.0472222 0.485207
12 0.349609 0.298611 0.0523437 0.175 0.554172
11 0.589844 0.807639 0.0421875 0.151389 0.621752
6 0.724609 0.0236111 0.0320312 0.0416667 0.627928
11 0.490625 0.754167 0.034375 0.127778 0.713105
4 0.450781 0.160417 0.015625 0.0486111 0.728621
4 0.560547 0.106944 0.0164062 0.05 0.736154
4 0.450391 0.109722 0.0148437 0.05 0.748655
4 0.396094 0.109722 0.015625 0.0472222 0.803926
4 0.587891 0.109722 0.0164062 0.05 0.836654
4 0.533984 0.109028 0.0148437 0.0486111 0.865806
