10 0.419531 0.01875 0.0171875 0.0375 0.266068
4 0.451562 0.134028 0.015625 0.0819444 0.28883
4 0.506641 0.0569444 0.0195312 0.0555556 0.294213
4 0.418359 0.0194444 0.0179687 0.0361111 0.311532
3 0.716016 0.111111 0.0476562 0.183333 0.332309
11 0.645703 0.720139 0.0351562 0.118056 0.336852
4 0.685156 0.0243056 0.0171875 0.0402778 0.402379
4 0.451562 0.157639 0.0171875 0.0513889 0.418954
3 0.451172 0.157639 0.0179687 0.0513889 0.42641
4 0.450391 0.0618056 0.0164062 0.0541667 0.454844
4 0.397656 0.0597222 0.0171875 0.102778 0.455327
10 0.397266 0.354167 0.0164062 0.0555556 0.487387
1 0.533594 0.131944 0.01875 0.0805556 0.557603
3 0.655859 0.247917 0.0617188 0.184722 0.586629
4 0.844922 0.884028 0.0257812 0.0402778 0.599306
10 0.530469 0.778472 0.03125 0.0930556 0.637789
4 0.450391 0.107639 0.0164062 0.0513889 0.657972
8 0.588672 0.808333 0.0429688 0.147222 0.688863
4 0.533203 0.111806 0.0164062 0.0541667 0.710374
4 0.560938 0.108333 0.015625 0.05 0.764757
4 0.586719 0.111806 0.015625 0.0541667 0.800663
4 0.423438 0.107639 0.015625 0.0513889 0.807674
4 0.396484 0.109722 0.0164062 0.0472222 0.808458
