10 0.605078 0.7 0.0335938 0.130556 0.261765
4 0.944141 0.931944 0.0257812 0.0416667 0.270403
12 0.198828 0.852083 0.0445312 0.109722 0.294378
3 0.774219 0.0444444 0.034375 0.0805556 0.30094
4 0.842578 0.885417 0.0242187 0.0347222 0.301132
4 0.423438 0.20625 0.0125 0.0430556 0.313325
3 0.982813 0.280556 0.034375 0.166667 0.319647
8 0.591406 0.810417 0.0421875 0.156944 0.344318
4 0.751562 0.919444 0.0203125 0.0472222 0.35779
10 0.457422 0.748611 0.0351562 0.116667 0.36321
11 0.589844 0.808333 0.0453125 0.152778 0.390843
10 0.397266 0.353472 0.0148437 0.0513889 0.402313
4 0.683203 0.0277778 0.0195312 0.0444444 0.429003
6 0.0484375 0.926389 0.05625 0.108333 0.444412
10 0.492188 0.755556 0.0359375 0.119444 0.500672
4 0.451172 0.154861 0.0148437 0.0569444 0.639794
4 0.560547 0.106944 0.0148437 0.0472222 0.652139
4 0.587109 0.109028 0.0148437 0.0513889 0.775531
4 0.396094 0.158333 0.0140625 0.0527778 0.808874
4 0.450781 0.0888889 0.015625 0.0527778 0.835884
4 0.533594 0.109028 0.0140625 0.0486111 0.854156
