1 0.534766 0.204861 0.0179687 0.0513889 0.298409
4 0.423438 0.20625 0.0125 0.0430556 0.327679
4 0.505859 0.0597222 0.0179687 0.0472222 0.346853
3 0.759375 0.0659722 0.0203125 0.0930556 0.354356
4 0.560156 0.0590278 0.01875 0.0458333 0.373875
4 0.845312 0.886111 0.0265625 0.0416667 0.406233
10 0.21875 0.356944 0.021875 0.0833333 0.433284
10 0.603906 0.709028 0.034375 0.1375 0.477153
4 0.451172 0.156944 0.0148437 0.05 0.51618
10 0.396875 0.353472 0.015625 0.0513889 0.549685
11 0.491406 0.759722 0.0328125 0.122222 0.550884
3 0.652344 0.261111 0.0578125 0.158333 0.670559
10 0.469141 0.644444 0.0273438 0.0805556 0.688011
4 0.45 0.109722 0.0140625 0.05 0.719162
4 0.560938 0.108333 0.015625 0.0472222 0.729462
8 0.591016 0.806944 0.0445312 0.155556 0.741761
4 0.395703 0.159028 0.0148437 0.0541667 0.804568
4 0.5875 0.109028 0.015625 0.0486111 0.827721
4 0.533594 0.109722 0.015625 0.0472222 0.882874
