8 0.478516 0.378472 0.0210938 0.0875 0.257541
10 0.573828 0.711806 0.0320312 0.0930556 0.258133
1 0.478125 0.0541667 0.0203125 0.0333333 0.267896
11 0.469141 0.666667 0.0320312 0.122222 0.287761
11 0.387891 0.664583 0.0320312 0.120833 0.29219
10 0.50625 0.251389 0.0140625 0.05 0.293133
4 0.745703 0.921528 0.0210938 0.0486111 0.29512
4 0.945312 0.931944 0.025 0.0444444 0.299344
10 0.397266 0.354167 0.0148437 0.0527778 0.314129
1 0.425781 0.0152778 0.0265625 0.025 0.317125
10 0.422656 0.694444 0.03125 0.108333 0.325883
11 0.590625 0.803472 0.0421875 0.151389 0.347593
4 0.478906 0.0534722 0.01875 0.0347222 0.377077
4 0.449609 0.0569444 0.0148437 0.0472222 0.397289
10 0.424219 0.357639 0.0125 0.0458333 0.411373
4 0.397266 0.0576389 0.0164062 0.0986111 0.442388
4 0.682422 0.0291667 0.0164062 0.0444444 0.449051
3 0.969922 0.117361 0.0507812 0.176389 0.464113
1 0.969922 0.115278 0.0523437 0.175 0.510152
10 0.50625 0.202778 0.015625 0.0388889 0.539507
4 0.844922 0.886111 0.0257812 0.0416667 0.544469
4 0.560547 0.0534722 0.0179687 0.0402778 0.560828
11 0.640625 0.728472 0.040625 0.134722 0.595383
4 0.533594 0.122917 0.015625 0.0736111 0.611907
1 0.533594 0.129167 0.0171875 0.0833333 0.631882
10 0.519141 0.669444 0.0257812 0.111111 0.645956
4 0.451562 0.156944 0.015625 0.0472222 0.705276
4 0.560547 0.107639 0.0148437 0.0513889 0.723227
4 0.533594 0.0555556 0.0171875 0.0388889 0.735327
4 0.450391 0.108333 0.0148437 0.05 0.745887
3 0.554297 0.508333 0.0460938 0.127778 0.751064
4 0.5875 0.107639 0.015625 0.0513889 0.783163
4 0.423828 0.106944 0.0148437 0.05 0.798085
4 0.396484 0.110417 0.0148437 0.0486111 0.812254
8 0.589844 0.807639 0.0421875 0.148611 0.818589
