1 0.959766 0.108333 0.0492188 0.175 0.261547
1 0.477344 0.0423611 0.01875 0.0625 0.286109
8 0.594141 0.805556 0.0460938 0.15 0.291381
10 0.417969 0.0173611 0.015625 0.0347222 0.308578
4 0.45 0.0604167 0.0140625 0.0541667 0.326409
4 0.521875 0.668056 0.0265625 0.113889 0.338502
10 0.50625 0.251389 0.0140625 0.05 0.36007
4 0.941797 0.929861 0.0242187 0.0486111 0.361443
10 0.477344 0.377778 0.0203125 0.0861111 0.375588
10 0.423828 0.358333 0.0132813 0.0472222 0.409518
4 0.397266 0.0625 0.0164062 0.102778 0.448409
10 0.396484 0.353472 0.0148437 0.0541667 0.459576
6 0.724609 0.0256944 0.0335938 0.0458333 0.469354
1 0.825781 0.606944 0.05625 0.155556 0.569254
4 0.532812 0.0458333 0.015625 0.0611111 0.576321
4 0.533203 0.1125 0.0148437 0.0555556 0.593998
4 0.560547 0.05625 0.0179687 0.0402778 0.635648
11 0.646484 0.729167 0.0460938 0.144444 0.637403
1 0.533594 0.130556 0.0171875 0.0805556 0.640518
10 0.505859 0.202778 0.0164062 0.0388889 0.681413
4 0.450781 0.158333 0.015625 0.0472222 0.742211
4 0.45 0.107639 0.015625 0.0486111 0.766993
4 0.560547 0.109028 0.0148437 0.0486111 0.793713
4 0.5875 0.109028 0.015625 0.0486111 0.828237
4 0.423438 0.108333 0.015625 0.05 0.837142
4 0.396094 0.111806 0.0140625 0.0486111 0.8375
