4 0.751562 0.919444 0.0203125 0.05 0.250687
10 0.418359 0.0173611 0.0148437 0.0347222 0.258164
1 0.964453 0.104861 0.0507812 0.165278 0.270998
10 0.561328 0.815278 0.0351562 0.111111 0.27361
4 0.449609 0.0847222 0.0148437 0.0777778 0.274058
1 0.476953 0.0416667 0.0179687 0.0638889 0.294354
4 0.689062 0.0222222 0.021875 0.0388889 0.29889
4 0.397656 0.0715278 0.015625 0.106944 0.312079
4 0.506641 0.209722 0.0148437 0.0527778 0.315638
4 0.397266 0.0402778 0.0179687 0.0694444 0.333319
4 0.944531 0.931944 0.0234375 0.0444444 0.340941
9 0.335938 0.725 0.0421875 0.152778 0.356646
10 0.423438 0.357639 0.0125 0.0458333 0.365072
10 0.396875 0.354167 0.0140625 0.0555556 0.366192
8 0.596484 0.802778 0.0429688 0.15 0.369571
4 0.533203 0.113194 0.0148437 0.0569444 0.399734
4 0.532812 0.04375 0.015625 0.0625 0.454233
6 0.724609 0.025 0.0335938 0.0444444 0.49235
1 0.827344 0.600694 0.053125 0.148611 0.537922
4 0.560938 0.0555556 0.0171875 0.0388889 0.605322
4 0.451172 0.156944 0.0148437 0.0472222 0.632924
11 0.646875 0.727778 0.0453125 0.144444 0.660327
1 0.533594 0.129861 0.0171875 0.0819444 0.692491
4 0.450391 0.10625 0.0148437 0.0458333 0.74812
4 0.560547 0.109028 0.0148437 0.0486111 0.771772
4 0.423828 0.107639 0.0148437 0.0486111 0.81246
4 0.396094 0.111111 0.0140625 0.0472222 0.830922
4 0.5875 0.109028 0.015625 0.0486111 0.838327
