1 0.474219 0.0201389 0.01875 0.0291667 0.293526
4 0.745313 0.920139 0.0203125 0.0486111 0.316399
1 0.198047 0.844444 0.0492188 0.152778 0.343855
4 0.560156 0.0569444 0.01875 0.0444444 0.349757
4 0.417969 0.0194444 0.0171875 0.0333333 0.360394
4 0.450781 0.0604167 0.015625 0.0541667 0.387755
1 0.757422 0.0902778 0.0226563 0.102778 0.395842
10 0.617578 0.713194 0.0320312 0.0930556 0.404855
4 0.684375 0.0277778 0.01875 0.0444444 0.430201
1 0.822266 0.591667 0.0507812 0.119444 0.440029
4 0.396875 0.04375 0.0171875 0.0625 0.538096
4 0.451562 0.157639 0.0171875 0.0486111 0.571629
4 0.533203 0.110417 0.0148437 0.0569444 0.61121
4 0.450391 0.107639 0.0148437 0.0486111 0.65034
10 0.530469 0.777083 0.0296875 0.0875 0.657278
4 0.560938 0.106944 0.015625 0.05 0.692523
8 0.589063 0.809028 0.04375 0.148611 0.703176
1 0.533984 0.130556 0.0179687 0.0861111 0.715707
4 0.423438 0.107639 0.015625 0.0513889 0.79751
4 0.396484 0.110417 0.0148437 0.0458333 0.802029
4 0.587891 0.108333 0.0164062 0.05 0.821846
