12 0.203906 0.855556 0.0484375 0.102778 0.2542
3 0.977734 0.292361 0.0445312 0.151389 0.26834
4 0.945312 0.931944 0.0265625 0.0444444 0.307152
10 0.603906 0.69375 0.03125 0.118056 0.318123
3 0.764453 0.05625 0.0304688 0.106944 0.339001
10 0.450391 0.347917 0.0179687 0.0513889 0.347846
4 0.423438 0.205556 0.0125 0.0444444 0.377265
1 0.65 0.239583 0.05 0.190278 0.387305
4 0.844922 0.886806 0.0273438 0.0430556 0.453471
10 0.217578 0.360417 0.0195312 0.0902778 0.505786
8 0.590234 0.807639 0.0476562 0.156944 0.51385
10 0.397266 0.353472 0.0164062 0.0486111 0.559039
4 0.451172 0.15625 0.0148437 0.0486111 0.569782
11 0.591016 0.803472 0.0476562 0.159722 0.588719
11 0.651563 0.727083 0.03125 0.0930556 0.595392
4 0.450781 0.0576389 0.0171875 0.0430556 0.643877
3 0.887891 0.258333 0.0664062 0.219444 0.657395
4 0.560156 0.105556 0.015625 0.05 0.703
4 0.450391 0.107639 0.0148437 0.0513889 0.724596
4 0.587109 0.109028 0.0148437 0.0541667 0.748815
4 0.395703 0.157639 0.0148437 0.0541667 0.812769
4 0.533203 0.107639 0.0148437 0.0486111 0.834454
