3 0.821875 0.347222 0.034375 0.102778 0.251938
11 0.586328 0.80625 0.0476562 0.148611 0.253766
6 0.755078 0.0368056 0.0195312 0.0652778 0.265339
10 0.423438 0.358333 0.0125 0.0472222 0.265519
6 0.794531 0.786806 0.0578125 0.143056 0.276111
10 0.571094 0.706944 0.0328125 0.0916667 0.278141
3 0.505859 0.254167 0.0179687 0.0472222 0.283515
9 0.696484 0.629861 0.0351562 0.104167 0.285293
1 0.983594 0.251389 0.0296875 0.177778 0.297375
4 0.50625 0.0555556 0.01875 0.0583333 0.301265
4 0.679297 0.0243056 0.0164062 0.0402778 0.302456
4 0.944141 0.931944 0.0257812 0.0444444 0.305234
6 0.716016 0.0263889 0.0273438 0.0388889 0.307923
7 0.645312 0.718056 0.0328125 0.108333 0.322053
3 0.451172 0.157639 0.0164062 0.0486111 0.367367
3 0.965234 0.146528 0.0585938 0.223611 0.373308
4 0.417188 0.01875 0.0171875 0.0347222 0.389823
3 0.534766 0.154167 0.0179687 0.0416667 0.404878
2 0.660156 0.251389 0.0625 0.177778 0.408832
4 0.397266 0.0402778 0.0195312 0.0722222 0.434172
4 0.451172 0.157639 0.0164062 0.0486111 0.467951
11 0.644531 0.720139 0.034375 0.115278 0.482803
8 0.586328 0.807639 0.0429688 0.148611 0.490709
4 0.844922 0.884722 0.0273438 0.0388889 0.510477
10 0.396875 0.354861 0.015625 0.0569444 0.533146
4 0.450391 0.106944 0.0148437 0.05 0.533977
1 0.765234 0.323611 0.0257812 0.108333 0.560926
4 0.560938 0.106944 0.015625 0.0472222 0.679994
4 0.587109 0.110417 0.0148437 0.0513889 0.764667
4 0.423438 0.106944 0.015625 0.05 0.785597
4 0.396094 0.109722 0.015625 0.0472222 0.797356
4 0.533203 0.111111 0.0148437 0.0527778 0.805159
