11 0.530078 0.777778 0.0335938 0.105556 0.252408
1 0.757422 0.0902778 0.0226563 0.108333 0.256042
10 0.618359 0.714583 0.0335938 0.0930556 0.271475
4 0.745313 0.919444 0.0203125 0.05 0.286411
1 0.475 0.0201389 0.01875 0.0291667 0.319089
4 0.683203 0.0284722 0.0195312 0.0458333 0.329907
4 0.560156 0.0569444 0.01875 0.0444444 0.333896
4 0.411328 0.01875 0.0164062 0.0375 0.337923
1 0.727344 0.48125 0.0515625 0.190278 0.348744
4 0.450391 0.0604167 0.0148437 0.0541667 0.36198
4 0.417578 0.01875 0.0164062 0.0347222 0.407393
10 0.397266 0.355556 0.0148437 0.05 0.490353
4 0.396875 0.04375 0.0171875 0.0652778 0.594507
4 0.451953 0.157639 0.0164062 0.0486111 0.62168
4 0.450391 0.107639 0.0148437 0.0486111 0.628455
8 0.588672 0.809028 0.0445312 0.148611 0.629836
4 0.533203 0.110417 0.0148437 0.0541667 0.669416
1 0.533984 0.13125 0.0179687 0.0847222 0.683348
4 0.560938 0.107639 0.015625 0.0513889 0.699649
10 0.529688 0.777778 0.0296875 0.0916667 0.723787
4 0.423438 0.107639 0.015625 0.0513889 0.775763
4 0.396094 0.110417 0.015625 0.0458333 0.791372
4 0.587891 0.109028 0.0164062 0.0513889 0.816327
