6 0.759375 0.0444444 0.0203125 0.0888889 0.25054
4 0.45 0.0604167 0.0140625 0.0541667 0.276322
4 0.684375 0.0284722 0.0171875 0.0458333 0.283078
4 0.945312 0.931944 0.0234375 0.0444444 0.318538
10 0.00898437 0.245139 0.0164062 0.1625 0.318669
3 0.758594 0.0576389 0.0203125 0.0930556 0.319169
4 0.752344 0.91875 0.0203125 0.0486111 0.319724
11 0.588281 0.805556 0.046875 0.147222 0.347245
4 0.559766 0.0583333 0.0195312 0.0444444 0.368725
10 0.476953 0.376389 0.0195312 0.0805556 0.388302
1 0.476562 0.0451389 0.01875 0.0541667 0.430556
3 0.967969 0.122917 0.05 0.170833 0.43655
10 0.528516 0.775694 0.0320312 0.0930556 0.498095
11 0.645312 0.729167 0.0453125 0.141667 0.513149
4 0.844531 0.884028 0.025 0.0375 0.534016
4 0.396484 0.0604167 0.0179687 0.0486111 0.545397
1 0.833984 0.601389 0.0554687 0.152778 0.606619
4 0.506641 0.0576389 0.0179687 0.0486111 0.623727
1 0.533984 0.129861 0.0179687 0.0819444 0.648027
4 0.560547 0.107639 0.0148437 0.0486111 0.653422
4 0.533594 0.111806 0.015625 0.0541667 0.65884
4 0.396875 0.111111 0.0125 0.0472222 0.668734
10 0.518359 0.6625 0.0320312 0.113889 0.731664
8 0.589844 0.808333 0.04375 0.15 0.737898
4 0.450781 0.157639 0.015625 0.0486111 0.741298
4 0.5875 0.109028 0.015625 0.0513889 0.781105
4 0.45 0.108333 0.015625 0.0472222 0.79
4 0.423828 0.107639 0.0148437 0.0486111 0.83563
