1 0.533984 0.205556 0.0195312 0.0555556 0.266465
6 0.0355469 0.915972 0.0445312 0.104167 0.270392
3 0.757422 0.0527778 0.0242187 0.0916667 0.283516
10 0.411328 0.688194 0.0445312 0.143056 0.290123
4 0.417188 0.01875 0.015625 0.0319444 0.291852
1 0.473047 0.0208333 0.0195312 0.0277778 0.308616
1 0.342187 0.0430556 0.0359375 0.075 0.333968
8 0.591406 0.811111 0.0421875 0.158333 0.357607
10 0.00859375 0.245833 0.015625 0.155556 0.418522
4 0.560156 0.0576389 0.01875 0.0458333 0.436179
1 0.476953 0.203472 0.0164062 0.0430556 0.442572
4 0.397266 0.0611111 0.0164062 0.105556 0.492542
10 0.396875 0.355556 0.015625 0.05 0.500637
1 0.970312 0.111111 0.053125 0.183333 0.522001
6 0.759766 0.0506944 0.0273438 0.0930556 0.528609
6 0.722656 0.025 0.0296875 0.0444444 0.529087
11 0.339844 0.6 0.0578125 0.177778 0.536044
3 0.659766 0.260417 0.0585938 0.168056 0.599325
4 0.560938 0.107639 0.015625 0.0486111 0.71264
11 0.490625 0.755556 0.0375 0.136111 0.727746
4 0.451172 0.159028 0.0148437 0.0458333 0.743538
4 0.844531 0.884028 0.0234375 0.0402778 0.764159
4 0.45 0.108333 0.0140625 0.0444444 0.798879
4 0.587891 0.109722 0.0164062 0.05 0.836922
4 0.423047 0.107639 0.0148437 0.0486111 0.839073
4 0.396094 0.109722 0.015625 0.0472222 0.841663
4 0.533984 0.109028 0.0148437 0.0486111 0.851827
