1 0.794922 0.577778 0.0382813 0.125 0.256999
4 0.745703 0.919444 0.0210938 0.05 0.261374
3 0.79375 0.575694 0.0359375 0.126389 0.26223
6 0.896094 0.895139 0.0359375 0.0569444 0.294094
10 0.397266 0.354167 0.0148437 0.0583333 0.299851
4 0.945312 0.93125 0.0234375 0.0458333 0.317617
4 0.397656 0.0708333 0.015625 0.105556 0.317954
6 0.624219 0.0222222 0.0203125 0.0388889 0.326177
4 0.50625 0.0458333 0.0171875 0.0583333 0.340067
3 0.450781 0.154167 0.0171875 0.0444444 0.375675
1 0.450781 0.156944 0.0171875 0.0444444 0.434963
1 0.839063 0.603472 0.05625 0.176389 0.443981
4 0.533594 0.113194 0.015625 0.0513889 0.465264
10 0.423047 0.201389 0.0148437 0.0472222 0.507587
4 0.589844 0.0472222 0.0171875 0.0555556 0.526037
10 0.477344 0.377083 0.01875 0.0763889 0.58229
4 0.450391 0.113194 0.0148437 0.0513889 0.631807
1 0.533594 0.134028 0.01875 0.0763889 0.641306
1 0.960156 0.100694 0.05625 0.170833 0.71387
4 0.587891 0.109028 0.0164062 0.0486111 0.802371
4 0.423438 0.107639 0.015625 0.0486111 0.808529
4 0.561328 0.109722 0.0148437 0.0444444 0.826962
4 0.396484 0.109722 0.0148437 0.0472222 0.829172
4 0.477734 0.109722 0.0164062 0.05 0.869467
