6 0.717578 0.0284722 0.0398437 0.0458333 0.321524
3 0.658594 0.261806 0.0578125 0.165278 0.350362
10 0.519922 0.711806 0.0273438 0.0902778 0.390327
1 0.477344 0.201389 0.0171875 0.0472222 0.412334
10 0.554297 0.688194 0.0226563 0.0763889 0.45785
4 0.423438 0.20625 0.015625 0.0458333 0.467576
4 0.84375 0.885417 0.021875 0.0347222 0.522708
8 0.589453 0.807639 0.0398437 0.145833 0.63194
11 0.489844 0.754861 0.034375 0.126389 0.666771
4 0.450781 0.160417 0.0140625 0.0458333 0.685501
4 0.560938 0.109722 0.015625 0.05 0.716959
4 0.450391 0.109028 0.0148437 0.0486111 0.723447
4 0.396484 0.109722 0.0148437 0.05 0.824765
4 0.587891 0.109722 0.0164062 0.05 0.839944
4 0.533594 0.109722 0.015625 0.0472222 0.881059
