12 0.434375 0.845833 0.0265625 0.0222222 0.29459
6 0.1 0.251389 0.065625 0.130556 0.322034
4 0.746094 0.920139 0.021875 0.0458333 0.361332
3 0.0988281 0.259722 0.0664062 0.152778 0.365978
10 0.362109 0.890278 0.0242187 0.0416667 0.371434
12 0.344141 0.847222 0.0289063 0.0222222 0.383424
10 0.382812 0.84375 0.028125 0.0263889 0.408431
3 0.668359 0.0875 0.0320312 0.108333 0.507822
4 0.844922 0.883333 0.0242187 0.0416667 0.59037
11 0.570703 0.688194 0.0351562 0.131944 0.615521
9 0.236719 0.865278 0.03125 0.0833333 0.700272
