6 0.0554687 0.918056 0.0328125 0.0888889 0.288917
3 0.759766 0.0638889 0.0210938 0.102778 0.306298
3 0.505859 0.0604167 0.0179687 0.0458333 0.312962
4 0.50625 0.0604167 0.01875 0.0458333 0.322048
1 0.199609 0.940278 0.0617188 0.119444 0.328855
4 0.560156 0.0590278 0.01875 0.0458333 0.334944
4 0.423438 0.20625 0.0125 0.0430556 0.346938
10 0.21875 0.358333 0.0234375 0.0861111 0.347533
4 0.845312 0.886111 0.0265625 0.0416667 0.36867
4 0.450781 0.15625 0.0140625 0.0486111 0.407889
10 0.397266 0.353472 0.0148437 0.0513889 0.425951
10 0.604297 0.708333 0.0335938 0.138889 0.497487
3 0.651953 0.259028 0.0585938 0.165278 0.552533
11 0.491406 0.759028 0.034375 0.123611 0.672073
10 0.469531 0.645139 0.028125 0.0791667 0.673836
8 0.591016 0.808333 0.0445312 0.152778 0.713043
4 0.450391 0.109722 0.0148437 0.05 0.721637
4 0.560938 0.106944 0.015625 0.05 0.74687
4 0.395703 0.158333 0.0148437 0.0527778 0.818105
4 0.5875 0.110417 0.015625 0.0486111 0.839668
4 0.533594 0.109722 0.015625 0.0472222 0.882093
