4 0.560156 0.0583333 0.01875 0.0444444 0.264275
10 0.424219 0.357639 0.0140625 0.0402778 0.284227
8 0.594141 0.810417 0.0460938 0.1625 0.286666
10 0.421484 0.0194444 0.0179687 0.0361111 0.288837
11 0.25625 0.886806 0.065625 0.170833 0.294947
4 0.397266 0.0638889 0.0164062 0.105556 0.392035
9 0.405469 0.694444 0.04375 0.152778 0.408985
4 0.534375 0.204167 0.015625 0.0444444 0.424135
10 0.00976562 0.255556 0.0179687 0.147222 0.507167
11 0.592578 0.809722 0.0460938 0.152778 0.52685
10 0.397656 0.354861 0.015625 0.0486111 0.605405
4 0.560938 0.107639 0.015625 0.0486111 0.659415
4 0.845312 0.884722 0.028125 0.0388889 0.676047
4 0.587109 0.111111 0.0148437 0.0527778 0.719291
4 0.451953 0.158333 0.0164062 0.0472222 0.727484
11 0.492969 0.756944 0.034375 0.130556 0.744703
4 0.450391 0.107639 0.0148437 0.0458333 0.772818
4 0.423438 0.106944 0.015625 0.05 0.783094
4 0.396484 0.111111 0.0148437 0.05 0.82227
4 0.533203 0.109722 0.0148437 0.0527778 0.830606
