4 0.944922 0.932639 0.0257812 0.0430556 0.254177
9 0.412891 0.679861 0.0382813 0.126389 0.266114
10 0.620703 0.753472 0.0351562 0.1375 0.276644
11 0.250781 0.882639 0.065625 0.173611 0.291919
3 0.0425781 0.0527778 0.0570313 0.105556 0.322048
10 0.396875 0.354861 0.0140625 0.0513889 0.330814
3 0.0414063 0.15625 0.046875 0.145833 0.331647
1 0.477734 0.202083 0.0164062 0.0458333 0.373813
3 0.50625 0.0590278 0.0171875 0.0458333 0.374683
4 0.506641 0.0590278 0.0179687 0.0486111 0.412881
6 0.0507812 0.931944 0.04375 0.0916667 0.453568
11 0.492188 0.759028 0.034375 0.123611 0.473961
3 0.771875 0.0736111 0.040625 0.136111 0.485093
1 0.0402344 0.0506944 0.0617188 0.101389 0.494041
4 0.845312 0.885417 0.0265625 0.0430556 0.500465
3 0.772266 0.165278 0.0554687 0.183333 0.544948
8 0.591016 0.807639 0.0445312 0.154167 0.656679
4 0.451172 0.160417 0.0148437 0.0458333 0.668811
4 0.560938 0.110417 0.015625 0.0486111 0.70341
10 0.51875 0.669444 0.03125 0.1 0.711714
4 0.450391 0.108333 0.0148437 0.0472222 0.755485
4 0.396484 0.109722 0.0148437 0.0527778 0.796651
4 0.5875 0.109028 0.015625 0.0486111 0.821906
4 0.533984 0.109722 0.0148437 0.0472222 0.889258
