10 0.561328 0.375 0.0195312 0.0777778 0.250232
4 0.945703 0.931944 0.0242187 0.0444444 0.292846
1 0.760156 0.148611 0.0390625 0.152778 0.294024
10 0.527734 0.770833 0.0320312 0.0972222 0.317389
10 0.505859 0.254861 0.0148437 0.0375 0.319134
4 0.751172 0.919444 0.0210938 0.0472222 0.31967
4 0.397656 0.06875 0.015625 0.106944 0.32019
1 0.663281 0.252083 0.059375 0.173611 0.32239
3 0.450391 0.155556 0.0179687 0.0444444 0.323843
4 0.760156 0.0375 0.0171875 0.0694444 0.325776
4 0.505859 0.206944 0.0132813 0.0388889 0.342154
4 0.533203 0.111806 0.0148437 0.0569444 0.35951
10 0.50625 0.744444 0.03125 0.0944444 0.365531
1 0.476562 0.0409722 0.01875 0.0625 0.379444
3 0.716797 0.0409722 0.0414063 0.0680556 0.386179
4 0.532812 0.0458333 0.015625 0.0611111 0.393928
1 0.450781 0.158333 0.0171875 0.0416667 0.405853
10 0.423828 0.356944 0.0132813 0.0472222 0.428055
11 0.519922 0.659028 0.0320312 0.123611 0.445791
4 0.560156 0.0555556 0.0171875 0.0388889 0.449222
8 0.593359 0.798611 0.0492188 0.161111 0.462898
9 0.333203 0.722917 0.0414063 0.156944 0.492125
4 0.844141 0.885417 0.0257812 0.0375 0.493361
10 0.396875 0.353472 0.0140625 0.0541667 0.500876
11 0.641797 0.722917 0.0414063 0.140278 0.582129
11 0.595703 0.8 0.0492188 0.161111 0.585852
1 0.840625 0.574306 0.0578125 0.165278 0.598592
4 0.450391 0.111111 0.0148437 0.0527778 0.601228
10 0.478125 0.376389 0.0203125 0.0777778 0.629831
4 0.770312 0.325694 0.0265625 0.0958333 0.645693
1 0.533594 0.13125 0.0171875 0.0791667 0.64837
1 0.966016 0.0923611 0.0539063 0.154167 0.654779
4 0.560547 0.109028 0.0148437 0.0486111 0.761423
4 0.396094 0.110417 0.015625 0.0458333 0.812855
4 0.423828 0.107639 0.0148437 0.0486111 0.818354
4 0.5875 0.109028 0.015625 0.0486111 0.821537
4 0.477734 0.107639 0.0164062 0.0513889 0.849809
