6 0.0363281 0.917361 0.0429688 0.101389 0.257803
1 0.533984 0.204861 0.0195312 0.0569444 0.258883
3 0.508594 0.352083 0.0203125 0.0486111 0.263508
4 0.411719 0.01875 0.015625 0.0347222 0.272519
9 0.404297 0.690972 0.0429688 0.145833 0.281294
10 0.0078125 0.244444 0.015625 0.152778 0.310692
6 0.719531 0.0270833 0.0296875 0.0375 0.330345
3 0.96875 0.302778 0.0515625 0.136111 0.340423
4 0.417188 0.01875 0.015625 0.0319444 0.345786
4 0.560156 0.0569444 0.01875 0.05 0.370929
10 0.396875 0.354167 0.015625 0.05 0.371804
1 0.476953 0.203472 0.0164062 0.0430556 0.395911
4 0.396875 0.04375 0.0171875 0.0625 0.515612
3 0.651563 0.255556 0.053125 0.166667 0.519154
4 0.844922 0.884028 0.0242187 0.0402778 0.520151
11 0.588672 0.809722 0.0429688 0.15 0.604008
4 0.450781 0.160417 0.015625 0.0458333 0.713293
4 0.560938 0.106944 0.015625 0.05 0.720028
11 0.489453 0.754167 0.0351562 0.127778 0.743218
4 0.45 0.107639 0.0140625 0.0458333 0.769078
4 0.423047 0.106944 0.0148437 0.05 0.811323
4 0.396094 0.109722 0.015625 0.0472222 0.821622
4 0.5875 0.109028 0.015625 0.0486111 0.824794
4 0.533594 0.108333 0.0140625 0.05 0.85314
