6 0.896094 0.895833 0.0359375 0.0583333 0.259032
1 0.760156 0.0819444 0.0265625 0.130556 0.269785
4 0.506641 0.213194 0.0148437 0.0625 0.286874
1 0.450391 0.157639 0.0195312 0.0458333 0.288832
1 0.841797 0.59375 0.0554687 0.1625 0.295737
4 0.588672 0.05 0.0179687 0.0527778 0.319868
10 0.416406 0.0173611 0.0171875 0.0347222 0.328657
10 0.505859 0.254167 0.0148437 0.0416667 0.332343
4 0.746094 0.920139 0.021875 0.0541667 0.341703
4 0.397656 0.0645833 0.0171875 0.104167 0.34918
10 0.397266 0.355556 0.0148437 0.0583333 0.37504
8 0.477734 0.377778 0.0195312 0.0805556 0.379037
4 0.944922 0.931944 0.0242187 0.0444444 0.380878
1 0.533203 0.15 0.0179687 0.0555556 0.51432
3 0.450391 0.155556 0.0195312 0.0472222 0.590375
4 0.45 0.1125 0.015625 0.0527778 0.625017
4 0.533203 0.1125 0.0148437 0.05 0.653475
1 0.961328 0.1 0.0570313 0.175 0.687879
10 0.477734 0.375694 0.0195312 0.0791667 0.718062
4 0.396094 0.111111 0.015625 0.0472222 0.757999
4 0.587891 0.109722 0.0164062 0.0472222 0.795657
4 0.423438 0.109028 0.015625 0.0486111 0.82265
4 0.560938 0.110417 0.015625 0.0458333 0.822906
10 0.533594 0.383333 0.0203125 0.075 0.838129
4 0.477344 0.109028 0.0171875 0.0513889 0.874115
