3 0.505469 0.0597222 0.01875 0.0472222 0.254138
4 0.423047 0.213194 0.0148437 0.0680556 0.272445
4 0.559766 0.0583333 0.0195312 0.0444444 0.279441
4 0.846484 0.892361 0.0304688 0.0569444 0.362789
10 0.397266 0.353472 0.0148437 0.0486111 0.371197
10 0.605078 0.710417 0.0335938 0.140278 0.418099
4 0.450781 0.15625 0.0140625 0.0486111 0.46686
11 0.491406 0.760417 0.034375 0.126389 0.469445
3 0.657031 0.264583 0.0578125 0.181944 0.541105
8 0.591016 0.809028 0.0445312 0.154167 0.55757
10 0.469141 0.645833 0.0273438 0.0805556 0.673086
4 0.45 0.109722 0.0140625 0.05 0.718042
4 0.560938 0.107639 0.015625 0.0486111 0.721907
4 0.395703 0.159028 0.0148437 0.0513889 0.815603
4 0.5875 0.109722 0.015625 0.05 0.826718
4 0.533594 0.109722 0.015625 0.0472222 0.877485
