10 0.410937 0.0208333 0.0171875 0.0388889 0.251086
4 0.560156 0.0583333 0.01875 0.0444444 0.276758
10 0.424219 0.357639 0.0140625 0.0402778 0.293624
11 0.255078 0.8875 0.0632813 0.169444 0.309957
10 0.397266 0.0444444 0.0179687 0.0555556 0.343485
4 0.746875 0.920833 0.0203125 0.0472222 0.344741
1 0.533984 0.122917 0.0164062 0.0708333 0.34536
10 0.009375 0.256944 0.0171875 0.147222 0.357979
4 0.397266 0.0645833 0.0164062 0.104167 0.384583
9 0.405078 0.696528 0.0429688 0.151389 0.387098
10 0.419922 0.0194444 0.0179687 0.0361111 0.390953
4 0.533594 0.203472 0.015625 0.0486111 0.411283
8 0.594141 0.810417 0.0460938 0.1625 0.445272
11 0.592188 0.809028 0.046875 0.154167 0.564764
10 0.397656 0.354861 0.015625 0.0486111 0.631655
4 0.560938 0.107639 0.015625 0.0486111 0.676416
4 0.451953 0.158333 0.0164062 0.0472222 0.720319
4 0.844141 0.883333 0.0226563 0.0388889 0.741683
4 0.587109 0.111111 0.0148437 0.0527778 0.761196
4 0.450391 0.107639 0.0148437 0.0458333 0.777415
4 0.423438 0.107639 0.015625 0.0513889 0.790963
11 0.492969 0.756944 0.034375 0.133333 0.812066
4 0.533203 0.109722 0.0148437 0.0527778 0.823189
4 0.396484 0.111111 0.0148437 0.05 0.82556
3 0.966016 0.49375 0.0648438 0.193056 0.912191
