4 0.473437 0.01875 0.0171875 0.0236111 0.253321
4 0.451172 0.350694 0.0164062 0.0513889 0.256349
10 0.00898437 0.254861 0.0164062 0.154167 0.260173
8 0.591797 0.807639 0.0429688 0.1625 0.267097
1 0.653906 0.172917 0.0421875 0.126389 0.268607
11 0.623047 0.0215278 0.0304688 0.0402778 0.269325
11 0.491797 0.755556 0.0320312 0.116667 0.285908
4 0.683203 0.0284722 0.0164062 0.0402778 0.287276
10 0.698047 0.645139 0.0320312 0.0958333 0.288676
4 0.945312 0.932639 0.025 0.0430556 0.300606
1 0.649609 0.248611 0.0507812 0.163889 0.313791
10 0.454688 0.746528 0.03125 0.115278 0.319357
6 0.0203125 0.933333 0.03125 0.0777778 0.321089
6 0.198828 0.853472 0.0492188 0.106944 0.324679
12 0.769141 0.654167 0.0289063 0.0944444 0.3351
4 0.423438 0.204861 0.0125 0.0430556 0.354767
9 0.768359 0.654861 0.0320312 0.101389 0.364614
3 0.767969 0.0694444 0.0390625 0.125 0.380886
10 0.45 0.347917 0.0171875 0.0513889 0.38259
12 0.201953 0.852083 0.0445312 0.101389 0.436299
10 0.602344 0.696528 0.03125 0.129167 0.510321
11 0.650781 0.724306 0.03125 0.0958333 0.558092
10 0.491797 0.75625 0.0335938 0.115278 0.58047
4 0.451562 0.15625 0.0140625 0.0486111 0.582023
10 0.396875 0.354167 0.015625 0.0472222 0.592861
6 0.0433594 0.932639 0.0398437 0.0847222 0.602144
4 0.844922 0.884722 0.0242187 0.0388889 0.647328
4 0.560547 0.10625 0.0148437 0.0486111 0.676142
4 0.450391 0.0569444 0.0164062 0.0416667 0.68375
4 0.450781 0.107639 0.0140625 0.0513889 0.726561
11 0.591016 0.802778 0.0460938 0.158333 0.75408
4 0.587109 0.108333 0.0148437 0.05 0.755789
4 0.533594 0.108333 0.0140625 0.0472222 0.804739
4 0.396094 0.157639 0.0140625 0.0513889 0.809953
