10 0.507812 0.743056 0.03125 0.0944444 0.252871
1 0.533594 0.0472222 0.0171875 0.0527778 0.257482
9 0.416406 0.714583 0.0453125 0.151389 0.259169
2 0.834766 0.598611 0.0554687 0.144444 0.265819
1 0.533203 0.1125 0.0148437 0.0527778 0.300843
1 0.718359 0.115278 0.0492188 0.186111 0.308353
4 0.422656 0.249306 0.0140625 0.0513889 0.325528
10 0.505859 0.254861 0.0148437 0.0375 0.335656
6 0.976562 0.0361111 0.040625 0.0611111 0.348218
11 0.529297 0.765972 0.0367187 0.109722 0.374082
1 0.962109 0.101389 0.0507812 0.161111 0.382037
4 0.942187 0.929861 0.0234375 0.0486111 0.38607
4 0.532812 0.0444444 0.015625 0.0611111 0.420149
10 0.423047 0.357639 0.0132813 0.0458333 0.422319
11 0.595703 0.801389 0.0476562 0.155556 0.438508
4 0.396484 0.0444444 0.0164062 0.0583333 0.440642
4 0.844531 0.886111 0.0234375 0.0388889 0.464099
10 0.396484 0.354167 0.0148437 0.0527778 0.478079
10 0.477344 0.377778 0.01875 0.0777778 0.498839
4 0.505469 0.20625 0.0140625 0.0402778 0.529101
6 0.723437 0.0236111 0.034375 0.0416667 0.546709
1 0.835156 0.603472 0.053125 0.165278 0.554279
10 0.450391 0.155556 0.0148437 0.0444444 0.579441
4 0.560547 0.0555556 0.0179687 0.0388889 0.588473
1 0.476172 0.0375 0.0195312 0.0638889 0.590018
4 0.45 0.104861 0.015625 0.0458333 0.690454
11 0.646875 0.727083 0.04375 0.143056 0.72364
1 0.533203 0.131944 0.0179687 0.0805556 0.731689
4 0.560156 0.109028 0.0140625 0.0486111 0.793315
4 0.423047 0.107639 0.0164062 0.0513889 0.816942
4 0.476953 0.109028 0.0148437 0.0486111 0.826558
4 0.5875 0.109028 0.015625 0.0486111 0.840957
4 0.395703 0.110417 0.0148437 0.0486111 0.851885
