9 0.405469 0.691667 0.0453125 0.152778 0.252805
10 0.411328 0.6875 0.0445312 0.141667 0.260551
3 0.977734 0.283333 0.0445312 0.166667 0.265593
6 0.0355469 0.915972 0.0445312 0.104167 0.268719
1 0.533984 0.205556 0.0195312 0.0555556 0.275669
3 0.757422 0.0534722 0.0242187 0.0930556 0.276313
4 0.417188 0.01875 0.015625 0.0319444 0.293337
1 0.472656 0.0208333 0.01875 0.0277778 0.302337
1 0.342578 0.0430556 0.0351562 0.075 0.331782
8 0.589844 0.809028 0.04375 0.151389 0.344766
10 0.00859375 0.245833 0.015625 0.155556 0.41606
4 0.560156 0.0576389 0.01875 0.0458333 0.439305
1 0.476953 0.203472 0.0164062 0.0430556 0.444232
1 0.969922 0.110417 0.0523437 0.181944 0.445295
4 0.397266 0.0604167 0.0164062 0.106944 0.488743
10 0.397266 0.355556 0.0164062 0.05 0.493631
6 0.722656 0.025 0.0296875 0.0444444 0.508857
6 0.759375 0.0506944 0.028125 0.0930556 0.516966
11 0.339844 0.6 0.0578125 0.177778 0.533473
3 0.660547 0.259722 0.0601562 0.169444 0.624002
4 0.560938 0.109722 0.015625 0.05 0.710552
11 0.490625 0.754861 0.0375 0.134722 0.721503
4 0.451172 0.159028 0.0148437 0.0458333 0.740538
4 0.844531 0.884028 0.0234375 0.0402778 0.767335
4 0.45 0.108333 0.0140625 0.0444444 0.797488
4 0.423047 0.107639 0.0148437 0.0486111 0.838108
4 0.587891 0.109722 0.0164062 0.05 0.838576
4 0.396094 0.109722 0.015625 0.0472222 0.842438
4 0.533984 0.109028 0.0148437 0.0486111 0.849828
