3 0.719531 0.111111 0.0484375 0.180556 0.259825
10 0.505859 0.254167 0.0148437 0.0361111 0.272352
1 0.533594 0.0465278 0.0171875 0.0541667 0.2761
4 0.423047 0.249306 0.0148437 0.0513889 0.278066
10 0.507812 0.745139 0.0296875 0.0958333 0.281297
3 0.667578 0.250694 0.0632813 0.179167 0.28769
8 0.596094 0.804167 0.0453125 0.152778 0.288514
4 0.942578 0.930556 0.0242187 0.0472222 0.290441
9 0.337891 0.722917 0.0445312 0.154167 0.306812
3 0.966797 0.1125 0.0507812 0.177778 0.333237
10 0.419531 0.711806 0.0359375 0.131944 0.368262
4 0.532812 0.0444444 0.015625 0.0611111 0.368424
11 0.528516 0.770833 0.0367187 0.119444 0.371833
10 0.423047 0.357639 0.0132813 0.0458333 0.372243
4 0.396484 0.0451389 0.0164062 0.0569444 0.445478
10 0.477344 0.377778 0.01875 0.0777778 0.447415
4 0.844531 0.886111 0.0234375 0.0388889 0.478128
1 0.965234 0.103472 0.0507812 0.165278 0.495335
4 0.505859 0.20625 0.0132813 0.0402778 0.497347
10 0.396484 0.354167 0.0148437 0.0527778 0.505975
7 0.677344 0.534028 0.0515625 0.1375 0.516646
6 0.724219 0.0236111 0.034375 0.0416667 0.516726
10 0.450391 0.155556 0.0148437 0.0444444 0.521484
1 0.476562 0.0381944 0.01875 0.0625 0.559575
4 0.560547 0.0555556 0.0179687 0.0388889 0.566041
11 0.651172 0.723611 0.0429688 0.138889 0.628933
4 0.449609 0.107639 0.0148437 0.0458333 0.680156
1 0.533203 0.131944 0.0179687 0.0805556 0.730936
4 0.560156 0.109028 0.0140625 0.0486111 0.777556
4 0.423047 0.107639 0.0164062 0.0513889 0.812261
4 0.476953 0.109028 0.0148437 0.0486111 0.821406
4 0.5875 0.108333 0.015625 0.0472222 0.824193
4 0.395703 0.111111 0.0148437 0.0472222 0.855836
