4 0.534766 0.0486111 0.0132813 0.05 0.272214
10 0.0101562 0.247222 0.01875 0.155556 0.309651
1 0.451172 0.158333 0.0179687 0.0444444 0.315239
2 0.661328 0.25 0.0679687 0.183333 0.328524
4 0.944531 0.931944 0.021875 0.0444444 0.340808
3 0.661719 0.246528 0.065625 0.190278 0.378973
10 0.506641 0.255556 0.0148437 0.0388889 0.404908
4 0.397656 0.0590278 0.0171875 0.101389 0.409609
1 0.560156 0.0576389 0.0171875 0.0430556 0.420899
8 0.477734 0.376389 0.0210938 0.0833333 0.428911
4 0.587891 0.05625 0.0164062 0.0430556 0.47511
1 0.959766 0.100694 0.0523437 0.1625 0.504289
1 0.560547 0.103472 0.0164062 0.0541667 0.509241
3 0.450781 0.155556 0.01875 0.0444444 0.518241
4 0.505859 0.0479167 0.0164062 0.0569444 0.52421
10 0.477734 0.375 0.0195312 0.0805556 0.566754
11 0.651172 0.723611 0.0382813 0.127778 0.622309
1 0.837891 0.601389 0.0476562 0.158333 0.626169
4 0.45 0.111806 0.015625 0.0513889 0.650053
4 0.560547 0.109028 0.0148437 0.0486111 0.733866
4 0.396484 0.110417 0.0148437 0.0458333 0.810051
10 0.533984 0.383333 0.0195312 0.0722222 0.816842
4 0.423438 0.108333 0.015625 0.05 0.821779
4 0.587109 0.109722 0.0164062 0.05 0.825695
4 0.533594 0.110417 0.015625 0.0486111 0.864924
4 0.477734 0.109028 0.0164062 0.0513889 0.875607
