3 0.977734 0.286806 0.0445312 0.159722 0.256947
3 0.784766 0.546528 0.0523437 0.151389 0.30255
11 0.233984 0.879167 0.0554687 0.172222 0.320732
4 0.945312 0.932639 0.025 0.0458333 0.333109
11 0.592188 0.804861 0.046875 0.156944 0.360949
10 0.396875 0.352778 0.015625 0.0527778 0.362557
5 0.642187 0.145833 0.0421875 0.163889 0.379557
4 0.844531 0.886111 0.0265625 0.0416667 0.387281
10 0.469141 0.645833 0.0273438 0.0833333 0.398458
4 0.423438 0.205556 0.0125 0.0444444 0.413126
10 0.436719 0.704861 0.0390625 0.134722 0.443844
3 0.628906 0.0736111 0.0296875 0.105556 0.548041
10 0.218359 0.357639 0.0210938 0.0847222 0.575186
3 0.76875 0.0666667 0.0359375 0.119444 0.618776
4 0.505469 0.0597222 0.01875 0.0472222 0.65778
8 0.589844 0.806944 0.046875 0.158333 0.672277
4 0.560547 0.106944 0.0164062 0.0527778 0.733915
4 0.450781 0.107639 0.0140625 0.0486111 0.74328
4 0.451172 0.157639 0.0148437 0.0486111 0.758025
4 0.5875 0.107639 0.0171875 0.0513889 0.770437
4 0.395703 0.158333 0.0148437 0.0527778 0.817423
4 0.533203 0.108333 0.0164062 0.05 0.871487
