4 0.843359 0.885417 0.0226563 0.0319444 0.257734
6 0.844531 0.890278 0.0265625 0.05 0.266782
3 0.759766 0.0631944 0.0226563 0.1125 0.272389
6 0.896484 0.896528 0.0351562 0.0569444 0.276802
11 0.610547 0.790972 0.0367187 0.126389 0.279405
10 0.423047 0.357639 0.0132813 0.0486111 0.293146
4 0.588672 0.05 0.0179687 0.0527778 0.311718
3 0.213281 0.136111 0.053125 0.227778 0.335589
9 0.415625 0.713889 0.0421875 0.15 0.338093
4 0.505859 0.206944 0.0132813 0.0416667 0.343952
11 0.648438 0.728472 0.04375 0.1375 0.344214
4 0.746094 0.920139 0.021875 0.0541667 0.348014
3 0.19375 0.932639 0.08125 0.1125 0.348487
10 0.505859 0.254861 0.0148437 0.0402778 0.361616
10 0.415625 0.0173611 0.0171875 0.0347222 0.36169
4 0.397266 0.0652778 0.0179687 0.105556 0.377094
8 0.477344 0.377083 0.0203125 0.0819444 0.382835
1 0.760156 0.08125 0.0265625 0.126389 0.389604
1 0.842969 0.577778 0.0546875 0.161111 0.395946
4 0.944922 0.931944 0.0242187 0.0444444 0.403552
1 0.45 0.157639 0.01875 0.0458333 0.413865
3 0.449609 0.15625 0.0195312 0.0458333 0.499446
1 0.532812 0.151389 0.0171875 0.0555556 0.570864
10 0.396484 0.354861 0.0148437 0.0541667 0.605815
4 0.45 0.1125 0.015625 0.0527778 0.625989
1 0.962109 0.0965278 0.0554687 0.165278 0.648714
4 0.532812 0.1125 0.015625 0.05 0.652795
10 0.477734 0.375694 0.0195312 0.0791667 0.747005
4 0.395703 0.110417 0.0164062 0.0458333 0.786186
4 0.587891 0.109028 0.0164062 0.0486111 0.802046
4 0.560938 0.110417 0.015625 0.0458333 0.833932
4 0.423047 0.109028 0.0164062 0.0486111 0.837212
10 0.533594 0.382639 0.0203125 0.0736111 0.854801
4 0.477344 0.109028 0.0171875 0.0513889 0.87412
