10 0.396875 0.354167 0.015625 0.05 0.263612
10 0.0105469 0.245833 0.0195312 0.161111 0.2809
11 0.454297 0.74375 0.0367187 0.140278 0.292782
10 0.533984 0.359028 0.0148437 0.0430556 0.29869
4 0.559766 0.0576389 0.0179687 0.0458333 0.309701
1 0.476953 0.204861 0.0148437 0.0430556 0.317295
10 0.424219 0.356944 0.0140625 0.0416667 0.336568
3 0.661328 0.260417 0.0570313 0.176389 0.336626
8 0.593359 0.809722 0.0414063 0.155556 0.365633
3 0.507812 0.354861 0.01875 0.0486111 0.418841
1 0.966797 0.104167 0.0554687 0.166667 0.45107
4 0.844531 0.884722 0.025 0.0388889 0.463063
1 0.777734 0.567361 0.0570313 0.123611 0.492297
9 0.404687 0.693056 0.0421875 0.155556 0.494712
4 0.396094 0.0506944 0.0171875 0.0625 0.500048
11 0.491016 0.754861 0.0335938 0.120833 0.559566
11 0.591406 0.808333 0.0421875 0.15 0.616746
4 0.560938 0.108333 0.015625 0.0472222 0.634081
4 0.450391 0.161111 0.0148437 0.0444444 0.637532
4 0.45 0.107639 0.0140625 0.0458333 0.746057
4 0.395703 0.110417 0.0148437 0.0458333 0.797205
4 0.5875 0.109028 0.015625 0.0486111 0.800385
4 0.423047 0.107639 0.0148437 0.0486111 0.808195
4 0.533594 0.109028 0.0140625 0.0486111 0.854412
