10 0.423828 0.35625 0.0132813 0.0458333 0.266238
10 0.620313 0.754861 0.03125 0.126389 0.279457
6 0.96875 0.4625 0.0578125 0.105556 0.301329
10 0.435547 0.670833 0.0335938 0.111111 0.312406
6 0.722656 0.0256944 0.03125 0.0458333 0.328221
10 0.397266 0.353472 0.0148437 0.0486111 0.358857
1 0.973047 0.288889 0.0492188 0.183333 0.370943
10 0.556641 0.683333 0.0257812 0.0805556 0.372081
1 0.477734 0.201389 0.0164062 0.0472222 0.383916
4 0.944922 0.932639 0.0257812 0.0430556 0.385634
9 0.401563 0.693056 0.034375 0.127778 0.390828
11 0.489844 0.751389 0.034375 0.119444 0.486938
10 0.520703 0.709722 0.0289063 0.0972222 0.504807
4 0.450781 0.159722 0.0140625 0.0472222 0.545931
4 0.450781 0.109028 0.0140625 0.0513889 0.681183
4 0.560938 0.106944 0.015625 0.05 0.690645
4 0.844922 0.886111 0.0273438 0.0416667 0.727635
8 0.589844 0.80625 0.040625 0.148611 0.769801
4 0.396484 0.109028 0.0148437 0.0513889 0.792673
4 0.5875 0.108333 0.015625 0.05 0.818783
4 0.533984 0.109028 0.0148437 0.0486111 0.880637
