4 0.508594 0.0236111 0.01875 0.0222222 0.262072
3 0.507812 0.355556 0.0203125 0.0472222 0.281295
11 0.264453 0.893056 0.0601562 0.163889 0.309175
7 0.492969 0.761111 0.0359375 0.119444 0.316006
4 0.560547 0.05625 0.0179687 0.0430556 0.339643
4 0.533594 0.203472 0.015625 0.0513889 0.347261
4 0.397266 0.0694444 0.0164062 0.105556 0.349846
10 0.423828 0.356944 0.0148437 0.0444444 0.353435
9 0.405078 0.691667 0.0445312 0.155556 0.389851
4 0.844922 0.892361 0.0304688 0.0569444 0.401548
1 0.533984 0.122917 0.0164062 0.0708333 0.420778
11 0.492969 0.759028 0.034375 0.126389 0.57487
11 0.592578 0.811806 0.0492188 0.151389 0.623815
10 0.396875 0.354167 0.015625 0.05 0.625681
6 0.0441406 0.93125 0.0414063 0.0930556 0.654729
4 0.451172 0.157639 0.0164062 0.0486111 0.663652
4 0.560547 0.107639 0.0148437 0.0486111 0.717491
4 0.450391 0.108333 0.0148437 0.0472222 0.753491
4 0.5875 0.109028 0.015625 0.0486111 0.792597
4 0.533203 0.109722 0.0148437 0.0527778 0.803242
4 0.396484 0.110417 0.0148437 0.0513889 0.810744
4 0.423438 0.107639 0.015625 0.0513889 0.817451
3 0.971484 0.503472 0.0523437 0.176389 0.818665
