3 0.963281 0.13125 0.0578125 0.215278 0.254179
1 0.673047 0.241667 0.0617188 0.197222 0.261807
3 0.979688 0.28125 0.040625 0.179167 0.26487
4 0.944922 0.931944 0.0242187 0.0444444 0.268964
4 0.533984 0.0513889 0.0164062 0.05 0.278111
10 0.505859 0.254167 0.0148437 0.0388889 0.288026
8 0.593359 0.802083 0.0523437 0.159722 0.290487
10 0.561719 0.375694 0.01875 0.0791667 0.295305
4 0.745703 0.919444 0.0210938 0.05 0.300476
4 0.505859 0.206944 0.0132813 0.0388889 0.329819
1 0.840625 0.595139 0.06875 0.120833 0.351125
4 0.397656 0.0652778 0.015625 0.105556 0.355329
4 0.687109 0.0243056 0.0164062 0.0430556 0.361339
4 0.533203 0.1125 0.0148437 0.0555556 0.36752
1 0.476953 0.0423611 0.0195312 0.0625 0.379392
1 0.450391 0.157639 0.0179687 0.0430556 0.381968
3 0.450391 0.155556 0.0179687 0.0444444 0.404186
10 0.423828 0.356944 0.0132813 0.0472222 0.407567
4 0.559766 0.05625 0.0179687 0.0402778 0.415831
10 0.397266 0.354167 0.0148437 0.0555556 0.426095
11 0.595312 0.798611 0.0484375 0.155556 0.426472
11 0.644922 0.725694 0.0429688 0.140278 0.479782
6 0.720312 0.0291667 0.0375 0.0472222 0.481205
7 0.292188 0.357639 0.0546875 0.184722 0.535969
4 0.450391 0.111806 0.0148437 0.0541667 0.56767
1 0.960547 0.10625 0.0585938 0.184722 0.601351
10 0.477734 0.375694 0.0195312 0.0791667 0.603073
1 0.533594 0.13125 0.0171875 0.0791667 0.650563
4 0.84375 0.884722 0.025 0.0388889 0.660806
4 0.560547 0.109028 0.0148437 0.0486111 0.744644
4 0.396484 0.110417 0.0148437 0.0458333 0.807118
4 0.5875 0.109028 0.015625 0.0486111 0.810794
4 0.423438 0.108333 0.015625 0.05 0.836446
4 0.477734 0.107639 0.0164062 0.0513889 0.840821
