10 0.411328 0.686806 0.0445312 0.140278 0.252622
3 0.212891 0.0972222 0.0507812 0.161111 0.262486
2 0.663672 0.253472 0.0632813 0.173611 0.285407
1 0.342578 0.04375 0.0351562 0.0708333 0.290104
6 0.0378906 0.916667 0.0460938 0.105556 0.319214
1 0.473047 0.0201389 0.0195312 0.0263889 0.330235
1 0.476953 0.204167 0.0164062 0.0416667 0.339861
8 0.591406 0.811111 0.0421875 0.152778 0.358901
10 0.00859375 0.241667 0.015625 0.152778 0.364471
4 0.417578 0.01875 0.0164062 0.0319444 0.380551
6 0.722266 0.0243056 0.0289063 0.0430556 0.413148
1 0.799219 0.557639 0.0515625 0.143056 0.455112
4 0.844922 0.886111 0.0257812 0.0416667 0.460751
4 0.397266 0.0611111 0.0164062 0.105556 0.462159
11 0.339844 0.598611 0.0578125 0.180556 0.50446
3 0.766797 0.0659722 0.0414063 0.120833 0.543882
10 0.397266 0.354861 0.0164062 0.0486111 0.61323
11 0.589844 0.809028 0.04375 0.148611 0.622247
4 0.560547 0.109722 0.0148437 0.05 0.66282
11 0.490625 0.752778 0.0375 0.133333 0.735235
4 0.450781 0.160417 0.015625 0.0458333 0.758216
4 0.45 0.107639 0.0140625 0.0458333 0.80704
4 0.396094 0.109722 0.015625 0.0472222 0.830443
4 0.423438 0.107639 0.0140625 0.0486111 0.834137
4 0.587891 0.109028 0.0164062 0.0486111 0.83963
4 0.533594 0.109028 0.0140625 0.0486111 0.862998
