4 0.410547 0.0194444 0.0164062 0.0388889 0.253996
7 0.642578 0.725694 0.0414063 0.131944 0.265442
4 0.450391 0.0631944 0.0164062 0.0625 0.292785
4 0.417188 0.01875 0.0171875 0.0347222 0.293223
4 0.944922 0.931944 0.0242187 0.0444444 0.315212
3 0.841797 0.597222 0.0679687 0.147222 0.323414
1 0.657031 0.266667 0.0625 0.163889 0.36774
2 0.842188 0.596528 0.0640625 0.148611 0.39298
11 0.5875 0.806944 0.0484375 0.141667 0.405212
4 0.746094 0.920139 0.0203125 0.0486111 0.415322
10 0.231641 0.861806 0.0429688 0.151389 0.415497
8 0.588672 0.807639 0.0445312 0.148611 0.478383
1 0.476953 0.0458333 0.0195312 0.0555556 0.484659
4 0.397656 0.0590278 0.0171875 0.101389 0.494855
1 0.533594 0.129861 0.01875 0.0819444 0.564748
1 0.839844 0.595833 0.065625 0.161111 0.58825
4 0.844141 0.884722 0.0273438 0.0388889 0.589896
1 0.707031 0.111111 0.053125 0.197222 0.606123
4 0.450781 0.157639 0.0171875 0.0486111 0.606668
4 0.507031 0.0583333 0.01875 0.05 0.624369
7 0.291406 0.35625 0.0578125 0.184722 0.654336
11 0.639844 0.727083 0.04375 0.1375 0.661548
4 0.532812 0.1125 0.015625 0.0527778 0.683087
4 0.560547 0.108333 0.0148437 0.05 0.720497
4 0.45 0.108333 0.015625 0.0472222 0.749875
4 0.5875 0.109722 0.015625 0.05 0.782484
4 0.396094 0.110417 0.015625 0.0458333 0.797202
4 0.423438 0.108333 0.015625 0.05 0.830831
