10 0.699219 0.641667 0.03125 0.111111 0.25726
1 0.533984 0.204167 0.0195312 0.0555556 0.264953
4 0.559766 0.0590278 0.0195312 0.0486111 0.26723
11 0.590625 0.807639 0.0421875 0.156944 0.283714
3 0.762891 0.0423611 0.0242187 0.0736111 0.287622
3 0.975 0.247222 0.040625 0.119444 0.356522
4 0.845312 0.886806 0.0265625 0.0430556 0.376159
10 0.620313 0.75625 0.034375 0.134722 0.401318
4 0.505859 0.0590278 0.0179687 0.0486111 0.406837
3 0.978125 0.292361 0.0421875 0.143056 0.450907
4 0.450781 0.156944 0.0140625 0.0472222 0.478806
10 0.396484 0.354861 0.0148437 0.0486111 0.560984
8 0.592578 0.811111 0.0414063 0.158333 0.630475
11 0.492188 0.757639 0.034375 0.126389 0.705123
4 0.560547 0.108333 0.0164062 0.05 0.742121
4 0.45 0.107639 0.0140625 0.0486111 0.749408
10 0.469531 0.644444 0.028125 0.0833333 0.796234
4 0.395703 0.110417 0.0148437 0.0513889 0.816688
4 0.587891 0.109722 0.0164062 0.05 0.83217
4 0.533594 0.109722 0.015625 0.0472222 0.879041
