11 0.250391 0.879861 0.0664062 0.179167 0.254112
10 0.534766 0.240972 0.0164062 0.0652778 0.256293
3 0.396875 0.102778 0.0171875 0.0555556 0.262538
6 0.705859 0.0347222 0.0445312 0.0583333 0.265951
4 0.845703 0.892361 0.0335938 0.0513889 0.271103
7 0.494141 0.759722 0.0367187 0.122222 0.285176
1 0.534375 0.120833 0.015625 0.0694444 0.294427
4 0.560547 0.05625 0.0179687 0.0430556 0.318091
3 0.508203 0.355556 0.0195312 0.0472222 0.324579
11 0.533984 0.777083 0.0351562 0.1125 0.347648
4 0.534375 0.203472 0.015625 0.0513889 0.377193
10 0.424609 0.357639 0.0132813 0.0430556 0.407142
10 0.533594 0.777083 0.0328125 0.0986111 0.446556
9 0.408594 0.690278 0.04375 0.161111 0.490869
4 0.396484 0.109028 0.0148437 0.0486111 0.607752
11 0.59375 0.810417 0.046875 0.151389 0.628179
10 0.397266 0.355556 0.0148437 0.05 0.670923
6 0.969141 0.502083 0.0601562 0.176389 0.681233
4 0.452344 0.156944 0.015625 0.0472222 0.690355
4 0.561328 0.106944 0.0148437 0.0472222 0.696899
11 0.494531 0.759028 0.034375 0.129167 0.699908
4 0.450391 0.108333 0.0148437 0.0472222 0.747746
4 0.5875 0.109028 0.015625 0.0486111 0.792097
4 0.423828 0.106944 0.0148437 0.05 0.809426
4 0.533594 0.109722 0.0140625 0.0527778 0.822622
3 0.967969 0.502083 0.0625 0.184722 0.882062
