1 0.189063 0.940972 0.0703125 0.118056 0.260098
4 0.50625 0.0611111 0.01875 0.0472222 0.317023
3 0.505859 0.0604167 0.0179687 0.0458333 0.342361
4 0.423438 0.20625 0.0125 0.0430556 0.356472
4 0.560156 0.0590278 0.01875 0.0458333 0.361347
4 0.844922 0.885417 0.0257812 0.0402778 0.372641
10 0.397266 0.353472 0.0148437 0.0513889 0.415055
4 0.451172 0.15625 0.0148437 0.0486111 0.439371
10 0.604688 0.709722 0.034375 0.138889 0.465177
3 0.657812 0.251389 0.0671875 0.180556 0.585024
11 0.491406 0.759722 0.034375 0.125 0.658862
10 0.469531 0.645833 0.028125 0.0805556 0.675397
8 0.591016 0.808333 0.0445312 0.152778 0.680816
4 0.450391 0.109722 0.0148437 0.05 0.726867
4 0.560938 0.107639 0.015625 0.0486111 0.753664
4 0.395703 0.158333 0.0148437 0.0527778 0.824013
4 0.5875 0.110417 0.015625 0.0486111 0.832801
4 0.533594 0.109722 0.015625 0.0472222 0.881973
