10 0.419141 0.01875 0.0179687 0.0375 0.278067
4 0.451562 0.134028 0.015625 0.0819444 0.289735
4 0.506641 0.0569444 0.0195312 0.0555556 0.295149
4 0.686719 0.0263889 0.01875 0.0416667 0.316761
4 0.418359 0.0194444 0.0179687 0.0361111 0.319369
11 0.645703 0.720139 0.0351562 0.118056 0.362354
3 0.451172 0.157639 0.0179687 0.0513889 0.416974
4 0.451562 0.157639 0.0171875 0.0513889 0.42552
1 0.757422 0.142361 0.0320312 0.131944 0.440885
4 0.397656 0.0597222 0.0171875 0.102778 0.446229
4 0.450391 0.0625 0.0164062 0.0611111 0.45003
3 0.656641 0.250694 0.0632813 0.179167 0.491805
10 0.397266 0.354167 0.0164062 0.0555556 0.500915
1 0.533594 0.131944 0.01875 0.0805556 0.557083
4 0.844922 0.884028 0.0257812 0.0402778 0.601261
10 0.530469 0.778472 0.03125 0.0930556 0.648024
4 0.450391 0.107639 0.0164062 0.0513889 0.653505
8 0.588672 0.808333 0.0429688 0.147222 0.691221
4 0.533203 0.111806 0.0164062 0.0541667 0.710476
4 0.560938 0.108333 0.015625 0.05 0.765781
4 0.586719 0.111806 0.015625 0.0541667 0.801843
4 0.423438 0.107639 0.015625 0.0513889 0.806731
4 0.396484 0.109722 0.0164062 0.0472222 0.808597
