11 0.452734 0.744444 0.0351562 0.127778 0.253147
8 0.592188 0.809722 0.04375 0.158333 0.30047
4 0.560156 0.0548611 0.0203125 0.0458333 0.301081
9 0.403906 0.692361 0.0390625 0.145833 0.30967
10 0.00898437 0.265278 0.0164062 0.141667 0.320524
10 0.534375 0.356944 0.015625 0.0416667 0.370118
10 0.618359 0.715972 0.0320312 0.0902778 0.372057
4 0.533984 0.202778 0.0148437 0.0527778 0.378782
11 0.590234 0.808333 0.0445312 0.152778 0.40405
4 0.396484 0.0375 0.0195312 0.0722222 0.481983
4 0.419531 0.01875 0.0171875 0.0375 0.596754
10 0.397656 0.353472 0.015625 0.0513889 0.612277
10 0.530859 0.776389 0.0304688 0.0944444 0.678983
4 0.450391 0.109028 0.0148437 0.0486111 0.680584
4 0.451172 0.156944 0.0164062 0.05 0.69912
4 0.560938 0.104861 0.015625 0.0541667 0.708813
4 0.844531 0.885417 0.0234375 0.0402778 0.72791
11 0.489844 0.754861 0.0359375 0.123611 0.741082
4 0.587891 0.107639 0.0164062 0.0513889 0.753707
4 0.396094 0.109722 0.015625 0.0472222 0.788021
4 0.423438 0.106944 0.015625 0.0527778 0.804493
4 0.533203 0.109722 0.0148437 0.0555556 0.831545
3 0.964453 0.495139 0.0664062 0.195833 0.900263
