11 0.527734 0.770833 0.0351562 0.113889 0.264182
10 0.417969 0.711111 0.0375 0.136111 0.269348
10 0.520312 0.663889 0.03125 0.113889 0.272533
10 0.505859 0.254167 0.0148437 0.0361111 0.279054
1 0.533203 0.1125 0.0148437 0.0527778 0.28338
10 0.418359 0.0166667 0.0164062 0.0333333 0.284069
6 0.723047 0.0222222 0.0367187 0.0388889 0.288611
7 0.970312 0.0861111 0.046875 0.141667 0.291721
4 0.945312 0.931944 0.0234375 0.0444444 0.299678
11 0.593359 0.803472 0.0460938 0.156944 0.302949
3 0.665625 0.254861 0.0609375 0.168056 0.313881
10 0.396484 0.0451389 0.0179687 0.0597222 0.31551
4 0.751562 0.919444 0.0203125 0.0472222 0.321512
10 0.574609 0.706944 0.0382813 0.122222 0.329912
10 0.507031 0.745139 0.028125 0.0958333 0.331628
5 0.758203 0.215278 0.0414063 0.130556 0.336195
10 0.423047 0.357639 0.0132813 0.0458333 0.409191
4 0.397266 0.0652778 0.0164062 0.111111 0.418371
4 0.844531 0.884722 0.025 0.0388889 0.432018
4 0.532812 0.0458333 0.015625 0.0583333 0.450522
10 0.477344 0.377778 0.01875 0.0777778 0.481696
10 0.396484 0.354861 0.0148437 0.0513889 0.522141
4 0.505469 0.20625 0.0140625 0.0402778 0.525397
1 0.476562 0.0395833 0.0203125 0.0625 0.546868
11 0.647266 0.726389 0.0445312 0.141667 0.562028
4 0.560547 0.0555556 0.0179687 0.0388889 0.583133
8 0.593359 0.800694 0.0476562 0.156944 0.583641
10 0.450391 0.155556 0.0148437 0.0444444 0.59958
11 0.574609 0.70625 0.0382813 0.126389 0.636417
4 0.449609 0.108333 0.0148437 0.0472222 0.696566
1 0.533203 0.131944 0.0179687 0.0805556 0.725892
4 0.560156 0.109028 0.0140625 0.0486111 0.79662
4 0.423047 0.107639 0.0164062 0.0513889 0.82318
4 0.477344 0.109722 0.015625 0.05 0.833047
4 0.5875 0.108333 0.015625 0.0472222 0.837585
4 0.395703 0.111806 0.0148437 0.0486111 0.850829
