4 0.560156 0.0576389 0.01875 0.0458333 0.253568
4 0.397656 0.08125 0.015625 0.0958333 0.259286
7 0.454688 0.734028 0.0421875 0.165278 0.259403
4 0.751953 0.919444 0.0210938 0.0472222 0.261579
4 0.412109 0.01875 0.0164062 0.0347222 0.264894
1 0.114063 0.950694 0.059375 0.0986111 0.271914
4 0.396875 0.0527778 0.0171875 0.0611111 0.287935
6 0.9125 0.929861 0.0296875 0.0569444 0.296354
8 0.596094 0.809722 0.0453125 0.158333 0.303822
1 0.533984 0.121528 0.0164062 0.0708333 0.316565
10 0.424219 0.358333 0.0140625 0.0416667 0.320814
11 0.249219 0.881944 0.0640625 0.177778 0.349845
3 0.507812 0.35625 0.0203125 0.0458333 0.380683
4 0.848047 0.794444 0.0460938 0.102778 0.385472
6 0.939453 0.932639 0.0335938 0.0458333 0.386991
11 0.533984 0.771528 0.0351562 0.1125 0.393668
3 0.811719 0.554167 0.0515625 0.169444 0.39929
10 0.221484 0.358333 0.0242187 0.0861111 0.405838
10 0.533984 0.358333 0.0148437 0.0416667 0.429036
7 0.494531 0.756944 0.0375 0.127778 0.436696
10 0.397656 0.355556 0.015625 0.05 0.466944
9 0.406641 0.697222 0.0398437 0.15 0.468655
4 0.419141 0.0194444 0.0164062 0.0361111 0.478104
4 0.533984 0.203472 0.0148437 0.0486111 0.484741
11 0.594531 0.807639 0.0453125 0.151389 0.511348
4 0.944531 0.934722 0.028125 0.0472222 0.591437
4 0.451953 0.158333 0.0164062 0.0472222 0.671256
6 0.979297 0.940972 0.0320312 0.0541667 0.676983
4 0.560938 0.107639 0.015625 0.0486111 0.7017
4 0.450391 0.107639 0.0148437 0.0458333 0.767606
4 0.423438 0.106944 0.015625 0.0527778 0.779588
4 0.396484 0.111111 0.0148437 0.05 0.791754
4 0.5875 0.109028 0.015625 0.0513889 0.792011
11 0.494922 0.756944 0.0351562 0.133333 0.822935
4 0.533594 0.109722 0.0140625 0.0527778 0.828788
