4 0.50625 0.0576389 0.01875 0.0569444 0.259419
3 0.713281 0.10625 0.0484375 0.170833 0.264045
2 0.657422 0.254861 0.0648438 0.176389 0.264704
11 0.526172 0.7625 0.0351562 0.127778 0.266659
3 0.505859 0.254861 0.0179687 0.0458333 0.284727
10 0.423438 0.358333 0.0125 0.0472222 0.286904
10 0.231641 0.864583 0.0414063 0.145833 0.298174
3 0.533984 0.153472 0.0195312 0.0458333 0.298178
3 0.758203 0.05625 0.0242187 0.106944 0.322102
4 0.417578 0.0194444 0.0179687 0.0361111 0.324654
10 0.414453 0.718056 0.0445312 0.158333 0.335763
4 0.451172 0.157639 0.0164062 0.0486111 0.481147
4 0.45 0.106944 0.015625 0.05 0.505339
4 0.397266 0.05625 0.0179687 0.0986111 0.515533
10 0.396875 0.354861 0.015625 0.0569444 0.51994
8 0.586328 0.808333 0.0398437 0.147222 0.542657
10 0.526953 0.759028 0.0335938 0.131944 0.54375
4 0.560547 0.107639 0.0148437 0.0486111 0.706721
4 0.396094 0.110417 0.015625 0.0486111 0.76021
4 0.5875 0.109722 0.015625 0.05 0.791353
4 0.423438 0.107639 0.015625 0.0513889 0.791579
4 0.533203 0.111806 0.0148437 0.0541667 0.806751
