10 0.00859375 0.24375 0.015625 0.151389 0.258652
4 0.559766 0.0576389 0.0195312 0.0458333 0.278188
4 0.745703 0.921528 0.0210938 0.0486111 0.29395
7 0.645312 0.725694 0.0390625 0.134722 0.301321
10 0.417188 0.0173611 0.015625 0.0347222 0.315652
11 0.590625 0.804167 0.04375 0.152778 0.318288
4 0.397656 0.0680556 0.0171875 0.111111 0.379487
10 0.528906 0.775 0.03125 0.0916667 0.388333
1 0.476172 0.0465278 0.0195312 0.0513889 0.425218
4 0.942578 0.930556 0.0242187 0.0472222 0.442332
10 0.424219 0.355556 0.0140625 0.05 0.461141
1 0.652344 0.24375 0.0578125 0.204167 0.480483
11 0.639844 0.729167 0.0421875 0.138889 0.5128
1 0.963672 0.106944 0.0523437 0.169444 0.53945
4 0.844531 0.884028 0.025 0.0375 0.543072
4 0.506641 0.0583333 0.0179687 0.05 0.654348
1 0.533594 0.129167 0.01875 0.0805556 0.656063
4 0.532812 0.111806 0.015625 0.0541667 0.661056
10 0.477734 0.377778 0.0179687 0.0722222 0.672828
7 0.292578 0.355556 0.0554687 0.180556 0.683915
1 0.708984 0.115278 0.0539063 0.197222 0.727563
4 0.560547 0.108333 0.0148437 0.05 0.730449
4 0.450391 0.157639 0.0164062 0.0486111 0.759715
8 0.589844 0.807639 0.0421875 0.148611 0.761022
4 0.45 0.108333 0.015625 0.0472222 0.766442
4 0.5875 0.109722 0.015625 0.05 0.795954
4 0.396094 0.111111 0.015625 0.05 0.825269
4 0.423438 0.109028 0.015625 0.0486111 0.854405
