10 0.415625 0.717361 0.0453125 0.156944 0.261075
4 0.412109 0.0208333 0.0179687 0.0416667 0.277789
1 0.789844 0.565278 0.0609375 0.133333 0.290485
1 0.533984 0.125 0.0179687 0.0722222 0.296222
3 0.657422 0.254167 0.0648438 0.180556 0.296929
10 0.232422 0.863194 0.0414063 0.145833 0.320702
4 0.45 0.0625 0.015625 0.0638889 0.331296
3 0.760938 0.0527778 0.0234375 0.0916667 0.360288
10 0.423438 0.357639 0.0125 0.0458333 0.362837
10 0.397266 0.354861 0.0148437 0.0541667 0.36974
3 0.451172 0.157639 0.0164062 0.0486111 0.394236
4 0.417578 0.0194444 0.0179687 0.0361111 0.410632
4 0.451172 0.157639 0.0164062 0.0486111 0.424755
10 0.527734 0.756944 0.0335938 0.130556 0.488348
4 0.450391 0.106944 0.0164062 0.05 0.570485
4 0.397266 0.0520833 0.0179687 0.0930556 0.589042
4 0.560547 0.107639 0.0148437 0.0486111 0.705557
8 0.587891 0.808333 0.0398437 0.147222 0.71999
4 0.533203 0.111806 0.0148437 0.0541667 0.750709
4 0.396094 0.110417 0.015625 0.0458333 0.787272
4 0.5875 0.109028 0.015625 0.0486111 0.789375
4 0.423438 0.107639 0.015625 0.0513889 0.804533
