4 0.397656 0.08125 0.015625 0.0958333 0.259767
10 0.581641 0.708333 0.0335938 0.105556 0.262542
7 0.454688 0.733333 0.0421875 0.163889 0.263128
4 0.412109 0.01875 0.0164062 0.0347222 0.263308
4 0.560156 0.0576389 0.01875 0.0458333 0.276214
4 0.396875 0.0527778 0.0171875 0.0611111 0.279204
1 0.114063 0.950694 0.059375 0.0986111 0.280776
8 0.596094 0.809722 0.0453125 0.158333 0.285982
1 0.655078 0.24375 0.0648438 0.195833 0.311935
10 0.424219 0.358333 0.0140625 0.0416667 0.31869
11 0.533984 0.771528 0.0351562 0.1125 0.343662
11 0.249609 0.881944 0.0648438 0.177778 0.345461
1 0.533984 0.121528 0.0164062 0.0708333 0.352947
3 0.508203 0.35625 0.0210938 0.0458333 0.370949
7 0.494531 0.75625 0.0375 0.129167 0.414557
4 0.840625 0.884028 0.03125 0.0319444 0.430005
10 0.221484 0.358333 0.0242187 0.0861111 0.430538
10 0.533984 0.358333 0.0148437 0.0416667 0.432949
9 0.406641 0.696528 0.0398437 0.148611 0.460431
10 0.397656 0.355556 0.015625 0.05 0.467787
4 0.419141 0.0194444 0.0164062 0.0361111 0.481522
4 0.534375 0.203472 0.015625 0.0486111 0.485249
11 0.594141 0.808333 0.0460938 0.15 0.507951
1 0.7875 0.550694 0.05 0.159722 0.516667
4 0.451953 0.158333 0.0164062 0.0472222 0.667569
4 0.560938 0.107639 0.015625 0.0486111 0.708665
4 0.450391 0.107639 0.0148437 0.0458333 0.770082
4 0.423438 0.106944 0.015625 0.0527778 0.780687
4 0.396484 0.111111 0.0148437 0.05 0.791622
4 0.5875 0.108333 0.015625 0.05 0.807672
11 0.494922 0.756944 0.0351562 0.133333 0.821534
4 0.533594 0.109722 0.0140625 0.0527778 0.828547
