4 0.449609 0.0819444 0.0179687 0.0833333 0.250919
4 0.534766 0.0486111 0.0132813 0.05 0.255732
4 0.685156 0.0243056 0.015625 0.0430556 0.256338
4 0.50625 0.206944 0.0140625 0.0388889 0.268095
6 0.720312 0.0270833 0.040625 0.0458333 0.270348
3 0.45 0.15625 0.01875 0.0458333 0.312317
4 0.944531 0.931944 0.0234375 0.0444444 0.312543
3 0.662109 0.25 0.0679687 0.186111 0.377491
10 0.50625 0.255556 0.015625 0.0388889 0.385984
4 0.397656 0.0597222 0.0171875 0.102778 0.428005
1 0.560547 0.102778 0.0179687 0.0555556 0.429494
1 0.761719 0.218056 0.05 0.155556 0.438239
4 0.560156 0.0576389 0.0171875 0.0430556 0.43849
10 0.423828 0.379167 0.0226563 0.0944444 0.454805
4 0.587891 0.05625 0.0179687 0.0430556 0.502659
4 0.505859 0.0472222 0.0164062 0.0583333 0.503722
11 0.647266 0.727778 0.0398437 0.133333 0.512341
8 0.477734 0.376389 0.0210938 0.0833333 0.553456
1 0.960156 0.101389 0.053125 0.163889 0.566623
10 0.477734 0.375 0.0195312 0.0805556 0.567381
4 0.45 0.111806 0.015625 0.0513889 0.661162
1 0.836328 0.602083 0.0523437 0.176389 0.738412
4 0.560938 0.109722 0.015625 0.05 0.747497
10 0.533594 0.384722 0.0203125 0.0694444 0.801377
4 0.396094 0.111111 0.015625 0.0472222 0.808038
4 0.5875 0.109028 0.0171875 0.0513889 0.816145
4 0.423438 0.109028 0.015625 0.0486111 0.819107
4 0.533594 0.110417 0.015625 0.0486111 0.866892
4 0.477734 0.109028 0.0164062 0.0513889 0.875688
