1 0.657812 0.268056 0.0609375 0.163889 0.254908
10 0.534375 0.240972 0.015625 0.0625 0.257789
4 0.945703 0.932639 0.0257812 0.0430556 0.269227
10 0.533984 0.358333 0.0148437 0.0416667 0.335683
4 0.844922 0.884722 0.0257812 0.0388889 0.350995
11 0.454297 0.74375 0.0367187 0.140278 0.376293
10 0.424219 0.356944 0.0140625 0.0416667 0.387947
4 0.533594 0.203472 0.015625 0.0486111 0.398262
8 0.59375 0.809722 0.0421875 0.155556 0.403087
3 0.507812 0.355556 0.0203125 0.0472222 0.410951
7 0.492188 0.757639 0.0328125 0.118056 0.420141
4 0.396094 0.0506944 0.0171875 0.0652778 0.428012
4 0.560547 0.0569444 0.0179687 0.0416667 0.463976
3 0.885938 0.260417 0.0640625 0.201389 0.47864
9 0.404297 0.693056 0.0398437 0.152778 0.480164
3 0.659375 0.266667 0.0609375 0.166667 0.491656
1 0.965234 0.103472 0.0539063 0.159722 0.495065
1 0.533594 0.127083 0.0171875 0.0708333 0.512651
10 0.396875 0.353472 0.015625 0.0486111 0.55189
4 0.451562 0.156944 0.015625 0.0472222 0.572226
11 0.491797 0.754167 0.0335938 0.122222 0.619374
3 0.980078 0.271528 0.0382813 0.154167 0.668263
11 0.591797 0.808333 0.0429688 0.15 0.672094
4 0.560547 0.107639 0.0148437 0.0486111 0.701275
4 0.45 0.108333 0.0140625 0.0472222 0.702358
4 0.533594 0.109722 0.0140625 0.0527778 0.741051
4 0.395703 0.110417 0.0148437 0.0458333 0.786341
4 0.423438 0.107639 0.0140625 0.0486111 0.801242
4 0.587891 0.109028 0.0148437 0.0486111 0.820319
