10 0.449609 0.347917 0.0179687 0.0513889 0.257487
3 0.649609 0.24375 0.0539063 0.195833 0.270856
4 0.944922 0.932639 0.0257812 0.0430556 0.305871
3 0.767969 0.171528 0.0515625 0.190278 0.319706
4 0.844922 0.884722 0.0257812 0.0388889 0.376178
1 0.648438 0.240278 0.0515625 0.194444 0.378707
10 0.469141 0.645139 0.0273438 0.0819444 0.394668
10 0.603906 0.697917 0.0328125 0.129167 0.395215
4 0.423438 0.205556 0.0125 0.0444444 0.443771
10 0.21875 0.356944 0.0203125 0.0833333 0.45691
10 0.436719 0.704167 0.0390625 0.130556 0.483725
10 0.396875 0.352778 0.015625 0.05 0.500604
3 0.770703 0.0729167 0.0382813 0.131944 0.570819
4 0.505078 0.0597222 0.0179687 0.0472222 0.596502
11 0.651563 0.726389 0.03125 0.0944444 0.620361
11 0.591406 0.804861 0.046875 0.156944 0.689112
4 0.560156 0.107639 0.015625 0.0486111 0.719624
4 0.45 0.107639 0.0140625 0.0486111 0.741145
4 0.586719 0.109028 0.015625 0.0513889 0.747823
4 0.451172 0.157639 0.0148437 0.0486111 0.761642
4 0.395703 0.158333 0.0148437 0.0527778 0.825193
4 0.533203 0.109028 0.0164062 0.0486111 0.870077
