8 0.594531 0.805556 0.046875 0.15 0.255085
10 0.41875 0.0173611 0.015625 0.0347222 0.258084
4 0.688281 0.0215278 0.021875 0.0375 0.260713
4 0.521875 0.668056 0.0265625 0.113889 0.289977
8 0.478125 0.378472 0.0203125 0.0819444 0.306571
1 0.477344 0.0423611 0.01875 0.0625 0.326479
4 0.45 0.0604167 0.0140625 0.0541667 0.338374
4 0.944531 0.931944 0.0234375 0.0444444 0.353002
10 0.423828 0.358333 0.0132813 0.0472222 0.358784
10 0.477344 0.377778 0.021875 0.0861111 0.389274
10 0.50625 0.251389 0.0140625 0.05 0.402425
6 0.724609 0.0263889 0.0335938 0.0472222 0.407072
4 0.397266 0.0631944 0.0164062 0.106944 0.445432
6 0.966406 0.109028 0.0546875 0.181944 0.503417
1 0.825 0.606944 0.05625 0.155556 0.547537
4 0.532812 0.0451389 0.015625 0.0625 0.585298
4 0.533203 0.1125 0.0148437 0.0555556 0.60373
1 0.533594 0.130556 0.0171875 0.0805556 0.629434
4 0.560938 0.05625 0.01875 0.0402778 0.641232
11 0.646875 0.729861 0.0453125 0.143056 0.654141
10 0.505859 0.202778 0.0164062 0.0388889 0.69697
4 0.450781 0.158333 0.015625 0.0472222 0.765633
4 0.45 0.107639 0.015625 0.0486111 0.76941
4 0.560547 0.109028 0.0148437 0.0486111 0.800209
4 0.5875 0.109028 0.015625 0.0486111 0.835782
4 0.423438 0.108333 0.015625 0.05 0.83646
4 0.395703 0.111111 0.0148437 0.0472222 0.838063
