6 0.758203 0.0423611 0.0242187 0.0763889 0.262085
10 0.423828 0.356944 0.0132813 0.0472222 0.266145
4 0.451562 0.13125 0.015625 0.0819444 0.266288
4 0.506641 0.0583333 0.0195312 0.0555556 0.270734
4 0.417969 0.0194444 0.0171875 0.0333333 0.282892
4 0.559766 0.0576389 0.0195312 0.0458333 0.304036
3 0.451172 0.157639 0.0179687 0.0513889 0.412742
1 0.759766 0.151389 0.0382813 0.136111 0.415359
4 0.397656 0.0611111 0.0171875 0.105556 0.417175
4 0.451562 0.157639 0.0171875 0.0513889 0.436158
3 0.657031 0.251389 0.0640625 0.175 0.463323
4 0.450781 0.0611111 0.015625 0.0527778 0.48477
1 0.533984 0.131944 0.0179687 0.0777778 0.506834
11 0.646484 0.720139 0.0335938 0.115278 0.531887
10 0.397266 0.354167 0.0164062 0.0555556 0.562942
4 0.844922 0.884028 0.0257812 0.0402778 0.571628
4 0.450391 0.107639 0.0164062 0.0513889 0.672069
10 0.529688 0.777778 0.0296875 0.0888889 0.715196
4 0.533203 0.111806 0.0164062 0.0541667 0.759112
8 0.589063 0.808333 0.0421875 0.147222 0.778441
4 0.560938 0.109028 0.015625 0.0513889 0.786199
4 0.587109 0.109722 0.0164062 0.05 0.806778
4 0.423438 0.107639 0.015625 0.0513889 0.818009
4 0.396094 0.109722 0.015625 0.0472222 0.824478
