4 0.417188 0.01875 0.0171875 0.0319444 0.28461
10 0.534766 0.241667 0.0164062 0.0638889 0.294495
4 0.683203 0.0291667 0.0195312 0.0472222 0.298718
1 0.474609 0.0194444 0.0210938 0.0277778 0.308391
4 0.560156 0.0569444 0.01875 0.0416667 0.341171
10 0.397266 0.354167 0.0164062 0.0527778 0.388704
8 0.589063 0.809028 0.04375 0.148611 0.428166
1 0.534375 0.123611 0.0171875 0.0722222 0.435018
4 0.397266 0.0527778 0.0164062 0.0916667 0.537053
4 0.451953 0.158333 0.0164062 0.0472222 0.639172
4 0.450391 0.108333 0.0148437 0.0472222 0.692375
4 0.560938 0.106944 0.015625 0.05 0.719616
11 0.488281 0.754167 0.0375 0.125 0.746557
4 0.533594 0.110417 0.015625 0.0541667 0.746705
1 0.825391 0.594444 0.0507812 0.130556 0.761094
10 0.529297 0.778472 0.0289063 0.0902778 0.769364
4 0.396484 0.110417 0.0148437 0.0458333 0.769707
4 0.423828 0.107639 0.0148437 0.0513889 0.802961
4 0.587891 0.109028 0.0164062 0.0513889 0.810934
