4 0.941797 0.929861 0.0289063 0.0486111 0.261927
11 0.603906 0.782639 0.05 0.173611 0.273828
5 0.121484 0.947917 0.0523437 0.104167 0.286476
4 0.678906 0.0263889 0.0171875 0.0444444 0.305895
10 0.423828 0.358333 0.0132813 0.0472222 0.319224
3 0.533203 0.152778 0.0210938 0.0555556 0.331629
4 0.533594 0.135417 0.01875 0.0930556 0.331686
1 0.710547 0.110417 0.0492188 0.179167 0.333911
4 0.416406 0.01875 0.0171875 0.0375 0.34536
4 0.450391 0.0604167 0.0164062 0.0541667 0.393874
4 0.845703 0.8875 0.0273438 0.0444444 0.406999
7 0.646094 0.721528 0.0328125 0.118056 0.40962
2 0.658203 0.253472 0.0632813 0.179167 0.429098
4 0.505859 0.0576389 0.0195312 0.0569444 0.471628
4 0.397266 0.0604167 0.0179687 0.106944 0.481734
10 0.397266 0.354167 0.0148437 0.0555556 0.502109
1 0.533594 0.131944 0.01875 0.0805556 0.507316
11 0.644922 0.722917 0.0351562 0.118056 0.552958
11 0.587109 0.808333 0.0429688 0.147222 0.632237
4 0.451172 0.158333 0.0179687 0.05 0.638329
10 0.528125 0.779167 0.0296875 0.0888889 0.680388
4 0.450391 0.109028 0.0164062 0.0513889 0.689319
4 0.560547 0.108333 0.0164062 0.0527778 0.727584
4 0.533203 0.111806 0.0164062 0.0541667 0.795008
4 0.5875 0.109722 0.0171875 0.0527778 0.806236
4 0.395703 0.109722 0.0164062 0.0472222 0.817318
4 0.423438 0.108333 0.015625 0.0527778 0.830818
