1 0.790625 0.158333 0.028125 0.0888889 0.263648
11 0.648438 0.723611 0.040625 0.125 0.270558
4 0.944922 0.931944 0.0242187 0.0444444 0.279871
6 0.976562 0.0347222 0.04375 0.0583333 0.290041
4 0.50625 0.211806 0.015625 0.0597222 0.293833
10 0.505859 0.253472 0.0148437 0.0402778 0.29421
10 0.533984 0.35625 0.0148437 0.0458333 0.302555
3 0.45 0.154861 0.01875 0.0458333 0.309408
6 0.733984 0.508333 0.0648438 0.158333 0.313619
10 0.560938 0.354167 0.015625 0.0527778 0.314135
11 0.324219 0.613889 0.0578125 0.177778 0.327298
10 0.396484 0.0444444 0.0179687 0.0583333 0.328785
10 0.476953 0.379861 0.0179687 0.0736111 0.333764
10 0.422656 0.201389 0.0140625 0.0472222 0.338144
10 0.423828 0.35625 0.0148437 0.0513889 0.354147
3 0.832422 0.202083 0.0601562 0.170833 0.359854
4 0.587891 0.0576389 0.0179687 0.0458333 0.360641
1 0.703906 0.110417 0.0546875 0.184722 0.366175
10 0.419922 0.0173611 0.0164062 0.0347222 0.377363
1 0.450391 0.156944 0.0179687 0.0444444 0.377797
10 0.396875 0.354861 0.015625 0.0541667 0.412222
10 0.611719 0.795139 0.0359375 0.115278 0.414376
7 0.652344 0.720833 0.0390625 0.125 0.428763
7 0.323828 0.614583 0.0664062 0.193056 0.439231
4 0.396875 0.0597222 0.0171875 0.1 0.454368
1 0.966016 0.0861111 0.0585938 0.141667 0.493445
4 0.844531 0.885417 0.025 0.0402778 0.525999
1 0.533594 0.133333 0.01875 0.075 0.563275
4 0.533594 0.1125 0.015625 0.05 0.582855
4 0.45 0.1125 0.015625 0.05 0.596824
3 0.842969 0.588194 0.0578125 0.145833 0.693647
4 0.395703 0.111111 0.0148437 0.05 0.795241
4 0.587891 0.108333 0.0164062 0.05 0.803593
4 0.561328 0.109722 0.0148437 0.0472222 0.824876
4 0.423438 0.107639 0.015625 0.0486111 0.826708
4 0.477734 0.109722 0.0164062 0.05 0.877738
