8 0.592578 0.809722 0.0414063 0.158333 0.259683
1 0.533984 0.204167 0.0179687 0.0527778 0.265863
6 0.0386719 0.916667 0.0414063 0.102778 0.269003
10 0.521484 0.713889 0.0289063 0.0916667 0.289787
3 0.508594 0.352083 0.0203125 0.0486111 0.299137
1 0.473047 0.0208333 0.0210938 0.0277778 0.311557
11 0.232031 0.870833 0.05625 0.175 0.32102
9 0.404687 0.695139 0.0421875 0.148611 0.325066
4 0.397266 0.0638889 0.0164062 0.111111 0.337758
1 0.477344 0.201389 0.0171875 0.0472222 0.345342
11 0.254297 0.890278 0.0679687 0.169444 0.346867
6 0.762109 0.0597222 0.0304688 0.105556 0.364625
4 0.560156 0.0583333 0.01875 0.0472222 0.366958
4 0.423828 0.20625 0.0132813 0.0458333 0.395274
3 0.761328 0.0576389 0.0304688 0.104167 0.448221
6 0.721875 0.0256944 0.0296875 0.0430556 0.476436
11 0.590625 0.807639 0.04375 0.151389 0.477863
4 0.844141 0.883333 0.0242187 0.0388889 0.553883
10 0.397266 0.354167 0.0164062 0.05 0.586569
4 0.450781 0.161111 0.0140625 0.0472222 0.626426
1 0.784375 0.567361 0.0578125 0.126389 0.626578
3 0.976172 0.2875 0.0476562 0.163889 0.646861
4 0.560938 0.106944 0.015625 0.05 0.683323
4 0.45 0.109028 0.0140625 0.0513889 0.714596
11 0.491016 0.757639 0.0351562 0.126389 0.745848
4 0.396094 0.109722 0.015625 0.05 0.799397
4 0.5875 0.109722 0.015625 0.05 0.816037
4 0.533984 0.109028 0.0148437 0.0486111 0.824763
