4 0.559766 0.0576389 0.0179687 0.0458333 0.262698
4 0.944531 0.931944 0.025 0.0444444 0.266324
3 0.972266 0.288889 0.0507812 0.180556 0.297405
3 0.768359 0.170833 0.0507812 0.183333 0.328822
4 0.844922 0.885417 0.0257812 0.0402778 0.363236
4 0.451172 0.15625 0.0148437 0.0486111 0.368928
4 0.423438 0.205556 0.0125 0.0416667 0.369693
10 0.491016 0.759028 0.0351562 0.120833 0.392496
11 0.234375 0.88125 0.059375 0.176389 0.407254
10 0.397266 0.354167 0.0148437 0.05 0.412702
3 0.661719 0.260417 0.0625 0.1625 0.412988
3 0.505859 0.0604167 0.0179687 0.0458333 0.416529
10 0.605859 0.709028 0.0335938 0.134722 0.424221
3 0.774609 0.0770833 0.0398437 0.1375 0.532119
10 0.470703 0.645139 0.0273438 0.0819444 0.563135
8 0.591016 0.808333 0.0445312 0.152778 0.571274
10 0.218359 0.359028 0.0195312 0.0847222 0.616561
4 0.560547 0.109722 0.0148437 0.0472222 0.710213
4 0.450391 0.110417 0.0148437 0.0513889 0.71915
4 0.395703 0.158333 0.0148437 0.0527778 0.83988
4 0.5875 0.109028 0.015625 0.0486111 0.843149
4 0.533984 0.109722 0.0148437 0.0472222 0.884125
