4 0.473828 0.0194444 0.0179687 0.0277778 0.252309
11 0.617969 0.760417 0.034375 0.129167 0.263287
10 0.423438 0.357639 0.0125 0.0486111 0.273143
4 0.944922 0.931944 0.0257812 0.0444444 0.279487
4 0.411328 0.0194444 0.0164062 0.0388889 0.295432
10 0.0078125 0.244444 0.015625 0.147222 0.295725
3 0.757031 0.0631944 0.028125 0.1125 0.30291
3 0.533203 0.152778 0.0210938 0.0555556 0.375221
4 0.417578 0.0194444 0.0164062 0.0333333 0.406235
4 0.450781 0.0611111 0.015625 0.0527778 0.418496
6 0.758594 0.0444444 0.025 0.0777778 0.420878
1 0.758203 0.151389 0.0367187 0.138889 0.421423
4 0.505859 0.0583333 0.0195312 0.0555556 0.43005
4 0.844922 0.884722 0.0257812 0.0416667 0.430797
1 0.533594 0.131944 0.01875 0.0805556 0.511957
10 0.397266 0.354167 0.0148437 0.0555556 0.512162
11 0.646094 0.721528 0.0328125 0.118056 0.525478
4 0.397266 0.0555556 0.0179687 0.0972222 0.537606
4 0.451172 0.158333 0.0164062 0.05 0.53766
8 0.588672 0.809028 0.0429688 0.145833 0.626937
10 0.529688 0.778472 0.0296875 0.0902778 0.691739
4 0.560547 0.109028 0.0164062 0.0513889 0.708705
4 0.450391 0.108333 0.0164062 0.05 0.710111
4 0.533203 0.111806 0.0164062 0.0541667 0.790937
4 0.5875 0.110417 0.0171875 0.0513889 0.795135
4 0.396094 0.109722 0.015625 0.0472222 0.815849
4 0.423438 0.107639 0.015625 0.0513889 0.830781
