4 0.941797 0.930556 0.0289063 0.0472222 0.250014
4 0.560547 0.0576389 0.0179687 0.0458333 0.263299
1 0.534766 0.204167 0.0179687 0.05 0.277072
1 0.451172 0.159722 0.0148437 0.0444444 0.309516
10 0.517578 0.676389 0.0289063 0.1 0.31772
4 0.451172 0.15625 0.0148437 0.0486111 0.32038
10 0.602734 0.706944 0.0335938 0.144444 0.327423
9 0.408203 0.666667 0.0398437 0.144444 0.338006
4 0.845312 0.884722 0.0265625 0.0388889 0.339814
1 0.660937 0.259028 0.0625 0.165278 0.368338
10 0.396875 0.354167 0.0140625 0.05 0.381203
1 0.222656 0.0826389 0.0265625 0.120833 0.390551
3 0.50625 0.0604167 0.0171875 0.0458333 0.407247
4 0.423438 0.205556 0.0125 0.0416667 0.410633
11 0.231641 0.877083 0.0570313 0.168056 0.421641
11 0.435156 0.708333 0.034375 0.116667 0.45643
11 0.590234 0.80625 0.0460938 0.154167 0.496063
10 0.219141 0.358333 0.0210938 0.0833333 0.498079
11 0.491016 0.758333 0.0320312 0.119444 0.581586
10 0.490625 0.758333 0.0328125 0.119444 0.634118
4 0.560938 0.109722 0.015625 0.0472222 0.702878
4 0.450391 0.109722 0.0148437 0.05 0.745978
4 0.395703 0.158333 0.0148437 0.0527778 0.839502
4 0.5875 0.109722 0.015625 0.0472222 0.860968
4 0.533984 0.109722 0.0148437 0.0472222 0.887611
