4 0.423438 0.2125 0.0140625 0.0694444 0.263057
10 0.605078 0.7 0.0335938 0.130556 0.272436
1 0.844141 0.886111 0.0273438 0.0388889 0.29149
4 0.945312 0.933333 0.028125 0.0416667 0.292913
8 0.591406 0.810417 0.0421875 0.156944 0.306954
10 0.457422 0.749306 0.0351562 0.115278 0.313311
4 0.45 0.100694 0.0171875 0.0486111 0.313715
12 0.199609 0.852083 0.0445312 0.104167 0.315608
10 0.397266 0.353472 0.0148437 0.0513889 0.338754
4 0.746484 0.920833 0.0226563 0.0472222 0.344236
6 0.0492188 0.927083 0.053125 0.101389 0.394654
11 0.589844 0.809028 0.0453125 0.151389 0.398698
3 0.777344 0.0534722 0.0359375 0.0986111 0.418494
3 0.983984 0.277778 0.0320312 0.163889 0.44786
4 0.683594 0.0277778 0.01875 0.0444444 0.458952
10 0.492578 0.754861 0.0351562 0.118056 0.519129
4 0.560547 0.106944 0.0148437 0.0472222 0.643854
4 0.451172 0.15625 0.0148437 0.0513889 0.672301
4 0.586719 0.109028 0.0140625 0.0513889 0.760668
1 0.792969 0.535417 0.0515625 0.168056 0.796091
4 0.396094 0.156944 0.0140625 0.0527778 0.807467
4 0.533594 0.109028 0.0140625 0.0486111 0.846811
