11 0.436328 0.706944 0.0382813 0.125 0.251018
10 0.423828 0.355556 0.0132813 0.0444444 0.252127
6 0.0507812 0.927778 0.04375 0.102778 0.258842
4 0.603516 0.696528 0.0320312 0.126389 0.273783
4 0.942187 0.929861 0.0265625 0.0486111 0.335162
4 0.844922 0.885417 0.0273438 0.0402778 0.355709
10 0.602734 0.702083 0.0320312 0.140278 0.373942
4 0.423438 0.204861 0.0125 0.0430556 0.387662
10 0.21875 0.357639 0.0203125 0.0819444 0.402505
4 0.560547 0.0569444 0.0179687 0.0444444 0.413115
9 0.462891 0.634028 0.0414063 0.1375 0.425734
10 0.397266 0.353472 0.0148437 0.0513889 0.429468
3 0.661328 0.261806 0.0632813 0.165278 0.510173
11 0.232812 0.880556 0.0546875 0.175 0.52533
10 0.436328 0.70625 0.0367187 0.123611 0.579617
4 0.451172 0.156944 0.0148437 0.0472222 0.592808
8 0.590625 0.806944 0.04375 0.155556 0.688183
4 0.45 0.109722 0.0140625 0.05 0.734755
4 0.560938 0.109722 0.015625 0.0472222 0.741945
4 0.395703 0.158333 0.0148437 0.0527778 0.810574
4 0.5875 0.109722 0.015625 0.0472222 0.84205
4 0.533594 0.109722 0.015625 0.0472222 0.878998
