10 0.554297 0.6875 0.0226563 0.0777778 0.250088
3 0.507812 0.351389 0.0203125 0.0472222 0.274542
4 0.417969 0.01875 0.0171875 0.0319444 0.280296
1 0.473047 0.0208333 0.0210938 0.0277778 0.31521
10 0.520703 0.7125 0.0273438 0.0916667 0.328294
10 0.419141 0.0180556 0.0164062 0.0361111 0.340497
6 0.759375 0.0493056 0.0265625 0.0902778 0.350758
1 0.477734 0.201389 0.0164062 0.0472222 0.352418
4 0.423438 0.206944 0.0140625 0.0472222 0.460243
4 0.844531 0.884722 0.025 0.0388889 0.482765
4 0.396484 0.0555556 0.0164062 0.0944444 0.4917
6 0.723828 0.0243056 0.0304688 0.0430556 0.607444
8 0.588672 0.806944 0.0398437 0.147222 0.639598
11 0.489844 0.753472 0.034375 0.126389 0.698703
4 0.450781 0.160417 0.015625 0.0486111 0.717083
4 0.560547 0.106944 0.0164062 0.05 0.72509
4 0.450391 0.109722 0.0148437 0.05 0.735161
4 0.396094 0.110417 0.0140625 0.0486111 0.778005
4 0.587891 0.109722 0.0164062 0.05 0.825601
4 0.533594 0.109028 0.0140625 0.0486111 0.865096
