10 0.232031 0.8625 0.04375 0.15 0.253019
1 0.50625 0.0583333 0.0171875 0.0527778 0.253834
4 0.942578 0.929861 0.0257812 0.0486111 0.27056
7 0.644922 0.727083 0.0398437 0.131944 0.271473
11 0.590625 0.804167 0.04375 0.152778 0.31251
4 0.45 0.0604167 0.0140625 0.0513889 0.362432
9 0.699219 0.624306 0.04375 0.140278 0.369201
1 0.860156 0.586806 0.0578125 0.143056 0.373759
1 0.963281 0.109028 0.0546875 0.173611 0.393812
10 0.420312 0.01875 0.015625 0.0375 0.397383
10 0.423438 0.356944 0.0125 0.0444444 0.40334
1 0.651563 0.241667 0.0578125 0.211111 0.415259
10 0.396875 0.354861 0.015625 0.0541667 0.450692
1 0.830859 0.584028 0.0539063 0.1375 0.463065
1 0.505859 0.254167 0.0179687 0.0444444 0.486961
1 0.476172 0.0479167 0.0179687 0.0513889 0.506365
4 0.507031 0.0590278 0.0171875 0.0486111 0.513634
4 0.419141 0.0194444 0.0164062 0.0361111 0.528592
1 0.706641 0.1125 0.0507812 0.188889 0.532499
4 0.397266 0.0569444 0.0164062 0.0972222 0.532846
11 0.641797 0.729861 0.0429688 0.1375 0.612299
7 0.291016 0.357639 0.0570313 0.184722 0.709259
4 0.844531 0.884722 0.0234375 0.0388889 0.717708
8 0.589453 0.807639 0.0429688 0.148611 0.718032
4 0.451172 0.157639 0.0164062 0.0486111 0.760398
4 0.560938 0.107639 0.015625 0.0486111 0.782699
4 0.45 0.108333 0.015625 0.0472222 0.812752
4 0.396094 0.111806 0.0140625 0.0486111 0.816608
4 0.5875 0.109722 0.015625 0.05 0.822932
4 0.423438 0.107639 0.015625 0.0486111 0.85137
4 0.533594 0.109722 0.015625 0.05 0.879779
