6 0.975 0.0368056 0.040625 0.0625 0.255555
4 0.423438 0.248611 0.0140625 0.05 0.259957
4 0.945312 0.931944 0.0234375 0.0444444 0.265305
10 0.520703 0.663194 0.0351562 0.1125 0.266896
4 0.45 0.0611111 0.0140625 0.0555556 0.267505
4 0.449609 0.0847222 0.0148437 0.0777778 0.2692
4 0.751953 0.920139 0.0195312 0.0486111 0.269455
1 0.476953 0.0416667 0.0179687 0.0638889 0.28918
11 0.592188 0.805556 0.046875 0.147222 0.325179
4 0.687109 0.0236111 0.0179687 0.0416667 0.374955
4 0.506641 0.209722 0.0148437 0.0527778 0.38105
10 0.397266 0.354861 0.0148437 0.0541667 0.389632
4 0.396484 0.0444444 0.0164062 0.0555556 0.401629
10 0.477344 0.377778 0.0203125 0.0805556 0.409525
10 0.423828 0.357639 0.0132813 0.0458333 0.418319
3 0.968359 0.115972 0.0507812 0.179167 0.420251
4 0.533203 0.1125 0.0148437 0.0555556 0.422197
4 0.532812 0.04375 0.015625 0.0625 0.449448
8 0.596484 0.803472 0.0460938 0.154167 0.477297
6 0.724609 0.025 0.0335938 0.0444444 0.495672
1 0.967188 0.10625 0.0515625 0.168056 0.543966
4 0.844531 0.885417 0.025 0.0402778 0.543973
4 0.560938 0.0555556 0.0171875 0.0388889 0.608446
4 0.451172 0.156944 0.0148437 0.0472222 0.623274
1 0.533984 0.130556 0.0179687 0.0805556 0.681857
11 0.648828 0.729167 0.0445312 0.138889 0.685852
4 0.450391 0.10625 0.0148437 0.0458333 0.754246
4 0.560547 0.109028 0.0148437 0.0486111 0.769019
4 0.423828 0.107639 0.0148437 0.0486111 0.820348
4 0.5875 0.109028 0.015625 0.0486111 0.83315
4 0.396094 0.111111 0.0140625 0.0472222 0.84307
