3 0.976562 0.280556 0.0453125 0.158333 0.25732
1 0.192578 0.845833 0.0492188 0.155556 0.265881
8 0.59375 0.807639 0.04375 0.159722 0.307476
10 0.410156 0.0201389 0.0171875 0.0375 0.316686
10 0.416797 0.0180556 0.0179687 0.0361111 0.31961
3 0.451172 0.157639 0.0179687 0.0513889 0.341337
4 0.844922 0.885417 0.0257812 0.0402778 0.349481
9 0.651953 0.717361 0.0320312 0.1125 0.378869
4 0.45 0.0618056 0.015625 0.0625 0.381007
3 0.9625 0.13125 0.05625 0.198611 0.387703
7 0.653516 0.715972 0.0320312 0.109722 0.411973
4 0.450781 0.158333 0.0171875 0.05 0.420962
4 0.397266 0.0604167 0.0164062 0.0986111 0.477897
11 0.592578 0.802083 0.0445312 0.154167 0.583656
4 0.50625 0.0583333 0.0203125 0.0527778 0.621751
10 0.397266 0.353472 0.0164062 0.0541667 0.625054
1 0.533984 0.130556 0.0195312 0.0833333 0.6504
4 0.45 0.108333 0.015625 0.05 0.688596
4 0.533203 0.1125 0.0164062 0.0555556 0.697892
4 0.560547 0.107639 0.0164062 0.0513889 0.750259
4 0.396094 0.110417 0.015625 0.0486111 0.784725
4 0.5875 0.109028 0.0171875 0.0513889 0.813626
4 0.423438 0.108333 0.015625 0.05 0.841229
