10 0.232031 0.861806 0.04375 0.151389 0.250311
4 0.942578 0.930556 0.0257812 0.0472222 0.26374
10 0.41875 0.0180556 0.015625 0.0361111 0.274279
4 0.45 0.0833333 0.015625 0.0777778 0.283439
11 0.590234 0.804167 0.0429688 0.152778 0.330759
4 0.45 0.0604167 0.0140625 0.0513889 0.336748
1 0.651172 0.246528 0.0570313 0.201389 0.341468
1 0.707031 0.110417 0.05 0.184722 0.379956
9 0.697656 0.631944 0.0375 0.125 0.385832
10 0.423438 0.356944 0.0125 0.0444444 0.419608
7 0.644141 0.726389 0.0398437 0.133333 0.439903
1 0.476562 0.0486111 0.01875 0.05 0.462739
4 0.418359 0.0194444 0.0164062 0.0333333 0.475084
10 0.396875 0.354861 0.015625 0.0541667 0.482611
4 0.507031 0.0597222 0.0171875 0.0472222 0.485479
4 0.396875 0.0555556 0.0171875 0.0972222 0.543615
7 0.289453 0.356944 0.0554687 0.183333 0.676445
11 0.641016 0.729861 0.0429688 0.1375 0.688365
4 0.844531 0.884028 0.0234375 0.0375 0.715034
4 0.451172 0.157639 0.0164062 0.0486111 0.764369
4 0.560938 0.107639 0.015625 0.0486111 0.786594
8 0.589453 0.806944 0.0429688 0.15 0.792172
4 0.45 0.108333 0.015625 0.0472222 0.813107
4 0.395703 0.111111 0.0148437 0.0472222 0.816974
4 0.5875 0.109028 0.015625 0.0486111 0.822232
4 0.423438 0.107639 0.015625 0.0486111 0.849642
4 0.533594 0.109722 0.015625 0.0472222 0.879804
