4 0.944922 0.932639 0.0242187 0.0430556 0.293013
1 0.708984 0.113889 0.0507812 0.186111 0.318894
5 0.122656 0.947917 0.053125 0.104167 0.328318
10 0.423828 0.358333 0.0132813 0.0472222 0.332342
3 0.532812 0.152083 0.0203125 0.0569444 0.332449
4 0.450781 0.0611111 0.015625 0.0555556 0.341418
2 0.658594 0.252778 0.065625 0.180556 0.37679
4 0.416797 0.01875 0.0164062 0.0375 0.413981
4 0.844531 0.884028 0.025 0.0402778 0.454506
11 0.644922 0.722917 0.0351562 0.115278 0.455584
7 0.646094 0.723611 0.034375 0.116667 0.461256
4 0.50625 0.0569444 0.01875 0.0583333 0.467124
4 0.396875 0.0409722 0.0203125 0.0736111 0.471229
10 0.396875 0.354167 0.015625 0.0555556 0.512148
1 0.533594 0.13125 0.01875 0.0819444 0.525252
11 0.585938 0.807639 0.04375 0.148611 0.578418
10 0.527734 0.779861 0.0289063 0.0902778 0.6018
4 0.450781 0.158333 0.0171875 0.05 0.619775
4 0.450391 0.109028 0.0164062 0.0513889 0.677026
4 0.560547 0.108333 0.0164062 0.0527778 0.70353
4 0.533203 0.111806 0.0164062 0.0541667 0.775489
4 0.5875 0.109722 0.0171875 0.0527778 0.79877
4 0.395703 0.109722 0.0164062 0.0472222 0.82219
4 0.423438 0.108333 0.015625 0.05 0.829169
