8 0.478125 0.378472 0.0203125 0.0819444 0.254617
4 0.688281 0.0215278 0.021875 0.0375 0.264116
10 0.418359 0.0173611 0.0164062 0.0347222 0.269316
8 0.594531 0.805556 0.046875 0.15 0.293365
1 0.477344 0.0423611 0.01875 0.0625 0.312092
4 0.521875 0.668056 0.0265625 0.113889 0.325447
4 0.944531 0.931944 0.0234375 0.0444444 0.345846
10 0.423828 0.357639 0.0132813 0.0458333 0.349213
4 0.45 0.0604167 0.0140625 0.0541667 0.353189
10 0.477344 0.377778 0.021875 0.0861111 0.398027
10 0.50625 0.251389 0.0140625 0.05 0.402964
6 0.724609 0.0263889 0.0335938 0.0472222 0.420423
4 0.397266 0.0638889 0.0164062 0.105556 0.424883
1 0.822656 0.609028 0.05625 0.159722 0.519913
6 0.966406 0.107639 0.05625 0.179167 0.545636
4 0.532812 0.0458333 0.015625 0.0611111 0.570291
4 0.533203 0.1125 0.0148437 0.0555556 0.607679
1 0.533594 0.130556 0.0171875 0.0805556 0.63334
4 0.560938 0.05625 0.01875 0.0402778 0.644641
11 0.646875 0.729861 0.0453125 0.143056 0.664533
10 0.50625 0.202778 0.015625 0.0388889 0.695576
4 0.450781 0.158333 0.015625 0.0472222 0.762352
4 0.45 0.108333 0.015625 0.0472222 0.77373
4 0.560547 0.109028 0.0148437 0.0486111 0.797696
4 0.423438 0.108333 0.015625 0.05 0.834125
4 0.5875 0.109028 0.015625 0.0486111 0.835617
4 0.396484 0.111111 0.0148437 0.0472222 0.844283
