6 0.844141 0.890278 0.0273438 0.05 0.262277
3 0.658203 0.250694 0.0632813 0.181944 0.265313
11 0.323438 0.6125 0.0578125 0.177778 0.265541
4 0.587891 0.0576389 0.0179687 0.0458333 0.271771
10 0.418359 0.0173611 0.0164062 0.0347222 0.277581
1 0.764844 0.163889 0.0375 0.138889 0.281132
9 0.416797 0.713889 0.0445312 0.152778 0.284665
10 0.560938 0.354167 0.015625 0.0527778 0.28885
6 0.896875 0.895139 0.0359375 0.0541667 0.290092
1 0.794531 0.575 0.0359375 0.122222 0.294195
4 0.745703 0.920139 0.0210938 0.0486111 0.294349
10 0.505859 0.253472 0.0148437 0.0402778 0.29836
4 0.50625 0.211806 0.015625 0.0597222 0.316095
10 0.0105469 0.244444 0.0195312 0.166667 0.322822
3 0.45 0.154861 0.01875 0.0458333 0.328834
10 0.422656 0.201389 0.0140625 0.0472222 0.330283
6 0.972266 0.0388889 0.0460938 0.0611111 0.333715
10 0.533984 0.35625 0.0148437 0.0458333 0.33867
10 0.476953 0.379861 0.0179687 0.0736111 0.338993
4 0.944531 0.93125 0.0234375 0.0458333 0.343058
10 0.423828 0.35625 0.0148437 0.0513889 0.373272
10 0.396484 0.0444444 0.0179687 0.0583333 0.40883
1 0.450391 0.156944 0.0179687 0.0444444 0.419238
7 0.322656 0.613194 0.065625 0.190278 0.439404
3 0.970312 0.0979167 0.0515625 0.165278 0.448287
4 0.396875 0.0597222 0.0171875 0.102778 0.452092
1 0.839453 0.598611 0.0539063 0.147222 0.454244
10 0.396875 0.354861 0.015625 0.0541667 0.472576
4 0.533594 0.113194 0.015625 0.0486111 0.567046
4 0.45 0.1125 0.015625 0.0527778 0.596008
1 0.533203 0.149306 0.0179687 0.0541667 0.605708
4 0.396094 0.110417 0.015625 0.0458333 0.795051
4 0.587891 0.109028 0.0164062 0.0486111 0.811905
4 0.423438 0.107639 0.015625 0.0486111 0.82613
4 0.561328 0.110417 0.0148437 0.0458333 0.834419
4 0.477734 0.109722 0.0164062 0.05 0.878914
