10 0.41875 0.708333 0.0375 0.136111 0.251711
10 0.417578 0.0166667 0.0164062 0.0333333 0.257032
3 0.969531 0.118056 0.0515625 0.180556 0.262049
1 0.969531 0.102778 0.053125 0.172222 0.268159
4 0.587891 0.0576389 0.0179687 0.0458333 0.279072
6 0.896875 0.895139 0.0359375 0.0569444 0.282184
4 0.745703 0.919444 0.0210938 0.05 0.291968
3 0.839063 0.590278 0.0546875 0.125 0.294525
10 0.50625 0.253472 0.0140625 0.0402778 0.302821
10 0.560938 0.354861 0.015625 0.0513889 0.304732
3 0.657812 0.252083 0.0625 0.181944 0.310736
4 0.50625 0.211806 0.015625 0.0597222 0.312468
7 0.610547 0.794444 0.0367187 0.119444 0.3224
10 0.422656 0.201389 0.0140625 0.0472222 0.334663
10 0.476953 0.379167 0.0179687 0.075 0.335116
3 0.45 0.155556 0.01875 0.0444444 0.336806
10 0.533984 0.35625 0.0148437 0.0458333 0.347147
4 0.944531 0.93125 0.0234375 0.0458333 0.350436
10 0.423828 0.35625 0.0148437 0.0513889 0.359152
4 0.761719 0.0618056 0.025 0.106944 0.361841
1 0.450391 0.156944 0.0179687 0.0444444 0.411017
7 0.322656 0.6125 0.0640625 0.191667 0.419894
10 0.396875 0.354861 0.015625 0.0541667 0.431705
4 0.396875 0.0590278 0.0171875 0.101389 0.44426
10 0.396484 0.04375 0.0179687 0.0597222 0.463655
1 0.840625 0.601389 0.0546875 0.166667 0.478025
1 0.533203 0.132639 0.0179687 0.0736111 0.590205
4 0.533594 0.113194 0.015625 0.0486111 0.595431
4 0.45 0.1125 0.015625 0.05 0.604429
4 0.396094 0.110417 0.015625 0.0458333 0.780494
4 0.587891 0.109028 0.0164062 0.0486111 0.813244
4 0.423438 0.107639 0.015625 0.0486111 0.825631
4 0.561328 0.110417 0.0148437 0.0458333 0.832607
4 0.477734 0.109722 0.0164062 0.05 0.879674
