1 0.844922 0.891667 0.0304688 0.0527778 0.257705
8 0.533594 0.376389 0.025 0.0888889 0.258269
1 0.839453 0.590278 0.0648438 0.158333 0.272323
10 0.50625 0.251389 0.0140625 0.05 0.277106
11 0.591016 0.804167 0.0429688 0.15 0.279088
4 0.745703 0.920833 0.0210938 0.05 0.287034
1 0.969922 0.1125 0.0507812 0.169444 0.325321
4 0.942187 0.93125 0.0265625 0.0486111 0.341913
4 0.397656 0.0618056 0.015625 0.101389 0.351598
3 0.969531 0.115972 0.05 0.176389 0.374351
10 0.477734 0.375694 0.0226563 0.0847222 0.374639
4 0.683594 0.0277778 0.01875 0.0472222 0.391303
8 0.478516 0.377083 0.0210938 0.0847222 0.430163
10 0.424219 0.357639 0.0125 0.0458333 0.446797
4 0.450391 0.0548611 0.0148437 0.0458333 0.453228
10 0.50625 0.202778 0.015625 0.0388889 0.46521
4 0.478906 0.0548611 0.0171875 0.0347222 0.476343
11 0.641406 0.729861 0.04375 0.1375 0.505766
4 0.533594 0.123611 0.015625 0.0722222 0.583065
4 0.560938 0.0541667 0.0171875 0.0388889 0.606396
4 0.533203 0.05625 0.0179687 0.0402778 0.622566
1 0.533984 0.129167 0.0179687 0.0833333 0.661543
4 0.451562 0.156944 0.015625 0.0472222 0.675867
4 0.560547 0.108333 0.0148437 0.05 0.715114
8 0.590234 0.809028 0.0429688 0.148611 0.733818
4 0.450391 0.107639 0.0148437 0.0486111 0.743813
4 0.5875 0.107639 0.015625 0.0513889 0.766125
4 0.423828 0.106944 0.0148437 0.05 0.791836
4 0.396875 0.110417 0.0140625 0.0486111 0.799719
