6 0.760156 0.05625 0.021875 0.0986111 0.260632
10 0.450391 0.348611 0.0179687 0.0527778 0.310688
11 0.623438 0.0201389 0.03125 0.0375 0.313369
4 0.942187 0.930556 0.028125 0.0472222 0.328659
4 0.423438 0.211111 0.0140625 0.0638889 0.35839
10 0.458203 0.749306 0.0382813 0.118056 0.358517
3 0.759375 0.0611111 0.0203125 0.0916667 0.461006
4 0.844922 0.886806 0.0273438 0.0430556 0.474558
10 0.603906 0.7 0.03125 0.127778 0.487249
11 0.651563 0.727083 0.03125 0.0930556 0.523608
4 0.451172 0.15625 0.0148437 0.0486111 0.561156
10 0.396875 0.353472 0.015625 0.0486111 0.564838
10 0.437891 0.666667 0.0320312 0.119444 0.58497
6 0.0488281 0.927778 0.0445312 0.0944444 0.594451
11 0.590234 0.807639 0.0492188 0.159722 0.668551
4 0.450391 0.0576389 0.0164062 0.0430556 0.691273
4 0.560547 0.10625 0.0148437 0.0486111 0.699406
4 0.450781 0.108333 0.0140625 0.05 0.74986
4 0.587109 0.109028 0.0148437 0.0513889 0.786256
4 0.395703 0.158333 0.0148437 0.0527778 0.804519
4 0.533203 0.108333 0.0148437 0.0472222 0.827811
