10 0.416406 0.0173611 0.0171875 0.0347222 0.257576
10 0.423438 0.357639 0.0140625 0.0486111 0.269245
3 0.759766 0.0618056 0.0226563 0.109722 0.281943
6 0.199609 0.549306 0.0632813 0.1875 0.285079
9 0.415625 0.713889 0.04375 0.152778 0.307565
4 0.746094 0.920139 0.021875 0.0541667 0.310069
8 0.477734 0.377778 0.0195312 0.0805556 0.312146
1 0.760156 0.0784722 0.0265625 0.126389 0.321639
4 0.50625 0.2125 0.015625 0.0611111 0.324851
10 0.505859 0.254167 0.0148437 0.0416667 0.336071
7 0.649219 0.722222 0.0390625 0.133333 0.358365
4 0.397656 0.0673611 0.0171875 0.106944 0.368879
1 0.450391 0.158333 0.0195312 0.0472222 0.375779
4 0.844141 0.884722 0.0242187 0.0388889 0.377655
1 0.839844 0.611806 0.0625 0.181944 0.377708
3 0.194922 0.932639 0.0804688 0.1125 0.384165
4 0.945312 0.931944 0.0234375 0.0444444 0.406917
3 0.45 0.156944 0.01875 0.0472222 0.449967
10 0.396875 0.355556 0.015625 0.0555556 0.543639
1 0.533203 0.150694 0.0179687 0.0569444 0.559439
4 0.45 0.1125 0.015625 0.0527778 0.625694
4 0.533203 0.1125 0.0148437 0.05 0.643664
1 0.960938 0.101389 0.0546875 0.172222 0.672601
10 0.477734 0.375694 0.0195312 0.0791667 0.729956
4 0.395703 0.110417 0.0164062 0.0458333 0.789597
4 0.587891 0.109028 0.0164062 0.0486111 0.797688
4 0.560938 0.110417 0.015625 0.0458333 0.832339
10 0.533594 0.383333 0.0203125 0.075 0.835651
4 0.423438 0.109028 0.015625 0.0486111 0.841052
4 0.477344 0.109028 0.0171875 0.0513889 0.875311
