11 0.609766 0.794444 0.0351562 0.125 0.250217
6 0.896094 0.895833 0.0359375 0.0555556 0.255908
4 0.944922 0.93125 0.0242187 0.0458333 0.306296
3 0.45 0.154167 0.01875 0.0472222 0.319882
4 0.397656 0.0666667 0.0171875 0.105556 0.34368
6 0.977734 0.0375 0.0414063 0.0638889 0.389296
1 0.450391 0.15625 0.0179687 0.0458333 0.400704
10 0.396875 0.354861 0.015625 0.0569444 0.401289
1 0.837891 0.602083 0.0585938 0.176389 0.437804
4 0.50625 0.0458333 0.0171875 0.0611111 0.445757
4 0.533203 0.113194 0.0164062 0.0513889 0.475624
4 0.589453 0.0479167 0.0179687 0.0541667 0.513744
10 0.477344 0.377083 0.01875 0.0791667 0.551472
4 0.45 0.113889 0.015625 0.0527778 0.583589
1 0.533594 0.134722 0.01875 0.0777778 0.610552
1 0.963672 0.1 0.0554687 0.172222 0.64601
4 0.396094 0.109722 0.015625 0.0472222 0.793547
4 0.587891 0.109028 0.0164062 0.0486111 0.809784
4 0.423438 0.108333 0.015625 0.05 0.82259
4 0.561328 0.109722 0.0148437 0.0444444 0.825368
4 0.477734 0.109722 0.0164062 0.05 0.868156
