1 0.533594 0.15 0.0171875 0.0472222 0.253335
10 0.534766 0.241667 0.0164062 0.0611111 0.25668
4 0.945312 0.932639 0.025 0.0430556 0.27154
3 0.658594 0.266667 0.0609375 0.163889 0.36329
4 0.844922 0.884722 0.0257812 0.0388889 0.366234
11 0.454297 0.742361 0.0367187 0.143056 0.369059
3 0.508203 0.355556 0.0195312 0.0472222 0.386468
10 0.533984 0.359028 0.0148437 0.0402778 0.388496
10 0.424219 0.356944 0.0140625 0.0416667 0.411506
7 0.492188 0.757639 0.0328125 0.118056 0.419945
4 0.533594 0.203472 0.015625 0.0486111 0.420917
4 0.396094 0.0506944 0.0171875 0.0652778 0.42828
8 0.59375 0.809722 0.0421875 0.155556 0.433371
1 0.964844 0.101389 0.0546875 0.155556 0.442827
1 0.655859 0.264583 0.0585938 0.165278 0.451282
9 0.404297 0.693056 0.0398437 0.152778 0.462874
4 0.560547 0.0569444 0.0179687 0.0416667 0.485541
1 0.533594 0.127083 0.0171875 0.0708333 0.542121
3 0.889453 0.259722 0.0648438 0.2 0.577234
10 0.396875 0.353472 0.015625 0.0486111 0.590544
4 0.451562 0.156944 0.015625 0.0472222 0.590958
11 0.491406 0.754167 0.034375 0.122222 0.629636
11 0.591797 0.807639 0.0429688 0.148611 0.664674
3 0.980078 0.272222 0.0382813 0.155556 0.700948
4 0.560547 0.107639 0.0148437 0.0486111 0.712269
4 0.45 0.108333 0.0140625 0.0472222 0.713999
4 0.533594 0.109722 0.0140625 0.0527778 0.731398
4 0.395703 0.110417 0.0148437 0.0458333 0.791833
4 0.423438 0.107639 0.0140625 0.0486111 0.804348
4 0.587891 0.109028 0.0148437 0.0486111 0.832992
