1 0.533594 0.204167 0.0171875 0.0527778 0.264661
3 0.508594 0.352778 0.0203125 0.0472222 0.297245
10 0.521094 0.713194 0.028125 0.0902778 0.305397
11 0.260938 0.894444 0.0625 0.163889 0.319447
1 0.477344 0.201389 0.0171875 0.0472222 0.324756
1 0.473047 0.0215278 0.0210938 0.0263889 0.328373
4 0.560156 0.0583333 0.01875 0.0472222 0.338286
11 0.231641 0.872222 0.0539063 0.172222 0.343996
9 0.403516 0.695139 0.0398437 0.145833 0.411199
3 0.787109 0.570833 0.0554687 0.130556 0.414869
4 0.396875 0.0361111 0.01875 0.0638889 0.41692
4 0.4125 0.0180556 0.0171875 0.0361111 0.441107
4 0.423828 0.20625 0.0132813 0.0458333 0.451503
6 0.722266 0.025 0.0304688 0.0444444 0.452193
6 0.762109 0.0611111 0.0320312 0.108333 0.459009
3 0.762109 0.0597222 0.0320312 0.108333 0.474406
11 0.590625 0.809028 0.04375 0.151389 0.482431
3 0.975 0.288889 0.0484375 0.166667 0.552527
4 0.844141 0.883333 0.0242187 0.0388889 0.552758
10 0.397266 0.354861 0.0164062 0.0486111 0.625974
1 0.784766 0.567361 0.0585938 0.126389 0.627285
4 0.450781 0.161111 0.015625 0.0472222 0.656527
4 0.560938 0.106944 0.015625 0.05 0.684001
11 0.490625 0.757639 0.0328125 0.123611 0.72747
4 0.45 0.109722 0.0140625 0.05 0.740418
4 0.5875 0.109722 0.015625 0.05 0.815559
4 0.396094 0.109722 0.015625 0.05 0.817171
4 0.533984 0.109028 0.0148437 0.0486111 0.82865
