10 0.620703 0.75625 0.0320312 0.129167 0.272337
4 0.946484 0.931944 0.0257812 0.0444444 0.276061
3 0.721094 0.03125 0.03125 0.0486111 0.282488
1 0.342969 0.04375 0.0328125 0.0625 0.286308
3 0.758203 0.0819444 0.0304688 0.133333 0.294554
4 0.423828 0.222917 0.0164062 0.0847222 0.300801
10 0.423438 0.356944 0.0140625 0.0416667 0.337122
4 0.682813 0.025 0.0171875 0.0444444 0.34029
3 0.505859 0.0590278 0.0179687 0.0486111 0.399775
10 0.555859 0.686111 0.0257812 0.0805556 0.424235
6 0.723047 0.025 0.0289063 0.0444444 0.440593
1 0.845703 0.890972 0.0398437 0.0541667 0.455179
6 0.757031 0.0361111 0.021875 0.0666667 0.477992
10 0.520703 0.708333 0.0304688 0.1 0.480524
6 0.0511719 0.925694 0.0429688 0.104167 0.525316
1 0.476953 0.202083 0.0164062 0.0458333 0.5285
8 0.589453 0.806944 0.0429688 0.15 0.566095
11 0.489844 0.753472 0.0359375 0.126389 0.605354
10 0.396875 0.354167 0.015625 0.0472222 0.610728
4 0.450781 0.160417 0.0140625 0.0458333 0.677083
4 0.560938 0.106944 0.015625 0.05 0.68041
1 0.841406 0.572222 0.053125 0.155556 0.690819
4 0.45 0.109028 0.0140625 0.0486111 0.752311
4 0.5875 0.109028 0.015625 0.0486111 0.833035
4 0.396484 0.109028 0.0148437 0.0513889 0.847566
4 0.533594 0.109028 0.015625 0.0486111 0.886853
