1 0.451172 0.159028 0.0148437 0.0458333 0.254527
4 0.451562 0.15625 0.0140625 0.0486111 0.319628
11 0.593359 0.804167 0.0476562 0.152778 0.321265
4 0.845703 0.886806 0.0273438 0.0430556 0.334258
3 0.50625 0.0604167 0.0171875 0.0458333 0.345528
10 0.604688 0.709722 0.034375 0.138889 0.36609
11 0.232031 0.879167 0.05625 0.169444 0.39455
11 0.491406 0.757639 0.0328125 0.123611 0.395976
10 0.433203 0.679167 0.0289063 0.0861111 0.457057
10 0.46875 0.64375 0.028125 0.0819444 0.498038
4 0.560547 0.109722 0.0148437 0.0472222 0.658819
8 0.590625 0.807639 0.0453125 0.154167 0.663435
4 0.450391 0.110417 0.0148437 0.0513889 0.687451
4 0.396094 0.158333 0.0140625 0.0527778 0.784212
4 0.587891 0.109028 0.0164062 0.0486111 0.844215
4 0.533984 0.109722 0.0148437 0.0472222 0.879683
