10 0.573828 0.7125 0.0320312 0.0916667 0.250658
3 0.767578 0.216667 0.0507812 0.147222 0.255
1 0.970312 0.113889 0.05 0.172222 0.260387
10 0.50625 0.251389 0.0140625 0.05 0.260695
4 0.746094 0.920833 0.0203125 0.05 0.275309
8 0.534766 0.372917 0.0210938 0.0791667 0.282029
3 0.503906 0.486111 0.04375 0.116667 0.287075
3 0.969922 0.115278 0.0492188 0.175 0.288011
1 0.841797 0.597917 0.0554687 0.143056 0.288233
3 0.552344 0.484722 0.0484375 0.125 0.291612
4 0.418359 0.01875 0.0179687 0.0347222 0.302023
4 0.476953 0.0479167 0.0195312 0.0486111 0.305645
8 0.478516 0.377083 0.0195312 0.0819444 0.323524
10 0.477734 0.376389 0.0195312 0.0833333 0.353966
10 0.51875 0.668056 0.025 0.108333 0.354061
11 0.59375 0.802083 0.04375 0.148611 0.358684
4 0.449609 0.0597222 0.0148437 0.05 0.396668
3 0.839063 0.590278 0.0625 0.119444 0.397104
4 0.945312 0.931944 0.021875 0.0444444 0.397203
4 0.396875 0.0451389 0.0171875 0.0652778 0.435545
7 0.646875 0.721528 0.040625 0.140278 0.447628
10 0.50625 0.203472 0.015625 0.0375 0.463959
10 0.424219 0.357639 0.0125 0.0458333 0.465544
4 0.683203 0.0277778 0.0179687 0.0472222 0.490528
1 0.533984 0.129167 0.0179687 0.0833333 0.524791
4 0.533594 0.122917 0.015625 0.0708333 0.621947
8 0.592969 0.804861 0.04375 0.148611 0.638266
11 0.642187 0.725694 0.0421875 0.140278 0.690259
4 0.450781 0.157639 0.015625 0.0486111 0.716334
4 0.560547 0.0555556 0.0179687 0.0361111 0.730307
4 0.844141 0.885417 0.0226563 0.0402778 0.745786
4 0.533594 0.0576389 0.01875 0.0375 0.769248
4 0.560547 0.108333 0.0148437 0.05 0.781569
4 0.587891 0.108333 0.0164062 0.05 0.781957
4 0.45 0.108333 0.015625 0.0472222 0.793972
4 0.396484 0.110417 0.0148437 0.0458333 0.811036
4 0.423438 0.108333 0.015625 0.05 0.840614
