5 0.121875 0.947917 0.053125 0.104167 0.265967
4 0.451562 0.132639 0.015625 0.0819444 0.274698
10 0.696875 0.64375 0.0328125 0.118056 0.277455
4 0.944922 0.931944 0.0257812 0.0444444 0.286761
4 0.680078 0.0277778 0.0179687 0.0444444 0.287359
11 0.616797 0.764583 0.0367187 0.131944 0.29675
2 0.658203 0.252083 0.0648438 0.181944 0.299281
10 0.423828 0.358333 0.0132813 0.0472222 0.329598
3 0.710156 0.111806 0.05 0.184722 0.346719
3 0.769531 0.0909722 0.0375 0.151389 0.351764
4 0.450781 0.0611111 0.015625 0.0555556 0.367124
7 0.646484 0.721528 0.0335938 0.118056 0.376298
4 0.416406 0.01875 0.0171875 0.0375 0.383958
4 0.844922 0.886111 0.0273438 0.0416667 0.413526
4 0.50625 0.0576389 0.01875 0.0569444 0.466965
4 0.397266 0.0590278 0.0179687 0.106944 0.48952
1 0.533594 0.13125 0.01875 0.0819444 0.521779
10 0.397266 0.354167 0.0148437 0.0555556 0.521791
11 0.644922 0.722917 0.0351562 0.118056 0.561987
4 0.451172 0.158333 0.0179687 0.05 0.630144
11 0.586719 0.809028 0.04375 0.148611 0.631157
4 0.450391 0.109028 0.0164062 0.0513889 0.683472
10 0.528125 0.778472 0.0296875 0.0902778 0.688747
4 0.560547 0.108333 0.0164062 0.0527778 0.725328
4 0.533203 0.111806 0.0164062 0.0541667 0.784568
4 0.5875 0.110417 0.0171875 0.0513889 0.808576
4 0.395703 0.110417 0.0164062 0.0486111 0.816577
4 0.423438 0.108333 0.015625 0.0527778 0.83108
