11 0.201562 0.852778 0.05625 0.172222 0.265487
1 0.764453 0.14375 0.0414063 0.143056 0.270389
10 0.424219 0.357639 0.0140625 0.0430556 0.27276
10 0.419922 0.0180556 0.0164062 0.0361111 0.296252
11 0.530859 0.778472 0.0351562 0.109722 0.298323
1 0.758594 0.0819444 0.0234375 0.108333 0.305663
11 0.647266 0.719444 0.0382813 0.111111 0.31347
4 0.450391 0.0625 0.0164062 0.0638889 0.400407
4 0.683594 0.0291667 0.01875 0.05 0.435501
4 0.397656 0.0576389 0.0171875 0.101389 0.443432
4 0.451562 0.157639 0.0171875 0.0486111 0.493739
10 0.397266 0.355556 0.0148437 0.05 0.5468
8 0.590625 0.8125 0.0421875 0.155556 0.577653
10 0.530859 0.778472 0.0304688 0.0930556 0.579331
4 0.45 0.108333 0.015625 0.05 0.63255
4 0.533594 0.110417 0.015625 0.0569444 0.647607
4 0.560547 0.107639 0.0148437 0.0513889 0.665831
1 0.836719 0.597917 0.0515625 0.140278 0.698247
1 0.533594 0.131944 0.01875 0.0861111 0.711887
4 0.396094 0.111111 0.015625 0.0472222 0.782921
4 0.587891 0.109028 0.0164062 0.0513889 0.789719
4 0.423438 0.108333 0.015625 0.05 0.820024
