10 0.433984 0.679861 0.0304688 0.0902778 0.265088
9 0.523047 0.707639 0.0335938 0.120833 0.265768
4 0.560547 0.0583333 0.0195312 0.0472222 0.275418
3 0.978125 0.284028 0.0421875 0.1625 0.27619
10 0.397266 0.354167 0.0148437 0.05 0.311916
11 0.491406 0.754167 0.0375 0.127778 0.34592
4 0.50625 0.0597222 0.01875 0.0472222 0.387462
10 0.619922 0.754861 0.0320312 0.129167 0.405797
1 0.477734 0.201389 0.0164062 0.0472222 0.436335
8 0.590625 0.80625 0.04375 0.151389 0.589048
4 0.844922 0.884028 0.0257812 0.0402778 0.616414
4 0.450781 0.161111 0.0140625 0.0444444 0.667812
3 0.771875 0.0597222 0.0375 0.108333 0.679175
4 0.560938 0.108333 0.015625 0.05 0.733813
4 0.45 0.109028 0.0140625 0.0486111 0.75358
4 0.587891 0.109722 0.0164062 0.05 0.834085
4 0.396484 0.109722 0.0148437 0.05 0.838423
4 0.533984 0.110417 0.0148437 0.0486111 0.886745
