10 0.416016 0.0166667 0.0164062 0.0333333 0.256188
6 0.978516 0.04375 0.0398437 0.0625 0.2606
11 0.610156 0.79375 0.0390625 0.126389 0.272943
1 0.6875 0.244444 0.05 0.169444 0.27606
4 0.50625 0.213194 0.015625 0.0625 0.277006
6 0.896875 0.895833 0.0359375 0.0555556 0.279448
10 0.505859 0.252778 0.0148437 0.0416667 0.291393
4 0.745703 0.919444 0.0210938 0.05 0.29645
3 0.45 0.154861 0.01875 0.0458333 0.309364
10 0.476953 0.379167 0.0179687 0.075 0.316312
10 0.560938 0.354861 0.015625 0.0513889 0.337244
10 0.423828 0.356944 0.0132813 0.0472222 0.341413
10 0.533984 0.35625 0.0148437 0.0458333 0.342507
10 0.396875 0.354861 0.015625 0.0541667 0.343429
10 0.423047 0.201389 0.0148437 0.0472222 0.348952
4 0.944531 0.93125 0.0234375 0.0458333 0.352796
1 0.648047 0.03125 0.0398437 0.0513889 0.360908
3 0.840234 0.594444 0.0554687 0.15 0.376572
11 0.641016 0.728472 0.0414063 0.134722 0.388616
10 0.419141 0.706944 0.0382813 0.133333 0.393179
1 0.646484 0.0847222 0.0398437 0.119444 0.394764
10 0.396484 0.0444444 0.0179687 0.0611111 0.396208
4 0.396875 0.0597222 0.0171875 0.102778 0.419869
1 0.450391 0.156944 0.0179687 0.0444444 0.426601
1 0.842969 0.595139 0.053125 0.1625 0.435502
4 0.533203 0.113194 0.0164062 0.0486111 0.515138
7 0.321094 0.611111 0.0640625 0.194444 0.527252
4 0.45 0.1125 0.015625 0.05 0.575976
1 0.532812 0.149306 0.01875 0.0569444 0.615803
4 0.587891 0.109028 0.0164062 0.0486111 0.740643
4 0.396094 0.111806 0.015625 0.0486111 0.765305
4 0.560938 0.110417 0.015625 0.0458333 0.811365
4 0.423438 0.108333 0.015625 0.0472222 0.829714
4 0.477734 0.109722 0.0164062 0.05 0.874709
