4 0.417578 0.0194444 0.0179687 0.0333333 0.256656
4 0.560156 0.0576389 0.01875 0.0458333 0.27388
11 0.253906 0.891667 0.0640625 0.169444 0.300937
10 0.534375 0.358333 0.015625 0.0416667 0.321151
4 0.683594 0.0291667 0.01875 0.0472222 0.326526
11 0.589063 0.809028 0.04375 0.148611 0.388885
1 0.533594 0.126389 0.0171875 0.0722222 0.408496
4 0.533594 0.202778 0.015625 0.05 0.409743
8 0.590234 0.811806 0.0429688 0.154167 0.440313
4 0.397266 0.0555556 0.0164062 0.0944444 0.505782
10 0.397266 0.354861 0.0148437 0.0486111 0.536785
4 0.451562 0.158333 0.0171875 0.0472222 0.697043
4 0.560938 0.10625 0.015625 0.0513889 0.704266
4 0.844531 0.885417 0.0234375 0.0402778 0.740956
4 0.450391 0.108333 0.0148437 0.0472222 0.74657
4 0.5875 0.108333 0.015625 0.05 0.763365
10 0.529297 0.778472 0.0289063 0.0902778 0.789959
4 0.533203 0.109722 0.0148437 0.0527778 0.812124
4 0.396484 0.111111 0.0148437 0.0472222 0.814275
4 0.423438 0.107639 0.015625 0.0513889 0.814309
11 0.488281 0.755556 0.0375 0.125 0.843808
3 0.963281 0.497222 0.0671875 0.194444 0.885762
