11 0.198828 0.850694 0.0523437 0.159722 0.255102
7 0.647266 0.71875 0.0351562 0.101389 0.256157
1 0.197656 0.844444 0.0484375 0.155556 0.259843
1 0.474609 0.0201389 0.0195312 0.0291667 0.261179
4 0.745313 0.920139 0.0203125 0.0486111 0.296284
4 0.560156 0.0576389 0.01875 0.0458333 0.312542
11 0.276953 0.898611 0.0523437 0.155556 0.331058
4 0.417969 0.0194444 0.0171875 0.0333333 0.334005
4 0.450781 0.0611111 0.015625 0.0555556 0.358818
1 0.822656 0.59375 0.0515625 0.123611 0.360851
1 0.757422 0.0895833 0.0226563 0.104167 0.371685
4 0.684375 0.0284722 0.01875 0.0458333 0.446139
10 0.617578 0.715972 0.0320312 0.0930556 0.446945
4 0.396875 0.0444444 0.0171875 0.0638889 0.563965
4 0.451953 0.157639 0.0164062 0.0486111 0.618656
8 0.589453 0.809722 0.0445312 0.147222 0.620223
4 0.450781 0.108333 0.015625 0.05 0.633922
4 0.533203 0.110417 0.0148437 0.0569444 0.666059
10 0.530469 0.779167 0.0296875 0.0888889 0.672735
4 0.560938 0.107639 0.015625 0.0513889 0.69099
1 0.533594 0.13125 0.01875 0.0847222 0.714763
4 0.396484 0.111111 0.0148437 0.0472222 0.78351
4 0.423438 0.107639 0.015625 0.0513889 0.789742
4 0.587891 0.109028 0.0164062 0.0513889 0.813351
