1 0.533594 0.204167 0.0171875 0.0527778 0.269099
10 0.521094 0.713889 0.028125 0.0916667 0.294714
3 0.508594 0.352778 0.0203125 0.0472222 0.302854
11 0.257812 0.893056 0.0640625 0.166667 0.317
11 0.23125 0.872222 0.0546875 0.172222 0.319257
1 0.473047 0.0208333 0.0210938 0.0277778 0.327773
4 0.560156 0.0583333 0.01875 0.0472222 0.33307
1 0.477344 0.201389 0.0171875 0.0472222 0.342751
9 0.403516 0.696528 0.0398437 0.143056 0.357671
4 0.396875 0.0368056 0.01875 0.0625 0.39838
3 0.787109 0.570833 0.0554687 0.130556 0.411784
4 0.412109 0.0180556 0.0164062 0.0361111 0.419452
6 0.7625 0.0604167 0.03125 0.106944 0.444363
4 0.423828 0.20625 0.0132813 0.0458333 0.446055
6 0.722266 0.025 0.0304688 0.0444444 0.466878
11 0.590625 0.808333 0.04375 0.152778 0.478015
3 0.762109 0.0590278 0.0304688 0.106944 0.478943
3 0.975 0.288194 0.05 0.168056 0.511709
4 0.844141 0.883333 0.0242187 0.0388889 0.552244
10 0.397266 0.354861 0.0164062 0.0486111 0.620748
1 0.784375 0.567361 0.059375 0.126389 0.628677
4 0.450391 0.161111 0.0148437 0.0472222 0.651797
4 0.560938 0.106944 0.015625 0.05 0.682874
11 0.491016 0.757639 0.0335938 0.123611 0.713343
4 0.45 0.109028 0.0140625 0.0513889 0.73199
4 0.396094 0.109722 0.015625 0.05 0.812206
4 0.5875 0.109722 0.015625 0.05 0.816777
4 0.533984 0.109028 0.0148437 0.0486111 0.825805
