11 0.471094 0.6625 0.034375 0.119444 0.253338
10 0.419141 0.0173611 0.0164062 0.0347222 0.259063
8 0.594531 0.805556 0.046875 0.15 0.267228
8 0.478125 0.378472 0.0203125 0.0819444 0.297254
4 0.521875 0.668056 0.0265625 0.113889 0.299819
1 0.477344 0.0423611 0.01875 0.0625 0.322399
4 0.449609 0.0604167 0.0148437 0.0541667 0.334749
4 0.941797 0.929861 0.0242187 0.0486111 0.359654
10 0.423828 0.358333 0.0132813 0.0472222 0.361107
10 0.477344 0.377778 0.021875 0.0861111 0.396356
10 0.50625 0.251389 0.0140625 0.05 0.400459
6 0.724609 0.0256944 0.0335938 0.0458333 0.424372
4 0.397266 0.0625 0.0164062 0.105556 0.458913
6 0.966797 0.110417 0.0539063 0.181944 0.476655
1 0.825 0.606944 0.05625 0.155556 0.552586
4 0.532812 0.0451389 0.015625 0.0625 0.580638
4 0.533203 0.1125 0.0148437 0.0555556 0.59996
1 0.533594 0.130556 0.0171875 0.0805556 0.634963
4 0.560547 0.05625 0.0179687 0.0402778 0.639351
11 0.646875 0.729861 0.0453125 0.143056 0.656949
10 0.505859 0.202778 0.0164062 0.0388889 0.693513
4 0.45 0.107639 0.015625 0.0486111 0.767228
4 0.450781 0.158333 0.015625 0.0472222 0.767618
4 0.560547 0.109028 0.0148437 0.0486111 0.798072
4 0.395703 0.111111 0.0148437 0.0472222 0.831905
4 0.5875 0.109028 0.015625 0.0486111 0.833923
4 0.423438 0.108333 0.015625 0.05 0.835418
