10 0.699609 0.640278 0.0320312 0.113889 0.257534
3 0.762891 0.0423611 0.0242187 0.0736111 0.27146
3 0.506641 0.0597222 0.0179687 0.0472222 0.344471
4 0.506641 0.0604167 0.0179687 0.0486111 0.37809
4 0.844922 0.886806 0.0273438 0.0430556 0.390663
10 0.396875 0.354861 0.0140625 0.0513889 0.398917
3 0.978125 0.288889 0.0421875 0.15 0.420774
10 0.619922 0.75625 0.0351562 0.134722 0.484109
4 0.451562 0.157639 0.0140625 0.0458333 0.535571
11 0.491406 0.758333 0.0375 0.125 0.554294
8 0.592578 0.811806 0.0414063 0.159722 0.610686
4 0.560938 0.109028 0.015625 0.0486111 0.720479
4 0.396484 0.109722 0.0148437 0.05 0.7373
4 0.450391 0.108333 0.0148437 0.0472222 0.747241
10 0.470313 0.647222 0.028125 0.0861111 0.770149
4 0.587891 0.109722 0.0164062 0.05 0.823366
4 0.533984 0.109722 0.0148437 0.0472222 0.882524
