10 0.534375 0.244444 0.015625 0.0583333 0.252804
4 0.746094 0.920139 0.021875 0.0513889 0.253096
1 0.534375 0.150694 0.0171875 0.0458333 0.253495
4 0.411328 0.0194444 0.0164062 0.0361111 0.257884
10 0.423828 0.357639 0.0132813 0.0402778 0.265186
1 0.757031 0.0895833 0.0234375 0.109722 0.272763
4 0.683203 0.0298611 0.0195312 0.0458333 0.27851
1 0.474609 0.0194444 0.0210938 0.0277778 0.307712
4 0.417188 0.01875 0.0171875 0.0319444 0.313592
4 0.560156 0.0569444 0.01875 0.0416667 0.336224
10 0.396875 0.354167 0.015625 0.0472222 0.404343
8 0.590234 0.813889 0.0445312 0.155556 0.413338
1 0.534375 0.122222 0.0171875 0.0694444 0.420249
11 0.588281 0.809028 0.04375 0.148611 0.446575
4 0.397266 0.0534722 0.0164062 0.0930556 0.521323
4 0.451953 0.158333 0.0164062 0.0472222 0.687658
4 0.560938 0.106944 0.015625 0.05 0.709928
4 0.450391 0.108333 0.0148437 0.0472222 0.73262
4 0.533594 0.109722 0.0140625 0.0527778 0.758447
10 0.528906 0.777778 0.0296875 0.0916667 0.777178
11 0.487891 0.754167 0.0367187 0.125 0.778276
1 0.826172 0.592361 0.0507812 0.134722 0.790555
4 0.423828 0.107639 0.0148437 0.0513889 0.800492
4 0.396484 0.111111 0.0148437 0.0472222 0.800906
4 0.587891 0.108333 0.0164062 0.05 0.822753
