6 0.755078 0.0361111 0.0210938 0.0638889 0.250001
3 0.505859 0.254167 0.0179687 0.0472222 0.256547
4 0.474219 0.0180556 0.01875 0.025 0.257038
11 0.615234 0.761111 0.0367187 0.133333 0.259972
4 0.765234 0.318056 0.0242187 0.102778 0.270943
10 0.586328 0.807639 0.0429688 0.143056 0.274282
11 0.4125 0.719444 0.04375 0.155556 0.275392
4 0.50625 0.0555556 0.01875 0.0583333 0.294708
6 0.779297 0.779861 0.0617188 0.154167 0.296366
6 0.716016 0.0263889 0.0273438 0.0388889 0.300634
4 0.678516 0.0243056 0.0164062 0.0402778 0.313667
4 0.944531 0.93125 0.025 0.0458333 0.314474
9 0.695703 0.631944 0.0335938 0.105556 0.321893
10 0.572266 0.709028 0.0335938 0.0902778 0.354656
3 0.534766 0.154167 0.0179687 0.0416667 0.37686
4 0.417188 0.01875 0.0171875 0.0347222 0.385434
7 0.644922 0.718056 0.0335938 0.108333 0.391376
8 0.586719 0.807639 0.0421875 0.148611 0.43206
11 0.522656 0.761806 0.0359375 0.126389 0.43658
4 0.396875 0.0402778 0.01875 0.0722222 0.454624
10 0.396875 0.354861 0.015625 0.0569444 0.48099
11 0.644531 0.719444 0.034375 0.116667 0.482263
4 0.450781 0.157639 0.015625 0.0486111 0.490796
1 0.765234 0.323611 0.0257812 0.105556 0.511886
11 0.465234 0.70625 0.0382813 0.1375 0.534757
10 0.524609 0.759722 0.0335938 0.125 0.5407
2 0.659375 0.252083 0.0625 0.176389 0.540814
4 0.450391 0.106944 0.0148437 0.05 0.541531
4 0.560547 0.106944 0.0148437 0.0472222 0.687
4 0.84375 0.885417 0.025 0.0375 0.72699
4 0.587109 0.111111 0.0148437 0.0527778 0.771476
4 0.396094 0.109722 0.015625 0.0472222 0.789423
4 0.423438 0.106944 0.015625 0.05 0.796049
4 0.533203 0.111111 0.0148437 0.0527778 0.809065
