4 0.45 0.0618056 0.0140625 0.0569444 0.25734
1 0.476953 0.0416667 0.0179687 0.0638889 0.273298
4 0.449609 0.0847222 0.0148437 0.0777778 0.273398
4 0.687109 0.0229167 0.0179687 0.0402778 0.30423
4 0.942187 0.929861 0.025 0.0486111 0.339591
4 0.506641 0.210417 0.0148437 0.0541667 0.343572
8 0.594531 0.804167 0.046875 0.152778 0.365039
10 0.476953 0.377778 0.0195312 0.0805556 0.376223
4 0.396484 0.0444444 0.0164062 0.0555556 0.388048
10 0.53125 0.772222 0.0328125 0.0972222 0.39396
10 0.397266 0.354167 0.0148437 0.0555556 0.395395
10 0.423828 0.358333 0.0132813 0.0472222 0.401933
4 0.533203 0.113194 0.0148437 0.0569444 0.402748
1 0.964453 0.101389 0.0507812 0.158333 0.420726
4 0.532812 0.04375 0.015625 0.0625 0.458954
6 0.724609 0.025 0.0335938 0.0444444 0.494636
11 0.460547 0.708333 0.0476562 0.169444 0.501058
10 0.520703 0.661111 0.0335938 0.111111 0.559609
1 0.830859 0.595833 0.0554687 0.15 0.590385
4 0.560938 0.0555556 0.0171875 0.0388889 0.604052
4 0.451172 0.156944 0.0148437 0.0472222 0.628902
11 0.648047 0.729861 0.0429688 0.140278 0.682455
1 0.533984 0.129861 0.0179687 0.0819444 0.686664
4 0.45 0.10625 0.015625 0.0458333 0.748562
4 0.560547 0.109028 0.0148437 0.0486111 0.768571
4 0.423438 0.107639 0.015625 0.0486111 0.816925
4 0.5875 0.109028 0.015625 0.0486111 0.834368
4 0.396094 0.111111 0.0140625 0.0472222 0.842834
