11 0.469922 0.665278 0.0320312 0.116667 0.259046
4 0.945703 0.931944 0.0242187 0.0444444 0.26186
9 0.335547 0.724306 0.0445312 0.156944 0.2684
4 0.745703 0.919444 0.0210938 0.05 0.269215
10 0.520312 0.663889 0.03125 0.113889 0.272517
10 0.505859 0.254167 0.0148437 0.0388889 0.290223
1 0.34375 0.0423611 0.0328125 0.0652778 0.30147
6 0.718359 0.0298611 0.0382813 0.0486111 0.321466
10 0.418359 0.711111 0.0367187 0.133333 0.330469
10 0.423047 0.357639 0.0132813 0.0458333 0.34572
11 0.594531 0.802778 0.046875 0.161111 0.362937
10 0.506641 0.745833 0.0273438 0.0944444 0.391455
4 0.397266 0.0631944 0.0164062 0.106944 0.399282
4 0.533203 0.0458333 0.0164062 0.0583333 0.400936
3 0.664453 0.259028 0.0601562 0.165278 0.4586
5 0.760547 0.245139 0.0507812 0.181944 0.472011
1 0.476172 0.0395833 0.0195312 0.0625 0.473135
10 0.477344 0.377778 0.01875 0.0777778 0.482676
10 0.396484 0.354167 0.0148437 0.0527778 0.505122
4 0.505859 0.20625 0.0132813 0.0402778 0.51054
4 0.560547 0.0555556 0.0179687 0.0416667 0.511693
11 0.642969 0.727778 0.040625 0.138889 0.51944
1 0.962109 0.102083 0.0554687 0.165278 0.569529
10 0.450781 0.155556 0.0140625 0.0444444 0.579885
4 0.844531 0.885417 0.025 0.0402778 0.602421
8 0.59375 0.800694 0.0484375 0.1625 0.637878
11 0.573438 0.707639 0.0390625 0.129167 0.640557
4 0.45 0.107639 0.0140625 0.0458333 0.693316
1 0.846094 0.602778 0.0640625 0.169444 0.719402
1 0.533594 0.13125 0.0171875 0.0819444 0.725518
4 0.560547 0.109028 0.0148437 0.0486111 0.792598
4 0.423047 0.107639 0.0164062 0.0513889 0.806456
4 0.477344 0.109028 0.015625 0.0486111 0.827179
4 0.5875 0.108333 0.015625 0.0472222 0.842291
4 0.395703 0.110417 0.0148437 0.0486111 0.847071
