3 0.213281 0.0958333 0.0515625 0.161111 0.258452
9 0.340625 0.590972 0.0671875 0.179167 0.265897
9 0.403906 0.690972 0.04375 0.151389 0.271927
4 0.417188 0.0180556 0.015625 0.0333333 0.282871
10 0.423828 0.358333 0.0148437 0.0416667 0.283694
1 0.473047 0.0201389 0.0195312 0.0263889 0.312837
6 0.0378906 0.916667 0.0460938 0.105556 0.320147
1 0.342187 0.04375 0.0359375 0.0708333 0.327889
2 0.662891 0.254167 0.0632813 0.172222 0.330943
1 0.476953 0.203472 0.0164062 0.0430556 0.349567
11 0.339844 0.598611 0.0578125 0.180556 0.350499
7 0.566797 0.695139 0.0429688 0.156944 0.365103
6 0.983594 0.0388889 0.0328125 0.0666667 0.381201
10 0.00898437 0.241667 0.0164062 0.155556 0.385014
4 0.845312 0.886111 0.0265625 0.0416667 0.428911
4 0.397266 0.0631944 0.0164062 0.106944 0.433862
6 0.722656 0.0243056 0.0296875 0.0430556 0.462911
11 0.589063 0.803472 0.0484375 0.151389 0.469492
8 0.589453 0.804861 0.0445312 0.156944 0.475759
10 0.612891 0.71875 0.0289063 0.0902778 0.528852
10 0.397266 0.354861 0.0164062 0.0486111 0.632681
4 0.560938 0.107639 0.015625 0.0486111 0.676209
3 0.769141 0.0659722 0.0414063 0.120833 0.690924
11 0.490625 0.752083 0.0390625 0.1375 0.693622
4 0.450781 0.160417 0.015625 0.0458333 0.756277
4 0.45 0.107639 0.0140625 0.0458333 0.803948
4 0.396094 0.109722 0.015625 0.0472222 0.83092
4 0.423438 0.107639 0.0140625 0.0486111 0.8316
4 0.5875 0.109028 0.015625 0.0486111 0.841507
4 0.533594 0.109028 0.0140625 0.0486111 0.86679
