10 0.617969 0.714583 0.034375 0.0958333 0.256188
4 0.745313 0.920139 0.0203125 0.0486111 0.282007
1 0.757031 0.0909722 0.0234375 0.106944 0.282307
1 0.474609 0.0201389 0.0195312 0.0291667 0.316882
4 0.560156 0.0569444 0.01875 0.0444444 0.331344
4 0.411328 0.01875 0.0164062 0.0375 0.333236
4 0.683203 0.0284722 0.0195312 0.0458333 0.344005
4 0.450391 0.0604167 0.0148437 0.0541667 0.3594
4 0.417188 0.01875 0.0171875 0.0347222 0.378061
10 0.397266 0.355556 0.0148437 0.05 0.460853
4 0.396875 0.04375 0.0171875 0.0652778 0.582127
8 0.588672 0.809028 0.0445312 0.148611 0.611755
4 0.451953 0.157639 0.0164062 0.0486111 0.620995
4 0.450391 0.107639 0.0148437 0.0486111 0.626938
4 0.533203 0.110417 0.0148437 0.0541667 0.673907
1 0.533984 0.13125 0.0179687 0.0847222 0.679436
4 0.560938 0.107639 0.015625 0.0513889 0.697324
10 0.529688 0.777778 0.0296875 0.0888889 0.724465
4 0.423438 0.107639 0.015625 0.0513889 0.775587
4 0.396094 0.110417 0.015625 0.0458333 0.789981
4 0.587891 0.109028 0.0164062 0.0513889 0.81235
