3 0.537891 0.486111 0.0585938 0.1 0.268111
6 0.78125 0.702778 0.06875 0.213889 0.269689
4 0.41875 0.0180556 0.0171875 0.0333333 0.308701
8 0.562109 0.374306 0.0210938 0.0847222 0.313998
10 0.419141 0.0173611 0.0164062 0.0347222 0.321063
10 0.50625 0.250694 0.0140625 0.0513889 0.321713
4 0.449609 0.0597222 0.0148437 0.0527778 0.329134
10 0.573438 0.711111 0.03125 0.0916667 0.331767
4 0.945312 0.931944 0.0234375 0.0444444 0.332242
1 0.765625 0.138194 0.0421875 0.145833 0.346498
4 0.398047 0.0604167 0.0164062 0.104167 0.371416
10 0.477734 0.377778 0.0195312 0.0805556 0.492836
8 0.534375 0.375 0.021875 0.0861111 0.501803
4 0.682422 0.0291667 0.0164062 0.0444444 0.504733
10 0.424219 0.357639 0.0125 0.0458333 0.5083
8 0.592578 0.805556 0.0445312 0.15 0.531026
10 0.50625 0.202083 0.015625 0.0402778 0.545102
4 0.844531 0.885417 0.025 0.0402778 0.572581
1 0.533594 0.128472 0.0171875 0.0847222 0.607647
4 0.533594 0.123611 0.015625 0.075 0.61562
4 0.560547 0.0534722 0.0195312 0.0375 0.661674
4 0.451562 0.156944 0.015625 0.0472222 0.718944
4 0.560547 0.106944 0.0148437 0.0527778 0.736872
11 0.644531 0.728472 0.04375 0.143056 0.739273
4 0.45 0.107639 0.015625 0.0486111 0.750032
4 0.587891 0.106944 0.0164062 0.0527778 0.787239
4 0.533594 0.0555556 0.01875 0.0361111 0.801335
4 0.396484 0.110417 0.0148437 0.0458333 0.806225
4 0.423438 0.107639 0.015625 0.0486111 0.823238
