11 0.470703 0.664583 0.0335938 0.118056 0.265236
1 0.343359 0.0423611 0.0335938 0.0680556 0.266765
10 0.417188 0.0173611 0.015625 0.0347222 0.288619
1 0.477344 0.0423611 0.01875 0.0625 0.307195
6 0.957422 0.10625 0.0539063 0.176389 0.323951
8 0.594531 0.805556 0.0453125 0.15 0.329741
4 0.449609 0.0604167 0.0148437 0.0541667 0.335785
4 0.521484 0.668056 0.0273438 0.113889 0.36111
4 0.944141 0.931944 0.0242187 0.0444444 0.365062
10 0.477344 0.377083 0.0203125 0.0847222 0.369575
1 0.0316406 0.199306 0.0570313 0.159722 0.375905
10 0.423828 0.358333 0.0132813 0.0472222 0.377391
10 0.50625 0.251389 0.0140625 0.05 0.385822
6 0.724609 0.0256944 0.0335938 0.0458333 0.452561
4 0.396094 0.0506944 0.0171875 0.0652778 0.462835
10 0.396484 0.354861 0.0148437 0.0541667 0.487579
1 0.825391 0.607639 0.0570313 0.156944 0.571857
4 0.532812 0.0458333 0.015625 0.0611111 0.58308
4 0.533203 0.1125 0.0148437 0.0555556 0.614233
1 0.533203 0.130556 0.0179687 0.0805556 0.633422
4 0.560547 0.05625 0.0179687 0.0402778 0.639361
11 0.646484 0.729167 0.0460938 0.144444 0.644437
10 0.505859 0.202778 0.0164062 0.0388889 0.698855
4 0.450781 0.158333 0.015625 0.0472222 0.758579
4 0.45 0.107639 0.015625 0.0486111 0.775043
4 0.560547 0.109028 0.0148437 0.0486111 0.801547
4 0.5875 0.109028 0.015625 0.0486111 0.834374
4 0.395703 0.111806 0.0148437 0.0486111 0.836074
4 0.423438 0.108333 0.015625 0.05 0.839469
