3 0.658594 0.261111 0.059375 0.166667 0.325201
10 0.520312 0.711806 0.028125 0.0902778 0.39015
1 0.477344 0.202083 0.0171875 0.0458333 0.42762
10 0.554297 0.688194 0.0226563 0.0763889 0.437168
4 0.423438 0.20625 0.015625 0.0458333 0.473572
4 0.84375 0.885417 0.021875 0.0347222 0.523001
8 0.589453 0.807639 0.0398437 0.145833 0.623953
11 0.489844 0.754861 0.034375 0.126389 0.662943
4 0.450781 0.160417 0.0140625 0.0458333 0.693071
4 0.560938 0.109722 0.015625 0.05 0.71855
4 0.45 0.109028 0.0140625 0.0486111 0.732031
4 0.396484 0.109722 0.0148437 0.05 0.826994
4 0.5875 0.109722 0.015625 0.05 0.840168
4 0.533594 0.109722 0.015625 0.0472222 0.881629
