3 0.505859 0.254861 0.0179687 0.0458333 0.257473
10 0.423828 0.358333 0.0117188 0.0472222 0.264167
4 0.679297 0.0243056 0.0164062 0.0402778 0.264202
11 0.409766 0.722222 0.0476562 0.147222 0.267558
6 0.755078 0.0368056 0.0210938 0.0652778 0.274555
4 0.473828 0.0180556 0.0179687 0.025 0.295681
7 0.645312 0.718056 0.034375 0.108333 0.297862
6 0.716016 0.0263889 0.0273438 0.0416667 0.324398
4 0.50625 0.0555556 0.01875 0.0583333 0.339015
4 0.944531 0.932639 0.0265625 0.0458333 0.341147
3 0.84375 0.576389 0.0515625 0.141667 0.348798
9 0.467187 0.697222 0.040625 0.161111 0.354947
9 0.696484 0.630556 0.0351562 0.108333 0.365738
3 0.968359 0.190278 0.0570313 0.213889 0.370617
2 0.659375 0.252778 0.0625 0.177778 0.400418
4 0.417188 0.01875 0.0171875 0.0347222 0.400724
3 0.534375 0.153472 0.01875 0.0430556 0.402663
4 0.397266 0.0576389 0.0164062 0.101389 0.474796
8 0.586328 0.807639 0.0429688 0.148611 0.479029
11 0.644141 0.721528 0.0351562 0.118056 0.510161
4 0.451172 0.158333 0.0164062 0.0472222 0.519289
10 0.396875 0.354861 0.015625 0.0569444 0.535439
4 0.450391 0.107639 0.0148437 0.0486111 0.563025
1 0.765234 0.323611 0.0257812 0.108333 0.565569
4 0.560938 0.107639 0.015625 0.0486111 0.705346
4 0.5875 0.109028 0.015625 0.0486111 0.784881
4 0.396094 0.109722 0.015625 0.0472222 0.801994
4 0.423438 0.108333 0.015625 0.05 0.804858
4 0.533203 0.111806 0.0148437 0.0541667 0.818377
