6 0.896094 0.895833 0.0359375 0.0583333 0.253539
11 0.610547 0.790972 0.0382813 0.129167 0.283463
9 0.416406 0.7125 0.04375 0.152778 0.28604
4 0.50625 0.2125 0.015625 0.0611111 0.302475
4 0.588672 0.05 0.0179687 0.0527778 0.316387
10 0.416016 0.0173611 0.0164062 0.0347222 0.319762
1 0.760547 0.08125 0.0273438 0.129167 0.32852
8 0.477734 0.377778 0.0195312 0.0805556 0.330255
10 0.396484 0.35625 0.0148437 0.0569444 0.346014
10 0.505859 0.254861 0.0148437 0.0402778 0.3474
4 0.746094 0.920139 0.021875 0.0541667 0.348747
1 0.45 0.157639 0.01875 0.0458333 0.349596
4 0.397656 0.0666667 0.0171875 0.105556 0.355086
1 0.839844 0.59375 0.05625 0.159722 0.362382
4 0.944922 0.931944 0.0242187 0.0444444 0.369253
3 0.45 0.155556 0.01875 0.0472222 0.487623
1 0.532812 0.150694 0.0171875 0.0541667 0.512412
4 0.45 0.1125 0.015625 0.0527778 0.621045
4 0.533203 0.1125 0.0148437 0.05 0.668388
1 0.961328 0.100694 0.0570313 0.176389 0.715765
10 0.477734 0.375694 0.0195312 0.0791667 0.720174
4 0.396094 0.110417 0.015625 0.0458333 0.780994
4 0.587891 0.109028 0.0164062 0.0486111 0.799814
4 0.560938 0.110417 0.015625 0.0458333 0.825013
4 0.423438 0.109028 0.015625 0.0486111 0.832227
10 0.533594 0.383333 0.0203125 0.075 0.84207
4 0.477344 0.109028 0.0171875 0.0513889 0.873986
