4 0.50625 0.0472222 0.0171875 0.0583333 0.2661
2 0.6625 0.250694 0.0734375 0.179167 0.274462
6 0.720703 0.0270833 0.0414063 0.0458333 0.311503
1 0.560156 0.103472 0.0171875 0.0541667 0.320545
4 0.942187 0.929861 0.025 0.0486111 0.330828
10 0.50625 0.254861 0.0140625 0.0402778 0.340853
1 0.765625 0.215972 0.053125 0.156944 0.393511
4 0.559766 0.0583333 0.0179687 0.0416667 0.41348
10 0.423438 0.380556 0.0234375 0.0944444 0.414997
4 0.397656 0.0625 0.0171875 0.108333 0.428154
4 0.587891 0.05625 0.0179687 0.0430556 0.464945
8 0.477734 0.377083 0.0210938 0.0847222 0.511922
3 0.6625 0.25 0.06875 0.183333 0.524692
10 0.477734 0.375694 0.0195312 0.0819444 0.527995
4 0.844141 0.884722 0.0226563 0.0388889 0.550749
1 0.960938 0.0993056 0.0578125 0.168056 0.744038
4 0.560938 0.109028 0.015625 0.0486111 0.765865
10 0.533594 0.383333 0.0203125 0.075 0.801695
4 0.423047 0.105556 0.0179687 0.0555556 0.8175
4 0.396094 0.109722 0.0171875 0.0472222 0.823534
4 0.5875 0.109028 0.0171875 0.0513889 0.829529
4 0.450391 0.107639 0.0179687 0.0486111 0.834389
4 0.533594 0.110417 0.015625 0.0486111 0.867765
4 0.477344 0.109722 0.0171875 0.05 0.879978
