10 0.232031 0.8625 0.04375 0.15 0.251049
3 0.707422 0.109722 0.0539063 0.172222 0.276051
1 0.965234 0.113194 0.0539063 0.168056 0.283909
4 0.75625 0.0354167 0.021875 0.0625 0.301145
4 0.45 0.0840278 0.015625 0.0791667 0.301317
4 0.45 0.0611111 0.0140625 0.0527778 0.335463
7 0.644531 0.727083 0.040625 0.134722 0.357058
10 0.420312 0.01875 0.015625 0.0375 0.364642
10 0.423438 0.356944 0.0125 0.0444444 0.376318
11 0.587109 0.805556 0.0476562 0.147222 0.376721
1 0.651563 0.245833 0.0578125 0.205556 0.409457
10 0.396875 0.354861 0.015625 0.0541667 0.420203
4 0.419141 0.01875 0.0164062 0.0347222 0.482831
1 0.476172 0.0472222 0.0179687 0.0527778 0.49598
1 0.505859 0.254167 0.0179687 0.0444444 0.501217
4 0.397656 0.05625 0.0171875 0.0986111 0.514245
4 0.507031 0.0590278 0.0171875 0.0486111 0.526184
1 0.706641 0.111111 0.0507812 0.186111 0.559331
11 0.641406 0.729861 0.0453125 0.140278 0.585879
8 0.589453 0.807639 0.0445312 0.148611 0.63068
7 0.289844 0.357639 0.05625 0.181944 0.720102
4 0.451172 0.157639 0.0164062 0.0486111 0.758564
4 0.844141 0.884722 0.0242187 0.0388889 0.772996
4 0.560938 0.107639 0.015625 0.0486111 0.784214
4 0.45 0.108333 0.015625 0.0472222 0.809166
4 0.395703 0.110417 0.0148437 0.0458333 0.815753
4 0.5875 0.109722 0.015625 0.05 0.822679
4 0.423438 0.108333 0.015625 0.05 0.849365
4 0.533594 0.110417 0.015625 0.0486111 0.879201
