1 0.857813 0.482639 0.0625 0.170833 0.251267
4 0.560156 0.0583333 0.01875 0.0472222 0.259494
4 0.45 0.0611111 0.0140625 0.0583333 0.272727
11 0.589844 0.802778 0.0453125 0.155556 0.280226
4 0.75625 0.0368056 0.01875 0.0652778 0.28621
4 0.944922 0.931944 0.0242187 0.0444444 0.297308
10 0.424219 0.357639 0.0125 0.0458333 0.299968
1 0.65625 0.2625 0.0578125 0.177778 0.30192
10 0.23125 0.863889 0.0421875 0.15 0.315358
1 0.710547 0.115278 0.0492188 0.183333 0.331142
3 0.50625 0.254167 0.01875 0.0472222 0.334418
4 0.844141 0.884722 0.0257812 0.0388889 0.368916
10 0.414453 0.720833 0.0414063 0.15 0.371168
4 0.398828 0.0402778 0.0195312 0.0722222 0.387125
4 0.746875 0.920139 0.0203125 0.0486111 0.40862
1 0.961328 0.104167 0.0523437 0.175 0.408715
1 0.477344 0.0444444 0.01875 0.0583333 0.410239
3 0.708984 0.115278 0.0492188 0.188889 0.431644
7 0.644141 0.726389 0.0414063 0.133333 0.482794
1 0.83125 0.613194 0.05625 0.165278 0.528238
4 0.507422 0.0597222 0.0179687 0.05 0.644721
11 0.641016 0.728472 0.0445312 0.140278 0.734632
4 0.560938 0.108333 0.015625 0.0472222 0.743677
4 0.451562 0.157639 0.015625 0.0486111 0.756632
4 0.45 0.108333 0.015625 0.0472222 0.761634
8 0.5875 0.806944 0.04375 0.15 0.767157
4 0.396484 0.110417 0.0148437 0.0458333 0.79712
4 0.423828 0.108333 0.0148437 0.05 0.822279
4 0.587891 0.110417 0.0164062 0.0486111 0.832471
4 0.533594 0.110417 0.015625 0.0486111 0.875101
