10 0.423438 0.358333 0.0125 0.0472222 0.262441
1 0.769922 0.347222 0.0335938 0.122222 0.309086
7 0.644922 0.720139 0.0351562 0.1125 0.331231
4 0.473437 0.01875 0.01875 0.0263889 0.33361
4 0.844922 0.884722 0.0273438 0.0388889 0.337355
4 0.678906 0.0256944 0.0171875 0.0430556 0.34413
3 0.534375 0.153472 0.01875 0.0430556 0.346887
8 0.586328 0.808333 0.0429688 0.147222 0.352409
11 0.411328 0.713889 0.0492188 0.163889 0.360533
4 0.50625 0.05625 0.01875 0.0569444 0.370062
4 0.417188 0.0194444 0.0171875 0.0361111 0.386996
10 0.525781 0.759028 0.034375 0.129167 0.424281
1 0.710547 0.528472 0.0492188 0.148611 0.428264
2 0.660547 0.252778 0.0648438 0.177778 0.455209
4 0.396875 0.0569444 0.0171875 0.102778 0.505491
10 0.396484 0.354861 0.0148437 0.0569444 0.508892
4 0.45 0.106944 0.015625 0.05 0.53067
4 0.451172 0.157639 0.0164062 0.0486111 0.552411
11 0.644141 0.720833 0.0367187 0.122222 0.639776
4 0.560938 0.107639 0.015625 0.0486111 0.713875
4 0.5875 0.109722 0.015625 0.05 0.800858
4 0.396094 0.109722 0.015625 0.0472222 0.801846
4 0.533203 0.111806 0.0148437 0.0541667 0.809908
4 0.423438 0.107639 0.015625 0.0513889 0.812998
