6 0.0390625 0.930556 0.0453125 0.0916667 0.255548
10 0.580469 0.711111 0.0328125 0.105556 0.267988
3 0.508203 0.354861 0.0195312 0.0458333 0.281076
11 0.533594 0.775694 0.034375 0.106944 0.2978
4 0.841797 0.886111 0.0273438 0.0416667 0.312455
7 0.49375 0.759028 0.0359375 0.120833 0.321082
4 0.560547 0.05625 0.0179687 0.0430556 0.322932
11 0.248437 0.879861 0.06875 0.184722 0.33911
10 0.424219 0.356944 0.0140625 0.0444444 0.340646
4 0.396875 0.05 0.0171875 0.0638889 0.367068
1 0.533594 0.126389 0.0171875 0.0722222 0.3751
4 0.533984 0.204167 0.0148437 0.05 0.388405
9 0.408203 0.688889 0.0445312 0.161111 0.468541
10 0.533594 0.776389 0.0328125 0.0972222 0.516808
11 0.59375 0.809722 0.0453125 0.15 0.583494
6 0.970312 0.501389 0.05625 0.177778 0.627116
10 0.397266 0.354167 0.0148437 0.05 0.652113
11 0.49375 0.758333 0.0328125 0.125 0.653438
4 0.451562 0.156944 0.015625 0.0472222 0.695638
4 0.560938 0.107639 0.0140625 0.0458333 0.696983
4 0.450391 0.107639 0.0148437 0.0458333 0.7319
4 0.5875 0.109028 0.015625 0.0486111 0.79144
4 0.533594 0.109028 0.0140625 0.0513889 0.806222
4 0.423438 0.106944 0.015625 0.05 0.810441
4 0.396094 0.109028 0.015625 0.0486111 0.82513
3 0.969922 0.502778 0.0585938 0.183333 0.864598
