4 0.746484 0.921528 0.0210938 0.0486111 0.25254
1 0.533594 0.0465278 0.0171875 0.0541667 0.280405
10 0.419141 0.711806 0.0367187 0.131944 0.283496
4 0.422656 0.249306 0.0140625 0.0513889 0.291585
1 0.719141 0.113194 0.0492188 0.184722 0.295851
10 0.507812 0.743056 0.0296875 0.0944444 0.296031
10 0.505859 0.254861 0.0148437 0.0375 0.314073
8 0.594531 0.803472 0.0453125 0.151389 0.326157
1 0.9625 0.101389 0.05 0.158333 0.336551
11 0.521094 0.66875 0.034375 0.131944 0.349693
4 0.942187 0.930556 0.0234375 0.0472222 0.360251
11 0.529297 0.765972 0.0335938 0.109722 0.360665
10 0.423047 0.357639 0.0132813 0.0458333 0.390691
4 0.532812 0.0444444 0.015625 0.0611111 0.42634
11 0.575391 0.684722 0.0382813 0.155556 0.441262
10 0.477344 0.377778 0.01875 0.0777778 0.450959
4 0.396484 0.0444444 0.0164062 0.0583333 0.451252
10 0.396484 0.354167 0.0148437 0.0527778 0.488443
4 0.505469 0.20625 0.0140625 0.0402778 0.52417
4 0.844531 0.886111 0.0234375 0.0388889 0.533097
6 0.724219 0.0229167 0.034375 0.0402778 0.541559
10 0.450391 0.154167 0.0148437 0.0444444 0.541682
1 0.476562 0.0381944 0.01875 0.0625 0.57748
4 0.560547 0.0555556 0.0179687 0.0388889 0.584732
7 0.575781 0.675694 0.0375 0.148611 0.649806
11 0.646484 0.727083 0.0445312 0.143056 0.685137
4 0.45 0.104861 0.015625 0.0458333 0.691731
1 0.533203 0.131944 0.0179687 0.0805556 0.72566
4 0.560156 0.109028 0.0140625 0.0486111 0.78412
4 0.423047 0.107639 0.0164062 0.0513889 0.816686
4 0.476953 0.109028 0.0148437 0.0486111 0.824979
4 0.5875 0.108333 0.015625 0.0472222 0.829266
4 0.395703 0.110417 0.0148437 0.0486111 0.853995
