3 0.714063 0.106944 0.0484375 0.169444 0.253738
4 0.50625 0.0576389 0.0203125 0.0541667 0.262963
10 0.415234 0.717361 0.0445312 0.156944 0.265871
10 0.232422 0.863194 0.0414063 0.145833 0.294007
4 0.45 0.0625 0.015625 0.0638889 0.328593
10 0.423438 0.357639 0.0125 0.0458333 0.355846
10 0.397266 0.354861 0.0148437 0.0541667 0.372822
3 0.451172 0.157639 0.0164062 0.0486111 0.377059
3 0.761328 0.0527778 0.0242187 0.0944444 0.392447
4 0.417578 0.0194444 0.0179687 0.0361111 0.405222
4 0.451172 0.157639 0.0164062 0.0486111 0.44687
10 0.527734 0.757639 0.0335938 0.131944 0.495168
4 0.450391 0.106944 0.0164062 0.05 0.569077
4 0.397266 0.0527778 0.0179687 0.0944444 0.577022
8 0.5875 0.808333 0.0390625 0.147222 0.686029
4 0.560547 0.107639 0.0148437 0.0486111 0.712139
4 0.396094 0.110417 0.015625 0.0458333 0.780562
4 0.533203 0.111806 0.0148437 0.0541667 0.782755
4 0.5875 0.109722 0.015625 0.05 0.794218
4 0.423438 0.107639 0.015625 0.0513889 0.801826
