10 0.603516 0.690278 0.0289063 0.116667 0.265451
1 0.657031 0.260417 0.05625 0.170833 0.27153
3 0.766797 0.175 0.0523437 0.183333 0.322771
4 0.941797 0.929861 0.0273438 0.0486111 0.339752
10 0.396875 0.353472 0.015625 0.0513889 0.381566
4 0.423438 0.204861 0.0125 0.0430556 0.381705
4 0.844922 0.885417 0.0257812 0.0402778 0.402497
10 0.436328 0.705556 0.0367187 0.122222 0.418336
4 0.505859 0.0597222 0.0179687 0.0472222 0.489577
6 0.634766 0.0777778 0.0367187 0.113889 0.51222
11 0.231641 0.88125 0.0539063 0.173611 0.565179
3 0.772266 0.0736111 0.0367187 0.130556 0.637197
6 0.0421875 0.93125 0.0390625 0.0819444 0.674377
4 0.451172 0.156944 0.0148437 0.0472222 0.696229
4 0.45 0.109722 0.0140625 0.05 0.721564
4 0.560547 0.107639 0.0164062 0.0486111 0.754723
4 0.587109 0.109722 0.0148437 0.0527778 0.792492
4 0.396094 0.159028 0.0140625 0.0513889 0.803542
8 0.590625 0.805556 0.0453125 0.155556 0.8186
4 0.533594 0.109028 0.015625 0.0486111 0.870703
