10 0.505859 0.253472 0.0148437 0.0375 0.254843
4 0.746094 0.919444 0.021875 0.05 0.254999
1 0.533594 0.0486111 0.0171875 0.0527778 0.267521
10 0.416406 0.0166667 0.015625 0.0333333 0.281485
11 0.469531 0.664583 0.03125 0.1125 0.294825
3 0.663281 0.260417 0.059375 0.1625 0.294973
11 0.594531 0.803472 0.046875 0.159722 0.307639
1 0.450781 0.158333 0.0171875 0.0416667 0.309947
3 0.450391 0.155556 0.0179687 0.0444444 0.330509
1 0.7625 0.146528 0.0375 0.143056 0.341164
4 0.397656 0.0708333 0.015625 0.108333 0.342042
10 0.417969 0.710417 0.0359375 0.126389 0.359347
1 0.476172 0.0395833 0.0195312 0.0625 0.360162
10 0.423047 0.357639 0.0132813 0.0458333 0.374303
1 0.764063 0.263194 0.0515625 0.181944 0.392853
1 0.662109 0.259028 0.0570313 0.1625 0.403085
4 0.532812 0.0451389 0.0171875 0.0597222 0.416273
4 0.50625 0.206944 0.0140625 0.0388889 0.436473
10 0.520312 0.663194 0.0296875 0.109722 0.474508
4 0.844922 0.886111 0.0257812 0.0388889 0.475685
4 0.560547 0.05625 0.0179687 0.0402778 0.479363
10 0.477344 0.378472 0.01875 0.0763889 0.490564
11 0.642969 0.727778 0.040625 0.138889 0.494805
10 0.396484 0.353472 0.0148437 0.0513889 0.506742
5 0.761328 0.243056 0.0492188 0.177778 0.519149
10 0.50625 0.747222 0.028125 0.0916667 0.553142
4 0.45 0.110417 0.0140625 0.0513889 0.578683
1 0.961328 0.101389 0.0554687 0.166667 0.578806
11 0.573438 0.706944 0.0375 0.125 0.681196
8 0.593359 0.800694 0.0476562 0.159722 0.716536
1 0.533594 0.13125 0.0171875 0.0819444 0.722702
1 0.848437 0.604167 0.0640625 0.169444 0.731557
4 0.560547 0.109028 0.0148437 0.0486111 0.782255
4 0.423438 0.108333 0.015625 0.0472222 0.828464
4 0.5875 0.109028 0.015625 0.0486111 0.832844
4 0.396484 0.111111 0.0148437 0.0472222 0.841282
4 0.477734 0.108333 0.0164062 0.05 0.854201
