1 0.533984 0.204861 0.0195312 0.0569444 0.270294
10 0.00820312 0.24375 0.0148437 0.151389 0.2753
6 0.71875 0.0263889 0.03125 0.0388889 0.275709
3 0.508594 0.352083 0.0203125 0.0486111 0.277557
4 0.410937 0.0194444 0.015625 0.0361111 0.305649
4 0.416797 0.01875 0.0164062 0.0319444 0.306058
4 0.560156 0.0576389 0.01875 0.0513889 0.335591
10 0.396875 0.354167 0.015625 0.05 0.344403
1 0.476953 0.202778 0.0164062 0.0444444 0.376444
4 0.396875 0.0430556 0.0171875 0.0611111 0.510159
3 0.651563 0.25625 0.053125 0.165278 0.52768
4 0.844922 0.884028 0.0242187 0.0402778 0.553773
11 0.589063 0.809028 0.04375 0.151389 0.661254
4 0.450781 0.160417 0.015625 0.0458333 0.701328
4 0.560938 0.106944 0.015625 0.05 0.717185
11 0.489453 0.754861 0.0351562 0.129167 0.720549
4 0.45 0.107639 0.0140625 0.0458333 0.764022
4 0.423047 0.106944 0.0148437 0.05 0.809379
4 0.396094 0.109722 0.015625 0.0472222 0.816137
4 0.5875 0.108333 0.015625 0.05 0.826151
4 0.533984 0.108333 0.0148437 0.05 0.849061
