3 0.978906 0.286111 0.0421875 0.177778 0.260211
10 0.424219 0.353472 0.0140625 0.0458333 0.285373
3 0.773438 0.0576389 0.0328125 0.104167 0.301989
6 0.0246094 0.933333 0.0335938 0.0805556 0.302483
1 0.654688 0.175 0.0421875 0.122222 0.312303
4 0.423438 0.205556 0.0125 0.0444444 0.333762
1 0.650391 0.249306 0.0507812 0.1625 0.343484
4 0.683203 0.0277778 0.0195312 0.0444444 0.360645
4 0.944922 0.931944 0.0242187 0.0444444 0.375036
4 0.745703 0.921528 0.0210938 0.0486111 0.378537
10 0.450781 0.348611 0.0171875 0.05 0.402332
4 0.451172 0.350694 0.0164062 0.0513889 0.428532
12 0.201172 0.852778 0.0414063 0.102778 0.522246
10 0.397656 0.352778 0.015625 0.05 0.572275
11 0.591016 0.800694 0.0460938 0.165278 0.580119
6 0.0414063 0.93125 0.0390625 0.0847222 0.58278
4 0.844531 0.886806 0.0265625 0.0430556 0.624936
4 0.450781 0.0576389 0.0171875 0.0402778 0.628636
4 0.560547 0.10625 0.0148437 0.0486111 0.657924
10 0.492188 0.756944 0.0328125 0.116667 0.660535
4 0.451953 0.156944 0.0148437 0.0472222 0.683451
4 0.587109 0.109028 0.0148437 0.0513889 0.753327
4 0.450781 0.107639 0.0140625 0.0513889 0.761392
4 0.533594 0.108333 0.0140625 0.0472222 0.803845
4 0.396094 0.158333 0.0140625 0.0527778 0.810786
8 0.590625 0.80625 0.0453125 0.156944 0.835551
