6 0.973437 0.0875 0.046875 0.166667 0.273512
4 0.683594 0.0284722 0.0171875 0.0402778 0.281205
1 0.648828 0.247222 0.0507812 0.169444 0.329267
4 0.945703 0.932639 0.0242187 0.0430556 0.343079
10 0.450391 0.347917 0.0179687 0.0513889 0.348
4 0.423438 0.205556 0.0125 0.0444444 0.353143
10 0.00859375 0.246528 0.015625 0.154167 0.369614
3 0.774609 0.0583333 0.0367187 0.105556 0.430599
6 0.0511719 0.931944 0.0476562 0.0944444 0.454655
4 0.603906 0.697917 0.034375 0.131944 0.478036
10 0.397266 0.353472 0.0164062 0.0486111 0.543648
4 0.845312 0.886111 0.0265625 0.0416667 0.55746
4 0.451172 0.15625 0.0148437 0.0486111 0.586455
8 0.589063 0.802778 0.046875 0.158333 0.659059
11 0.588281 0.801389 0.0484375 0.163889 0.685064
4 0.560547 0.10625 0.0148437 0.0486111 0.695354
4 0.450781 0.0583333 0.0171875 0.0416667 0.726004
4 0.450781 0.108333 0.0140625 0.05 0.7656
4 0.587109 0.109028 0.0148437 0.0513889 0.781414
4 0.396094 0.158333 0.0140625 0.0527778 0.810764
4 0.533594 0.108333 0.0140625 0.0472222 0.828381
