1 0.121094 0.945833 0.0625 0.108333 0.262652
4 0.559766 0.0583333 0.0195312 0.0444444 0.263977
4 0.423047 0.213194 0.0148437 0.0680556 0.266029
1 0.0136719 0.141667 0.0257812 0.136111 0.334098
10 0.397266 0.353472 0.0148437 0.0486111 0.362043
4 0.846484 0.893056 0.0304688 0.0583333 0.367457
10 0.605078 0.710417 0.0335938 0.140278 0.412183
11 0.491406 0.759722 0.034375 0.125 0.427998
4 0.450781 0.15625 0.0140625 0.0486111 0.466599
8 0.591016 0.808333 0.0445312 0.152778 0.516853
10 0.469141 0.645833 0.0273438 0.0805556 0.670613
4 0.45 0.109722 0.0140625 0.05 0.710078
3 0.658203 0.263194 0.0632813 0.190278 0.71852
4 0.560938 0.107639 0.015625 0.0486111 0.722449
4 0.395703 0.159028 0.0148437 0.0513889 0.815537
4 0.5875 0.109722 0.015625 0.05 0.819219
4 0.533594 0.109722 0.015625 0.0472222 0.877407
