10 0.41875 0.01875 0.0171875 0.0375 0.261585
4 0.451562 0.134028 0.015625 0.0819444 0.28721
1 0.760547 0.146528 0.0335938 0.140278 0.309931
4 0.418359 0.0194444 0.0179687 0.0361111 0.310176
4 0.506641 0.0569444 0.0195312 0.0555556 0.312512
11 0.646094 0.720139 0.034375 0.118056 0.343663
4 0.687891 0.025 0.0195312 0.0388889 0.381182
3 0.451172 0.157639 0.0179687 0.0513889 0.414429
4 0.451562 0.157639 0.0171875 0.0513889 0.426069
4 0.397656 0.0597222 0.0171875 0.102778 0.447238
4 0.450781 0.0611111 0.015625 0.0527778 0.460131
10 0.397266 0.354167 0.0164062 0.0555556 0.49135
1 0.533594 0.131944 0.01875 0.0805556 0.546827
3 0.656641 0.250694 0.0632813 0.179167 0.55238
4 0.844922 0.884028 0.0257812 0.0402778 0.600718
10 0.530469 0.778472 0.03125 0.0930556 0.64253
4 0.450391 0.107639 0.0164062 0.0513889 0.658035
8 0.588672 0.808333 0.0429688 0.147222 0.673705
4 0.533203 0.111806 0.0164062 0.0541667 0.713541
4 0.560938 0.108333 0.015625 0.05 0.765878
4 0.586719 0.111806 0.015625 0.0541667 0.802768
4 0.423438 0.107639 0.015625 0.0513889 0.806588
4 0.396484 0.109722 0.0164062 0.0472222 0.807516
