6 0.896094 0.895833 0.0359375 0.0555556 0.259178
7 0.610547 0.795139 0.0382813 0.120833 0.259901
4 0.944922 0.93125 0.0242187 0.0458333 0.306465
10 0.422656 0.201389 0.0140625 0.0472222 0.308336
4 0.397656 0.0694444 0.0171875 0.105556 0.318845
3 0.45 0.154167 0.01875 0.0472222 0.337711
1 0.8375 0.602778 0.059375 0.177778 0.395826
4 0.505469 0.0451389 0.0171875 0.0597222 0.413006
10 0.396875 0.354861 0.015625 0.0569444 0.414115
1 0.450781 0.15625 0.0171875 0.0458333 0.431683
4 0.532812 0.113194 0.015625 0.0513889 0.484723
10 0.477344 0.377083 0.01875 0.0791667 0.566458
1 0.967578 0.0951389 0.0570313 0.159722 0.583366
4 0.45 0.113889 0.015625 0.0527778 0.587938
4 0.589453 0.0486111 0.0179687 0.0527778 0.62118
1 0.533594 0.134722 0.01875 0.0777778 0.624346
4 0.396094 0.109722 0.015625 0.0472222 0.791152
4 0.587891 0.109028 0.0164062 0.0486111 0.801715
4 0.561328 0.109028 0.0148437 0.0458333 0.810685
4 0.423438 0.108333 0.015625 0.05 0.829332
4 0.477734 0.109028 0.0164062 0.0513889 0.868225
