7 0.492188 0.759028 0.0328125 0.118056 0.262819
10 0.534375 0.241667 0.015625 0.0611111 0.272809
10 0.424219 0.356944 0.0140625 0.0416667 0.288713
10 0.396875 0.353472 0.015625 0.0513889 0.305283
10 0.534375 0.359028 0.0140625 0.0430556 0.318931
11 0.454297 0.74375 0.0367187 0.140278 0.329792
11 0.338281 0.275 0.05625 0.183333 0.333925
4 0.534375 0.203472 0.015625 0.0458333 0.377172
3 0.507422 0.355556 0.0195312 0.0472222 0.382524
1 0.655078 0.265278 0.0523437 0.163889 0.445877
4 0.560156 0.0569444 0.01875 0.0416667 0.449269
8 0.59375 0.809722 0.0421875 0.158333 0.457467
4 0.396094 0.05 0.0171875 0.0638889 0.464078
9 0.404687 0.69375 0.0421875 0.154167 0.465886
4 0.844922 0.884722 0.0242187 0.0388889 0.500167
3 0.658203 0.272222 0.0554687 0.155556 0.562138
1 0.966406 0.106944 0.05625 0.169444 0.575328
3 0.980078 0.274306 0.0382813 0.156944 0.597026
4 0.450781 0.156944 0.015625 0.0472222 0.61013
11 0.491797 0.754861 0.0335938 0.120833 0.63205
11 0.591406 0.808333 0.04375 0.152778 0.645588
4 0.45 0.108333 0.0140625 0.0472222 0.702547
4 0.560547 0.107639 0.0148437 0.0486111 0.723906
4 0.395703 0.110417 0.0148437 0.0458333 0.792701
4 0.423047 0.107639 0.0148437 0.0486111 0.813139
4 0.533594 0.109028 0.0140625 0.0513889 0.813146
4 0.5875 0.109028 0.015625 0.0486111 0.815534
