1 0.0433594 0.959722 0.0335938 0.0583333 0.277311
10 0.533984 0.247222 0.0164062 0.0555556 0.282351
1 0.669531 0.0854167 0.0328125 0.106944 0.283054
1 0.694922 0.0722222 0.0242187 0.0972222 0.322252
1 0.450391 0.159722 0.0148437 0.0472222 0.412518
3 0.0355469 0.251389 0.0507812 0.138889 0.41736
4 0.451172 0.156944 0.0148437 0.05 0.467124
4 0.422656 0.20625 0.0125 0.0430556 0.53892
4 0.559766 0.0569444 0.0195312 0.0361111 0.549313
10 0.396094 0.353472 0.015625 0.0486111 0.622178
4 0.560156 0.105556 0.015625 0.05 0.664259
4 0.396094 0.159722 0.0140625 0.05 0.805837
4 0.586719 0.109028 0.015625 0.0513889 0.816803
4 0.533203 0.109028 0.0148437 0.0486111 0.849103
