10 0.00898437 0.257639 0.0164062 0.151389 0.252873
10 0.417578 0.01875 0.0164062 0.0347222 0.286225
10 0.424219 0.357639 0.0140625 0.0402778 0.291307
10 0.218359 0.359028 0.0226563 0.0819444 0.32292
11 0.251953 0.885417 0.0632813 0.173611 0.328055
3 0.507812 0.356944 0.0203125 0.0444444 0.330534
1 0.473437 0.0208333 0.0203125 0.0277778 0.33813
11 0.531641 0.772222 0.0335938 0.108333 0.339257
10 0.533984 0.359028 0.0148437 0.0402778 0.350711
4 0.560156 0.0576389 0.01875 0.0430556 0.372126
11 0.453906 0.744444 0.0359375 0.138889 0.375404
9 0.405078 0.695833 0.0414063 0.147222 0.381954
4 0.397266 0.0638889 0.0164062 0.105556 0.383719
8 0.593359 0.811111 0.0429688 0.158333 0.39973
3 0.758984 0.0868056 0.0242187 0.106944 0.417476
1 0.533984 0.122917 0.0164062 0.0708333 0.424543
4 0.533984 0.203472 0.0164062 0.0486111 0.463956
3 0.980859 0.28125 0.0382813 0.168056 0.513924
10 0.397656 0.354861 0.015625 0.0486111 0.620219
4 0.844922 0.884028 0.0257812 0.0375 0.631217
4 0.451953 0.158333 0.0164062 0.0472222 0.704537
4 0.560938 0.107639 0.015625 0.0486111 0.704614
4 0.450391 0.107639 0.0148437 0.0458333 0.780501
11 0.592188 0.809028 0.04375 0.151389 0.782237
4 0.423438 0.107639 0.015625 0.0513889 0.797381
4 0.587891 0.109722 0.0164062 0.05 0.806499
4 0.533594 0.109722 0.0140625 0.0527778 0.817473
4 0.396484 0.111111 0.0148437 0.05 0.82763
11 0.492188 0.757639 0.034375 0.131944 0.829419
