4 0.745703 0.920833 0.0210938 0.05 0.274452
4 0.410937 0.0194444 0.015625 0.0361111 0.283472
11 0.529688 0.779167 0.0328125 0.102778 0.284198
1 0.757422 0.0902778 0.0226563 0.105556 0.310387
4 0.560156 0.0569444 0.01875 0.0444444 0.311755
4 0.450391 0.0604167 0.0148437 0.0541667 0.346378
4 0.683594 0.0284722 0.01875 0.0458333 0.378618
4 0.417578 0.0194444 0.0164062 0.0333333 0.38382
1 0.821094 0.593056 0.053125 0.122222 0.407651
10 0.397266 0.355556 0.0148437 0.05 0.505551
8 0.588672 0.809028 0.0445312 0.148611 0.564005
4 0.396875 0.04375 0.0171875 0.0625 0.579239
4 0.451953 0.157639 0.0164062 0.0486111 0.612876
4 0.450391 0.107639 0.0148437 0.0486111 0.636026
4 0.533203 0.109722 0.0148437 0.0555556 0.660535
1 0.533984 0.13125 0.0179687 0.0847222 0.683249
4 0.560938 0.107639 0.015625 0.0513889 0.690331
10 0.529688 0.779167 0.0296875 0.0888889 0.724261
4 0.423828 0.106944 0.0148437 0.05 0.773884
4 0.396484 0.110417 0.0148437 0.0458333 0.788522
4 0.587891 0.109028 0.0164062 0.0513889 0.810691
