4 0.449609 0.0770833 0.0164062 0.0791667 0.268175
4 0.560156 0.0576389 0.0203125 0.0458333 0.310207
3 0.762891 0.250694 0.0570313 0.176389 0.358048
10 0.529297 0.775694 0.0320312 0.0958333 0.376676
1 0.476172 0.0486111 0.0195312 0.05 0.378308
4 0.746094 0.919444 0.021875 0.0555556 0.381325
4 0.397656 0.0680556 0.0171875 0.111111 0.39
7 0.647656 0.725 0.0421875 0.141667 0.394323
11 0.589453 0.805556 0.0476562 0.144444 0.411714
10 0.423828 0.358333 0.0132813 0.0472222 0.420026
4 0.843359 0.884722 0.0242187 0.0333333 0.421143
11 0.642969 0.726389 0.046875 0.147222 0.431186
4 0.945312 0.931944 0.0234375 0.0444444 0.432231
1 0.836328 0.58125 0.0554687 0.143056 0.493237
10 0.51875 0.665972 0.0328125 0.1125 0.51156
1 0.653516 0.25 0.0570313 0.194444 0.541642
1 0.708984 0.114583 0.0523437 0.195833 0.612031
1 0.533594 0.129861 0.01875 0.0819444 0.632331
4 0.533203 0.113194 0.0148437 0.0541667 0.663506
4 0.50625 0.0604167 0.01875 0.0486111 0.695969
8 0.590234 0.806944 0.0445312 0.15 0.698309
10 0.478125 0.378472 0.01875 0.0736111 0.734704
4 0.560547 0.109028 0.0148437 0.0486111 0.736918
4 0.450391 0.158333 0.0164062 0.05 0.744822
4 0.45 0.109028 0.015625 0.0486111 0.756015
4 0.5875 0.110417 0.015625 0.0513889 0.792966
4 0.395703 0.111806 0.0148437 0.0486111 0.823458
4 0.423438 0.109028 0.015625 0.0486111 0.859437
