4 0.560156 0.0569444 0.0203125 0.0527778 0.260552
10 0.620313 0.756944 0.0359375 0.138889 0.384352
4 0.844531 0.886806 0.0265625 0.0430556 0.445967
3 0.506641 0.0576389 0.0179687 0.0486111 0.451152
10 0.396875 0.354861 0.015625 0.0513889 0.471863
8 0.592969 0.811111 0.0421875 0.158333 0.475351
10 0.469531 0.647917 0.028125 0.0819444 0.53115
11 0.591406 0.809722 0.04375 0.15 0.53126
11 0.492188 0.759028 0.034375 0.129167 0.555315
4 0.451172 0.157639 0.0148437 0.0486111 0.638438
4 0.450391 0.109722 0.0148437 0.0527778 0.667564
7 0.0117188 0.0673611 0.0234375 0.120833 0.725566
4 0.561328 0.106944 0.0164062 0.0527778 0.735554
4 0.396094 0.109722 0.015625 0.0527778 0.801382
4 0.587891 0.108333 0.0164062 0.05 0.806418
4 0.533594 0.108333 0.015625 0.05 0.877733
