3 0.50625 0.0604167 0.01875 0.0458333 0.333533
4 0.560156 0.0590278 0.01875 0.0458333 0.337574
4 0.423438 0.20625 0.0125 0.0430556 0.349483
4 0.50625 0.0611111 0.01875 0.0472222 0.357852
4 0.844922 0.885417 0.0257812 0.0402778 0.362677
10 0.397266 0.353472 0.0148437 0.0513889 0.413014
4 0.451172 0.15625 0.0148437 0.0486111 0.438901
10 0.604688 0.709722 0.034375 0.138889 0.468358
3 0.65625 0.247917 0.065625 0.1875 0.521953
11 0.491406 0.759722 0.034375 0.125 0.662516
10 0.469531 0.645833 0.028125 0.0805556 0.672935
8 0.591016 0.808333 0.0445312 0.152778 0.708105
4 0.450391 0.109722 0.0148437 0.05 0.726654
4 0.560938 0.106944 0.015625 0.05 0.753547
4 0.395703 0.158333 0.0148437 0.0527778 0.821804
4 0.5875 0.110417 0.015625 0.0486111 0.829811
4 0.533594 0.109722 0.015625 0.0472222 0.882692
