11 0.59375 0.800694 0.0484375 0.148611 0.252055
6 0.0476562 0.918056 0.05625 0.122222 0.252212
4 0.944531 0.932639 0.0265625 0.0430556 0.280445
3 0.661719 0.261111 0.0640625 0.161111 0.30146
4 0.560156 0.0576389 0.0171875 0.0430556 0.317292
4 0.844922 0.885417 0.0273438 0.0402778 0.330223
11 0.491016 0.754861 0.0335938 0.123611 0.331507
10 0.607422 0.711806 0.0320312 0.134722 0.344878
10 0.424609 0.35625 0.0132813 0.0458333 0.359715
4 0.505859 0.0611111 0.0179687 0.0472222 0.365887
10 0.491016 0.757639 0.0335938 0.118056 0.376541
3 0.50625 0.0604167 0.0171875 0.0458333 0.384305
1 0.660547 0.259028 0.0617188 0.165278 0.394392
4 0.451172 0.15625 0.0148437 0.0486111 0.409594
4 0.423438 0.20625 0.0125 0.0430556 0.409842
11 0.234766 0.881944 0.0570313 0.175 0.435044
10 0.434375 0.704861 0.0375 0.120833 0.453199
3 0.772266 0.0708333 0.0398437 0.127778 0.578264
10 0.397266 0.354861 0.0148437 0.0486111 0.582647
7 0.556641 0.66875 0.0398437 0.140278 0.639538
4 0.560547 0.109722 0.0148437 0.0472222 0.724947
4 0.450391 0.110417 0.0148437 0.0513889 0.740034
8 0.590625 0.805556 0.04375 0.152778 0.807252
4 0.396094 0.158333 0.0140625 0.0527778 0.835493
4 0.5875 0.109722 0.015625 0.0472222 0.856993
4 0.533984 0.109722 0.0148437 0.0472222 0.88759
