4 0.759766 0.0347222 0.0179687 0.0638889 0.280394
4 0.942578 0.930556 0.0273438 0.0472222 0.329918
10 0.450391 0.348611 0.0179687 0.0527778 0.330401
4 0.423438 0.205556 0.0125 0.0444444 0.3555
10 0.21875 0.359028 0.0203125 0.0847222 0.382484
3 0.746484 0.214583 0.0570313 0.204167 0.398224
10 0.469531 0.647917 0.0265625 0.0791667 0.401887
10 0.604688 0.700694 0.03125 0.126389 0.420722
3 0.983984 0.282639 0.0320312 0.165278 0.451727
6 0.0515625 0.926389 0.046875 0.102778 0.469518
4 0.844922 0.886806 0.0273438 0.0430556 0.472494
3 0.758984 0.0618056 0.0210938 0.0902778 0.472915
10 0.458203 0.75 0.0382813 0.116667 0.482705
11 0.651563 0.727083 0.03125 0.0930556 0.492813
4 0.451172 0.15625 0.0148437 0.0486111 0.533986
10 0.396875 0.353472 0.015625 0.0486111 0.553946
10 0.437109 0.665972 0.0320312 0.115278 0.668073
4 0.450391 0.0576389 0.0164062 0.0430556 0.680285
4 0.560547 0.10625 0.0148437 0.0486111 0.690006
4 0.450781 0.107639 0.0140625 0.0513889 0.747106
11 0.590625 0.808333 0.0484375 0.161111 0.764317
4 0.587109 0.109028 0.0148437 0.0513889 0.780255
4 0.395703 0.158333 0.0148437 0.0527778 0.809196
4 0.533594 0.108333 0.0140625 0.0472222 0.828119
