10 0.620313 0.754861 0.03125 0.129167 0.26526
10 0.423828 0.356944 0.0132813 0.0444444 0.289464
10 0.435156 0.671528 0.0328125 0.1125 0.296282
10 0.556641 0.683333 0.0257812 0.0805556 0.332749
6 0.722656 0.0256944 0.03125 0.0458333 0.336774
1 0.976562 0.288194 0.0453125 0.168056 0.353541
9 0.401953 0.694444 0.0335938 0.125 0.375275
1 0.477734 0.201389 0.0164062 0.0472222 0.380988
6 0.969141 0.461806 0.0585938 0.104167 0.385888
10 0.396875 0.353472 0.015625 0.0486111 0.390407
4 0.944922 0.932639 0.0257812 0.0430556 0.393627
11 0.489844 0.751389 0.034375 0.119444 0.488287
4 0.451172 0.159722 0.0148437 0.0472222 0.52767
10 0.520703 0.709722 0.0289063 0.0972222 0.54538
4 0.450781 0.109028 0.0140625 0.0513889 0.677698
4 0.560938 0.106944 0.015625 0.05 0.694315
4 0.844922 0.886111 0.0273438 0.0416667 0.741106
8 0.589453 0.806944 0.0414063 0.15 0.772822
4 0.396484 0.109028 0.0148437 0.0513889 0.793122
4 0.5875 0.108333 0.015625 0.05 0.817774
4 0.533984 0.109028 0.0148437 0.0486111 0.881839
