10 0.419141 0.711806 0.0382813 0.1375 0.280697
7 0.325 0.611806 0.0640625 0.190278 0.296309
10 0.533984 0.354861 0.0148437 0.0486111 0.297178
10 0.419141 0.0166667 0.0164062 0.0333333 0.310277
10 0.396484 0.0451389 0.0164062 0.0597222 0.318055
1 0.660547 0.111111 0.0523437 0.194444 0.333511
1 0.45 0.157639 0.0171875 0.0430556 0.368115
1 0.967578 0.114583 0.0523437 0.184722 0.369239
3 0.965234 0.126389 0.0523437 0.2 0.373029
4 0.397266 0.0590278 0.0164062 0.0986111 0.383782
11 0.469141 0.665278 0.0351562 0.122222 0.385075
4 0.746094 0.920139 0.021875 0.0541667 0.400994
4 0.50625 0.0527778 0.015625 0.05 0.412788
4 0.533203 0.1125 0.0148437 0.0555556 0.420286
1 0.666016 0.0326389 0.0445312 0.0652778 0.44568
10 0.476953 0.377778 0.0179687 0.075 0.446352
4 0.5875 0.0569444 0.01875 0.0472222 0.446851
4 0.942578 0.930556 0.0242187 0.0472222 0.452042
11 0.642187 0.733333 0.046875 0.147222 0.459603
1 0.658984 0.259722 0.0570313 0.169444 0.491552
4 0.842969 0.885417 0.0234375 0.0347222 0.545774
4 0.450391 0.111111 0.0148437 0.05 0.604534
1 0.533984 0.129167 0.0179687 0.0805556 0.69496
4 0.560938 0.107639 0.015625 0.0486111 0.778415
4 0.396094 0.111111 0.0140625 0.0472222 0.784993
4 0.423438 0.107639 0.015625 0.0486111 0.814912
4 0.5875 0.106944 0.0171875 0.05 0.829602
4 0.477344 0.108333 0.015625 0.05 0.867526
