10 0.561719 0.375 0.01875 0.0777778 0.250869
10 0.416797 0.0166667 0.0164062 0.0333333 0.261653
7 0.560938 0.672222 0.0359375 0.127778 0.272853
1 0.761719 0.159722 0.0390625 0.141667 0.277485
3 0.966016 0.0875 0.0523437 0.147222 0.279321
11 0.520312 0.665972 0.034375 0.123611 0.279367
6 0.975391 0.0368056 0.0414063 0.0597222 0.291783
10 0.505859 0.254167 0.0148437 0.0388889 0.311561
1 0.476562 0.0451389 0.0171875 0.0541667 0.326785
4 0.505859 0.206944 0.0132813 0.0388889 0.33253
4 0.397266 0.0652778 0.0164062 0.108333 0.332612
10 0.418359 0.709028 0.0367187 0.134722 0.344414
1 0.769922 0.232639 0.0320312 0.118056 0.359817
4 0.944922 0.931944 0.0226563 0.0444444 0.38026
7 0.966797 0.0833333 0.0476562 0.15 0.387519
10 0.423828 0.356944 0.0132813 0.0472222 0.392526
11 0.469922 0.663889 0.0320312 0.116667 0.394219
3 0.450391 0.155556 0.0179687 0.0444444 0.399414
6 0.719922 0.0284722 0.0351562 0.0458333 0.409567
10 0.478125 0.375694 0.01875 0.0763889 0.433811
4 0.587109 0.0569444 0.0179687 0.0444444 0.448982
1 0.851562 0.600694 0.0640625 0.151389 0.462088
1 0.450391 0.157639 0.0179687 0.0430556 0.46407
10 0.50625 0.74375 0.028125 0.0958333 0.468575
4 0.533203 0.111806 0.0148437 0.0541667 0.553947
4 0.505859 0.0541667 0.0164062 0.05 0.558097
4 0.45 0.111806 0.015625 0.0513889 0.630037
10 0.396875 0.354167 0.015625 0.0527778 0.641674
1 0.533594 0.129167 0.0171875 0.0805556 0.6554
4 0.560547 0.109028 0.0148437 0.0486111 0.799064
4 0.396484 0.111111 0.0148437 0.05 0.812077
4 0.587891 0.109028 0.0164062 0.0486111 0.830728
4 0.423438 0.107639 0.015625 0.0486111 0.8394
4 0.477734 0.109028 0.0164062 0.0513889 0.87061
