4 0.755859 0.0368056 0.0195312 0.0652778 0.262139
4 0.417188 0.0180556 0.0171875 0.0333333 0.263041
4 0.945312 0.931944 0.025 0.0444444 0.265794
11 0.590234 0.802778 0.0445312 0.155556 0.310366
1 0.655078 0.2625 0.0585938 0.177778 0.322837
10 0.423828 0.356944 0.0132813 0.0444444 0.351264
10 0.397266 0.354167 0.0164062 0.0555556 0.352518
1 0.710547 0.114583 0.0492188 0.184722 0.355671
1 0.960938 0.107639 0.05625 0.184722 0.356742
4 0.751172 0.91875 0.0195312 0.0486111 0.36686
4 0.45 0.0597222 0.0140625 0.0527778 0.369256
4 0.844141 0.884028 0.0257812 0.0375 0.407761
4 0.397266 0.0409722 0.0195312 0.0736111 0.414732
1 0.50625 0.254167 0.01875 0.0444444 0.416297
1 0.476562 0.0472222 0.01875 0.0527778 0.44319
3 0.708594 0.115278 0.05 0.191667 0.470772
10 0.230078 0.863889 0.0398437 0.141667 0.511168
7 0.645312 0.725694 0.0421875 0.134722 0.554319
8 0.5875 0.808333 0.04375 0.15 0.563839
1 0.833203 0.609722 0.0570313 0.172222 0.580826
4 0.507031 0.0590278 0.0171875 0.0486111 0.586268
11 0.642187 0.728472 0.0453125 0.140278 0.710595
4 0.451172 0.157639 0.0164062 0.0486111 0.764254
4 0.560938 0.108333 0.015625 0.0472222 0.784708
4 0.450391 0.108333 0.0164062 0.0472222 0.801035
4 0.396094 0.110417 0.015625 0.0458333 0.807082
4 0.423438 0.107639 0.015625 0.0486111 0.833942
4 0.5875 0.109722 0.015625 0.0472222 0.835054
4 0.533594 0.109722 0.015625 0.0472222 0.881541
