1 0.805469 0.779167 0.0578125 0.158333 0.25588
4 0.751953 0.919444 0.0210938 0.0472222 0.256131
6 0.0511719 0.930556 0.0460938 0.0972222 0.272103
10 0.424219 0.356944 0.0125 0.0444444 0.273149
10 0.621484 0.752778 0.0335938 0.133333 0.282141
10 0.396875 0.354167 0.0140625 0.05 0.320813
4 0.845312 0.886111 0.03125 0.0388889 0.329735
1 0.845703 0.891667 0.0351562 0.0527778 0.40439
4 0.944531 0.933333 0.0265625 0.0444444 0.448959
4 0.50625 0.0590278 0.01875 0.0486111 0.450637
3 0.769141 0.0826389 0.0367187 0.140278 0.471978
3 0.0328125 0.0513889 0.0515625 0.102778 0.509907
10 0.491406 0.754861 0.034375 0.115278 0.565225
11 0.491797 0.756944 0.0320312 0.116667 0.569712
1 0.839844 0.55 0.0546875 0.152778 0.604218
4 0.451172 0.157639 0.0148437 0.0458333 0.678201
4 0.560547 0.107639 0.0164062 0.0486111 0.710101
8 0.591406 0.80625 0.04375 0.151389 0.727134
4 0.450391 0.107639 0.0148437 0.0486111 0.734933
4 0.5875 0.108333 0.015625 0.05 0.807736
4 0.396094 0.110417 0.015625 0.0513889 0.818185
4 0.533594 0.109722 0.015625 0.0472222 0.883169
