11 0.532812 0.776389 0.0359375 0.116667 0.276945
1 0.476562 0.01875 0.0203125 0.0263889 0.297321
4 0.513281 0.0229167 0.0203125 0.0208333 0.301168
10 0.533203 0.777083 0.0335938 0.101389 0.30724
3 0.508203 0.355556 0.0195312 0.0472222 0.327371
4 0.560547 0.05625 0.0179687 0.0430556 0.33787
4 0.398047 0.0638889 0.0164062 0.108333 0.358686
10 0.424219 0.356944 0.0140625 0.0444444 0.362968
1 0.533984 0.122917 0.0164062 0.0708333 0.363137
4 0.534375 0.203472 0.015625 0.0513889 0.364706
4 0.844922 0.892361 0.0320312 0.0569444 0.36849
9 0.405078 0.69375 0.0414063 0.156944 0.442199
11 0.592188 0.810417 0.0484375 0.151389 0.555026
10 0.397656 0.354861 0.015625 0.0513889 0.576116
4 0.451953 0.157639 0.0164062 0.0486111 0.682832
11 0.49375 0.758333 0.034375 0.127778 0.698872
4 0.561328 0.108333 0.0148437 0.0472222 0.702632
4 0.450391 0.108333 0.0148437 0.0472222 0.772723
4 0.5875 0.109722 0.015625 0.05 0.791118
4 0.423828 0.107639 0.0148437 0.0513889 0.81391
4 0.533594 0.109722 0.0140625 0.0527778 0.816556
4 0.397266 0.111111 0.0148437 0.05 0.828982
3 0.971094 0.502083 0.0546875 0.179167 0.836413
