6 0.844141 0.890972 0.0273438 0.0513889 0.251153
1 0.763672 0.153472 0.0320312 0.118056 0.252018
4 0.504687 0.0506944 0.015625 0.0486111 0.258243
11 0.323047 0.6125 0.0570313 0.177778 0.259581
3 0.658203 0.250694 0.0632813 0.181944 0.270039
10 0.418359 0.0173611 0.0164062 0.0347222 0.277875
4 0.587891 0.0576389 0.0179687 0.0458333 0.280949
1 0.794531 0.575 0.0359375 0.122222 0.281202
6 0.896875 0.895139 0.0359375 0.0541667 0.285449
9 0.416797 0.713889 0.0445312 0.152778 0.286326
4 0.745703 0.920139 0.0210938 0.0486111 0.29167
10 0.505859 0.253472 0.0148437 0.0402778 0.29781
10 0.560938 0.354167 0.015625 0.0527778 0.301416
6 0.972266 0.0388889 0.0460938 0.0611111 0.314326
4 0.50625 0.211806 0.015625 0.0597222 0.318814
10 0.0105469 0.244444 0.0195312 0.166667 0.319084
3 0.45 0.154861 0.01875 0.0458333 0.32806
10 0.476953 0.379861 0.0179687 0.0736111 0.330987
10 0.422656 0.201389 0.0140625 0.0472222 0.33258
10 0.533984 0.35625 0.0148437 0.0458333 0.340586
4 0.944531 0.93125 0.0234375 0.0458333 0.3427
10 0.423828 0.35625 0.0148437 0.0513889 0.372354
10 0.396484 0.0444444 0.0179687 0.0583333 0.406777
1 0.450391 0.156944 0.0179687 0.0444444 0.417782
7 0.322656 0.6125 0.065625 0.191667 0.427952
4 0.396875 0.0590278 0.0171875 0.101389 0.451394
1 0.839453 0.598611 0.0539063 0.147222 0.458467
10 0.396875 0.354861 0.015625 0.0541667 0.475193
3 0.971094 0.115278 0.0515625 0.186111 0.497053
4 0.533594 0.113194 0.015625 0.0486111 0.566883
4 0.45 0.1125 0.015625 0.0527778 0.596228
1 0.533203 0.149306 0.0179687 0.0541667 0.606507
4 0.396094 0.110417 0.015625 0.0458333 0.795055
4 0.587891 0.109028 0.0164062 0.0486111 0.813291
4 0.423438 0.107639 0.015625 0.0486111 0.82616
4 0.561328 0.110417 0.0148437 0.0458333 0.835877
4 0.477734 0.109722 0.0164062 0.05 0.879365
