4 0.783984 0.916667 0.0210938 0.0361111 0.25892
1 0.795703 0.584028 0.0382813 0.109722 0.261499
10 0.505859 0.254861 0.0148437 0.0375 0.261847
10 0.561328 0.375 0.0195312 0.0777778 0.277939
1 0.476562 0.0416667 0.01875 0.0611111 0.290197
4 0.945703 0.931944 0.0242187 0.0444444 0.290835
3 0.450391 0.155556 0.0179687 0.0444444 0.311189
4 0.397656 0.0666667 0.015625 0.108333 0.313013
4 0.505859 0.20625 0.0132813 0.0402778 0.316585
4 0.532812 0.0472222 0.015625 0.0638889 0.320682
4 0.751562 0.919444 0.0203125 0.0472222 0.349633
4 0.533203 0.1125 0.0148437 0.0555556 0.350083
1 0.758984 0.165972 0.0382813 0.134722 0.356881
1 0.841016 0.584028 0.0601562 0.151389 0.388569
4 0.770312 0.327778 0.025 0.1 0.39496
1 0.450781 0.157639 0.0171875 0.0430556 0.412855
4 0.559766 0.05625 0.0179687 0.0402778 0.427634
10 0.423828 0.35625 0.0132813 0.0458333 0.429976
9 0.333594 0.725694 0.0421875 0.151389 0.502796
1 0.9625 0.0944444 0.0515625 0.155556 0.522131
11 0.641406 0.727083 0.04375 0.145833 0.526294
4 0.450391 0.111111 0.0148437 0.0527778 0.584475
10 0.396875 0.352778 0.015625 0.0527778 0.589641
10 0.478125 0.376389 0.0203125 0.0777778 0.610063
11 0.594922 0.797222 0.0507812 0.166667 0.627864
4 0.84375 0.884722 0.025 0.0388889 0.643067
1 0.533594 0.131944 0.0171875 0.0777778 0.644009
4 0.560547 0.109028 0.0148437 0.0486111 0.754318
4 0.423828 0.107639 0.0148437 0.0486111 0.818825
4 0.396484 0.111111 0.0148437 0.0472222 0.824387
4 0.5875 0.109028 0.015625 0.0486111 0.82461
4 0.477734 0.107639 0.0164062 0.0513889 0.842056
