10 0.396875 0.354167 0.015625 0.05 0.265791
10 0.533984 0.359028 0.0148437 0.0430556 0.276724
1 0.476953 0.204861 0.0148437 0.0430556 0.292471
10 0.424219 0.35625 0.0140625 0.0430556 0.31556
4 0.560156 0.0576389 0.01875 0.0458333 0.323219
11 0.453516 0.74375 0.0351562 0.1375 0.363112
3 0.507422 0.354167 0.0195312 0.0472222 0.383781
10 0.0105469 0.245833 0.0195312 0.161111 0.393553
1 0.967188 0.102778 0.053125 0.161111 0.433102
4 0.844922 0.884722 0.0242187 0.0388889 0.452829
4 0.396094 0.05 0.0171875 0.0638889 0.470959
9 0.404687 0.691667 0.040625 0.152778 0.536218
3 0.979688 0.278472 0.0390625 0.168056 0.556738
11 0.491406 0.754167 0.0328125 0.119444 0.561437
11 0.591406 0.807639 0.0453125 0.151389 0.624207
4 0.450391 0.160417 0.0148437 0.0430556 0.635196
4 0.560938 0.108333 0.015625 0.0472222 0.663228
4 0.45 0.107639 0.0140625 0.0458333 0.740805
4 0.395703 0.110417 0.0148437 0.0458333 0.790472
4 0.423438 0.107639 0.0140625 0.0486111 0.802101
4 0.5875 0.109028 0.015625 0.0486111 0.805604
4 0.533594 0.109028 0.0140625 0.0486111 0.860484
