4 0.559766 0.0590278 0.0195312 0.0486111 0.255176
1 0.661719 0.245833 0.0625 0.177778 0.260626
10 0.613281 0.721528 0.028125 0.0819444 0.270568
10 0.555078 0.686111 0.0242187 0.0777778 0.272845
3 0.508203 0.351389 0.0210938 0.0472222 0.319428
10 0.520312 0.713194 0.0265625 0.0902778 0.362355
1 0.765625 0.0875 0.0390625 0.155556 0.36533
1 0.477734 0.201389 0.0164062 0.0472222 0.37104
4 0.843359 0.885417 0.0242187 0.0347222 0.38994
10 0.420703 0.01875 0.0164062 0.0375 0.401126
3 0.769141 0.0881944 0.0414063 0.154167 0.41092
4 0.396484 0.0569444 0.0164062 0.1 0.45184
10 0.00859375 0.249306 0.0171875 0.168056 0.483868
4 0.423828 0.206944 0.0148437 0.0472222 0.484453
8 0.591797 0.809722 0.0398437 0.155556 0.508449
11 0.589844 0.807639 0.0421875 0.151389 0.525925
6 0.724219 0.0236111 0.03125 0.0416667 0.629449
11 0.490234 0.754167 0.0351562 0.127778 0.687247
4 0.560547 0.106944 0.0164062 0.05 0.726754
4 0.450781 0.160417 0.015625 0.0486111 0.735057
4 0.450391 0.109722 0.0148437 0.05 0.757919
4 0.396094 0.109722 0.015625 0.0472222 0.809219
4 0.587891 0.109722 0.0164062 0.05 0.836636
4 0.533984 0.109028 0.0148437 0.0486111 0.857051
