6 0.765625 0.0493056 0.03125 0.0902778 0.263228
4 0.449609 0.0604167 0.0148437 0.0541667 0.269428
4 0.45 0.0847222 0.015625 0.075 0.273177
1 0.656641 0.246528 0.0632813 0.184722 0.275436
11 0.414453 0.716667 0.0476562 0.158333 0.277408
4 0.416016 0.0180556 0.0164062 0.0333333 0.277768
10 0.396875 0.354167 0.015625 0.0555556 0.277774
10 0.423438 0.357639 0.0125 0.0458333 0.288756
3 0.505859 0.253472 0.0195312 0.0486111 0.298784
4 0.945312 0.931944 0.0234375 0.0444444 0.322562
10 0.232031 0.863194 0.0421875 0.148611 0.332337
4 0.844531 0.885417 0.025 0.0402778 0.347795
10 0.414844 0.71875 0.04375 0.156944 0.372679
1 0.477344 0.0465278 0.01875 0.0541667 0.374088
3 0.764844 0.0493056 0.0296875 0.0902778 0.391671
1 0.713281 0.10625 0.05 0.173611 0.4217
1 0.958594 0.109028 0.053125 0.170833 0.425076
4 0.397656 0.0583333 0.0171875 0.102778 0.439369
7 0.647656 0.722917 0.0375 0.140278 0.462024
4 0.507031 0.0576389 0.0171875 0.0486111 0.480167
11 0.585156 0.804861 0.046875 0.151389 0.506692
4 0.451172 0.156944 0.0164062 0.0472222 0.541353
8 0.587109 0.80625 0.0445312 0.151389 0.715815
4 0.560547 0.107639 0.0148437 0.0486111 0.735688
4 0.45 0.107639 0.015625 0.0486111 0.750829
4 0.396094 0.110417 0.015625 0.0458333 0.780431
4 0.423438 0.107639 0.015625 0.0486111 0.815336
4 0.5875 0.109028 0.015625 0.0486111 0.822009
4 0.533594 0.109028 0.015625 0.0486111 0.866642
