4 0.684766 0.0243056 0.0179687 0.0402778 0.255699
8 0.591406 0.811806 0.040625 0.151389 0.25782
11 0.254297 0.888889 0.0617188 0.169444 0.265069
10 0.533984 0.359028 0.0148437 0.0430556 0.270557
1 0.762891 0.535417 0.0570313 0.168056 0.280896
3 0.714453 0.108333 0.0523437 0.180556 0.299263
1 0.476953 0.203472 0.0148437 0.0430556 0.342637
3 0.508203 0.354167 0.0195312 0.0472222 0.384739
2 0.661719 0.257639 0.06875 0.173611 0.405511
11 0.451562 0.746528 0.034375 0.123611 0.414518
4 0.397656 0.0583333 0.015625 0.1 0.432099
11 0.589453 0.808333 0.0414063 0.147222 0.45114
4 0.559375 0.05625 0.01875 0.0430556 0.457614
4 0.844922 0.884722 0.0257812 0.0388889 0.47691
10 0.396875 0.354167 0.015625 0.05 0.615539
4 0.451172 0.161111 0.0148437 0.0444444 0.701832
4 0.560938 0.109028 0.015625 0.0486111 0.737029
11 0.489453 0.753472 0.0335938 0.120833 0.780876
4 0.396484 0.110417 0.0148437 0.0486111 0.78999
4 0.450391 0.108333 0.0148437 0.0444444 0.793616
4 0.423438 0.106944 0.0140625 0.05 0.808646
4 0.5875 0.109028 0.015625 0.0486111 0.826563
4 0.533594 0.109028 0.0140625 0.0486111 0.845946
