3 0.776172 0.0555556 0.0257812 0.0944444 0.253967
4 0.45 0.0854167 0.015625 0.0763889 0.269505
4 0.449609 0.0618056 0.0148437 0.0541667 0.27126
3 0.760938 0.0506944 0.025 0.0930556 0.275117
1 0.50625 0.0555556 0.0171875 0.0555556 0.279073
4 0.416797 0.0180556 0.0164062 0.0333333 0.283559
4 0.559766 0.0576389 0.0179687 0.0458333 0.294457
10 0.416797 0.0166667 0.0164062 0.0333333 0.31473
10 0.423438 0.357639 0.0125 0.0458333 0.320224
6 0.757422 0.0347222 0.0226563 0.0611111 0.322004
3 0.505859 0.253472 0.0195312 0.0486111 0.345054
10 0.397266 0.354861 0.0148437 0.0541667 0.346673
11 0.416016 0.717361 0.0429688 0.145833 0.358276
1 0.476953 0.0451389 0.0179687 0.0541667 0.395595
4 0.506641 0.0569444 0.0164062 0.05 0.506201
4 0.397656 0.0555556 0.0171875 0.0972222 0.50902
3 0.655859 0.252778 0.0617188 0.180556 0.587118
11 0.642578 0.73125 0.0429688 0.143056 0.588892
4 0.451172 0.156944 0.0164062 0.0472222 0.589068
3 0.884766 0.265972 0.0554687 0.201389 0.648004
4 0.560547 0.108333 0.0148437 0.0472222 0.74428
8 0.587891 0.806944 0.0429688 0.147222 0.762149
4 0.45 0.108333 0.015625 0.0472222 0.780583
4 0.396094 0.110417 0.015625 0.0458333 0.797202
4 0.5875 0.109028 0.015625 0.0486111 0.831911
4 0.423438 0.107639 0.015625 0.0486111 0.840568
4 0.533594 0.109028 0.015625 0.0486111 0.871724
