4 0.847266 0.894444 0.0320312 0.0611111 0.265669
1 0.477344 0.200694 0.015625 0.0486111 0.271077
10 0.55625 0.688889 0.025 0.0777778 0.299596
10 0.520703 0.707639 0.0304688 0.106944 0.308867
10 0.617969 0.757639 0.034375 0.140278 0.330029
11 0.588281 0.806944 0.04375 0.155556 0.351068
8 0.589063 0.807639 0.0421875 0.151389 0.376518
6 0.757031 0.0368056 0.0234375 0.0652778 0.397016
4 0.50625 0.0590278 0.01875 0.0513889 0.443652
6 0.722656 0.025 0.03125 0.0444444 0.471604
1 0.96875 0.29375 0.05625 0.1875 0.521446
11 0.490625 0.757639 0.034375 0.120833 0.533849
6 0.0507812 0.926389 0.0421875 0.102778 0.542755
4 0.450391 0.160417 0.0148437 0.0458333 0.570769
4 0.561328 0.106944 0.0164062 0.05 0.689112
4 0.450391 0.109028 0.0148437 0.0486111 0.716016
4 0.587891 0.109722 0.0164062 0.05 0.79177
4 0.396484 0.109722 0.0148437 0.05 0.823354
4 0.533594 0.109722 0.015625 0.05 0.877734
