10 0.449219 0.297917 0.0140625 0.0458333 0.263315
4 0.417578 0.01875 0.0164062 0.0347222 0.268489
4 0.746094 0.920139 0.0203125 0.0486111 0.271564
4 0.45 0.0833333 0.015625 0.0777778 0.274163
10 0.528125 0.775 0.0328125 0.1 0.294325
4 0.945703 0.93125 0.0242187 0.0430556 0.310965
10 0.423828 0.358333 0.0132813 0.0472222 0.326939
10 0.417578 0.0173611 0.0164062 0.0347222 0.328919
1 0.476562 0.0465278 0.01875 0.0541667 0.369673
4 0.397656 0.0604167 0.0171875 0.104167 0.432723
1 0.963281 0.101389 0.05625 0.166667 0.448032
1 0.657031 0.265972 0.0625 0.165278 0.450263
11 0.639844 0.730556 0.0453125 0.138889 0.45318
1 0.533984 0.129861 0.0179687 0.0819444 0.600953
4 0.451172 0.157639 0.0164062 0.0486111 0.619984
4 0.507031 0.0583333 0.01875 0.05 0.62456
4 0.533203 0.113194 0.0148437 0.0541667 0.635684
1 0.708594 0.113889 0.053125 0.194444 0.68375
4 0.560547 0.108333 0.0148437 0.05 0.692384
4 0.844531 0.88125 0.0234375 0.0347222 0.694854
10 0.478125 0.378472 0.01875 0.0736111 0.736416
4 0.450391 0.108333 0.0164062 0.0472222 0.761865
8 0.589453 0.808333 0.0429688 0.147222 0.770007
4 0.5875 0.109722 0.015625 0.05 0.770055
4 0.396094 0.110417 0.015625 0.0458333 0.796721
4 0.423438 0.109028 0.015625 0.0486111 0.833104
