4 0.845703 0.8875 0.0273438 0.0444444 0.282203
10 0.605859 0.709722 0.0335938 0.138889 0.36761
1 0.534375 0.204861 0.0171875 0.0486111 0.371137
4 0.423047 0.209722 0.0148437 0.0583333 0.40207
8 0.590234 0.809028 0.0460938 0.154167 0.409256
4 0.450781 0.156944 0.0140625 0.0472222 0.410554
11 0.591406 0.809028 0.0453125 0.154167 0.452611
3 0.651172 0.263194 0.0570313 0.190278 0.469445
10 0.396875 0.354861 0.0140625 0.0486111 0.477827
10 0.469922 0.646528 0.0273438 0.0819444 0.571743
11 0.491797 0.760417 0.0351562 0.129167 0.575898
2 0.664453 0.04375 0.0570313 0.0819444 0.64422
4 0.560547 0.109722 0.0148437 0.0472222 0.719841
4 0.45 0.109722 0.0140625 0.05 0.734853
4 0.395703 0.159028 0.0148437 0.0513889 0.809548
4 0.586719 0.111111 0.015625 0.05 0.826464
4 0.533594 0.110417 0.015625 0.0458333 0.881994
