1 0.116016 0.948611 0.0585938 0.102778 0.256439
3 0.762891 0.0423611 0.0242187 0.0736111 0.287417
11 0.590234 0.807639 0.0429688 0.156944 0.307554
4 0.844922 0.886806 0.0273438 0.0430556 0.358245
3 0.975 0.247917 0.040625 0.120833 0.362195
4 0.505859 0.0590278 0.0179687 0.0486111 0.387965
10 0.620313 0.75625 0.034375 0.134722 0.423044
3 0.978125 0.292361 0.0421875 0.143056 0.442719
10 0.396875 0.354167 0.0140625 0.05 0.481352
4 0.451562 0.156944 0.0140625 0.0472222 0.488766
1 0.272266 0.0770833 0.0523437 0.131944 0.620975
8 0.592578 0.810417 0.0414063 0.159722 0.631115
11 0.492188 0.757639 0.034375 0.129167 0.692846
4 0.560547 0.109028 0.0164062 0.0486111 0.73798
4 0.450391 0.107639 0.0148437 0.0486111 0.738015
10 0.469922 0.644444 0.0273438 0.0833333 0.802609
4 0.396094 0.110417 0.015625 0.0513889 0.805324
4 0.587891 0.109722 0.0164062 0.05 0.828956
4 0.533594 0.109722 0.015625 0.0472222 0.880365
