10 0.418359 0.0166667 0.0164062 0.0333333 0.250266
1 0.848437 0.638889 0.05625 0.161111 0.253415
1 0.664844 0.249306 0.059375 0.176389 0.263975
10 0.520312 0.663194 0.03125 0.115278 0.275207
10 0.417969 0.711111 0.0375 0.136111 0.283577
4 0.945312 0.931944 0.0234375 0.0444444 0.285173
10 0.505859 0.254167 0.0148437 0.0361111 0.287299
7 0.650391 0.723611 0.0414063 0.136111 0.301939
4 0.746094 0.920139 0.0203125 0.0486111 0.319102
10 0.396094 0.0458333 0.0171875 0.0583333 0.331395
10 0.507031 0.744444 0.028125 0.0972222 0.342966
11 0.59375 0.803472 0.046875 0.156944 0.343838
10 0.575 0.706944 0.0390625 0.122222 0.35648
10 0.423047 0.357639 0.0132813 0.0458333 0.405542
4 0.397266 0.0652778 0.0164062 0.108333 0.419123
6 0.723047 0.0222222 0.0367187 0.0388889 0.420912
4 0.844531 0.884722 0.025 0.0388889 0.454968
4 0.532812 0.0451389 0.015625 0.0597222 0.466592
10 0.477344 0.377778 0.01875 0.0777778 0.472291
11 0.646875 0.726389 0.0453125 0.141667 0.4876
1 0.476562 0.0395833 0.0203125 0.0625 0.51342
4 0.505469 0.20625 0.0140625 0.0402778 0.517757
10 0.396484 0.354861 0.0148437 0.0513889 0.526763
8 0.59375 0.800694 0.0484375 0.156944 0.560178
4 0.560547 0.0555556 0.0179687 0.0388889 0.587438
10 0.450391 0.155556 0.0148437 0.0444444 0.587564
11 0.574609 0.70625 0.0382813 0.126389 0.643561
4 0.449609 0.107639 0.0148437 0.0458333 0.69133
1 0.533594 0.131944 0.0171875 0.0805556 0.723083
4 0.560156 0.109028 0.0140625 0.0486111 0.798455
4 0.423047 0.107639 0.0164062 0.0513889 0.819928
4 0.476953 0.109028 0.0164062 0.0486111 0.830053
4 0.5875 0.108333 0.015625 0.0472222 0.838606
4 0.395703 0.111111 0.0148437 0.0472222 0.857212
