3 0.659375 0.268056 0.0546875 0.191667 0.307453
4 0.845703 0.888194 0.0273438 0.0430556 0.317485
10 0.605859 0.709028 0.0320312 0.134722 0.332782
4 0.560547 0.0576389 0.0195312 0.0458333 0.336592
1 0.534766 0.203472 0.0179687 0.0513889 0.349788
4 0.423438 0.205556 0.0125 0.0416667 0.394347
4 0.451172 0.15625 0.0148437 0.0486111 0.400144
11 0.491406 0.757639 0.0328125 0.123611 0.453452
3 0.505469 0.0576389 0.01875 0.0430556 0.517011
10 0.396484 0.354167 0.0148437 0.0472222 0.541885
8 0.591016 0.807639 0.0445312 0.154167 0.626558
10 0.469922 0.645139 0.0273438 0.0819444 0.667464
4 0.45 0.110417 0.0140625 0.0513889 0.690842
4 0.560938 0.106944 0.015625 0.05 0.728315
4 0.395703 0.159028 0.0148437 0.0513889 0.80197
4 0.587891 0.108333 0.0164062 0.05 0.816093
4 0.533594 0.109028 0.015625 0.0486111 0.878323
