10 0.415625 0.0180556 0.0171875 0.0361111 0.258368
10 0.423828 0.357639 0.0132813 0.0458333 0.269604
11 0.278516 0.893056 0.0507812 0.161111 0.273287
4 0.450391 0.0631944 0.0164062 0.0625 0.274293
4 0.417188 0.01875 0.0171875 0.0347222 0.293314
4 0.945312 0.931944 0.025 0.0444444 0.316262
1 0.652344 0.253472 0.0578125 0.195833 0.404036
11 0.587891 0.806944 0.0492188 0.141667 0.404134
4 0.746094 0.920139 0.0203125 0.0486111 0.40592
7 0.289062 0.35625 0.05625 0.1875 0.411242
2 0.842188 0.596528 0.065625 0.148611 0.435822
1 0.476953 0.0451389 0.0195312 0.0541667 0.468753
4 0.397656 0.0576389 0.0171875 0.101389 0.479965
10 0.230469 0.861111 0.0421875 0.147222 0.514407
1 0.839063 0.597222 0.0671875 0.161111 0.546155
4 0.844531 0.884722 0.0265625 0.0388889 0.559589
1 0.708203 0.111111 0.0523437 0.194444 0.577866
8 0.588672 0.807639 0.0445312 0.148611 0.580217
4 0.451172 0.157639 0.0164062 0.0486111 0.58759
1 0.533984 0.129861 0.0179687 0.0819444 0.59208
4 0.507031 0.0583333 0.01875 0.05 0.604136
11 0.640234 0.727778 0.0445312 0.138889 0.631442
4 0.533203 0.113194 0.0148437 0.0541667 0.67505
4 0.560547 0.109028 0.0148437 0.0486111 0.715988
4 0.45 0.108333 0.015625 0.0472222 0.75439
4 0.5875 0.109722 0.015625 0.05 0.78592
4 0.396094 0.110417 0.015625 0.0458333 0.796598
4 0.423438 0.108333 0.015625 0.05 0.825554
