10 0.424219 0.355556 0.0125 0.0444444 0.261527
4 0.505859 0.0597222 0.0179687 0.0472222 0.261589
11 0.437109 0.704167 0.0414063 0.133333 0.266444
11 0.591797 0.801389 0.0476562 0.155556 0.271563
4 0.944922 0.931944 0.0257812 0.0444444 0.271873
4 0.845312 0.885417 0.028125 0.0402778 0.29471
10 0.21875 0.359028 0.01875 0.0791667 0.313466
10 0.397266 0.353472 0.0148437 0.0513889 0.377759
6 0.0460938 0.924306 0.0546875 0.106944 0.378902
10 0.604297 0.709722 0.0320312 0.144444 0.399991
4 0.423438 0.205556 0.0125 0.0416667 0.42164
4 0.560547 0.0576389 0.0179687 0.0430556 0.456415
11 0.241406 0.8875 0.065625 0.175 0.50094
3 0.660547 0.2625 0.0617188 0.161111 0.519077
4 0.451172 0.156944 0.0148437 0.0472222 0.599856
4 0.45 0.109722 0.0140625 0.05 0.747177
4 0.560938 0.110417 0.015625 0.0458333 0.749647
8 0.590234 0.805556 0.0445312 0.155556 0.787167
4 0.395703 0.159028 0.0148437 0.0513889 0.81158
4 0.5875 0.109722 0.015625 0.0472222 0.84617
4 0.533984 0.109722 0.0148437 0.0472222 0.881313
