1 0.188672 0.944444 0.0664062 0.111111 0.251366
1 0.534766 0.204861 0.0179687 0.0513889 0.285839
4 0.423438 0.20625 0.0125 0.0430556 0.310897
4 0.560547 0.0590278 0.0195312 0.0458333 0.361291
4 0.845312 0.886111 0.0265625 0.0416667 0.416799
4 0.505859 0.0604167 0.0179687 0.0486111 0.438234
10 0.604688 0.709722 0.034375 0.141667 0.477008
4 0.451172 0.156944 0.0148437 0.05 0.529289
10 0.396875 0.353472 0.015625 0.0513889 0.529837
11 0.491016 0.758333 0.0335938 0.125 0.539051
10 0.469141 0.64375 0.0273438 0.0791667 0.626085
3 0.653906 0.2625 0.0578125 0.158333 0.663109
8 0.591016 0.807639 0.0445312 0.154167 0.696967
4 0.45 0.109722 0.0140625 0.05 0.717315
4 0.560938 0.108333 0.015625 0.0472222 0.748139
4 0.395703 0.159028 0.0148437 0.0541667 0.801044
4 0.5875 0.110417 0.015625 0.0486111 0.825496
4 0.533594 0.109722 0.015625 0.0472222 0.884152
