10 0.397266 0.354167 0.0148437 0.0555556 0.251178
8 0.562109 0.379167 0.0226563 0.0888889 0.251561
4 0.560156 0.0583333 0.01875 0.0472222 0.28058
4 0.45 0.0618056 0.0140625 0.0569444 0.288741
4 0.944922 0.931944 0.0242187 0.0444444 0.297913
1 0.656641 0.261806 0.0585938 0.179167 0.314068
11 0.586719 0.805556 0.046875 0.147222 0.315839
10 0.424219 0.357639 0.0125 0.0458333 0.330982
4 0.756641 0.0368056 0.0195312 0.0652778 0.335025
3 0.50625 0.254167 0.01875 0.0472222 0.336325
10 0.414844 0.721528 0.040625 0.148611 0.351909
4 0.844141 0.884722 0.0257812 0.0388889 0.381351
10 0.231641 0.863194 0.0429688 0.151389 0.403433
4 0.746875 0.920139 0.0203125 0.0486111 0.406
4 0.398828 0.0395833 0.0195312 0.0708333 0.413457
3 0.708984 0.113889 0.0492188 0.188889 0.43357
1 0.477344 0.0451389 0.01875 0.0569444 0.451738
7 0.644531 0.725694 0.0421875 0.134722 0.4868
1 0.960547 0.104167 0.0539063 0.177778 0.510251
1 0.831641 0.613889 0.0570313 0.169444 0.557926
4 0.507422 0.0597222 0.0179687 0.05 0.660559
11 0.641016 0.727778 0.0445312 0.138889 0.721976
4 0.560938 0.108333 0.015625 0.0472222 0.7478
4 0.451953 0.157639 0.0164062 0.0486111 0.764821
4 0.45 0.108333 0.015625 0.0472222 0.76917
4 0.396484 0.110417 0.0148437 0.0458333 0.801044
8 0.587891 0.806944 0.0445312 0.15 0.805797
4 0.423828 0.108333 0.0148437 0.05 0.826811
4 0.587891 0.110417 0.0164062 0.0486111 0.834153
4 0.533594 0.110417 0.015625 0.0486111 0.876088
