10 0.620313 0.75625 0.03125 0.129167 0.261339
4 0.682422 0.025 0.0179687 0.0444444 0.262895
10 0.423828 0.356944 0.0148437 0.0416667 0.264872
6 0.757031 0.0361111 0.0234375 0.0666667 0.280815
6 0.0507812 0.929861 0.0421875 0.0930556 0.293622
6 0.967578 0.461111 0.0585938 0.108333 0.295366
10 0.434766 0.673611 0.0335938 0.105556 0.315148
10 0.555859 0.685417 0.0257812 0.0791667 0.362162
4 0.944922 0.931944 0.0273438 0.0416667 0.362447
3 0.50625 0.0590278 0.0171875 0.0486111 0.37634
6 0.723047 0.025 0.0304688 0.0444444 0.400345
10 0.396875 0.354861 0.015625 0.0486111 0.499291
1 0.972266 0.286806 0.0507812 0.181944 0.517415
10 0.521094 0.709028 0.0296875 0.0958333 0.531834
1 0.477344 0.201389 0.0171875 0.0472222 0.533168
11 0.490234 0.753472 0.0351562 0.123611 0.564442
4 0.450391 0.160417 0.0148437 0.0458333 0.652131
4 0.560938 0.109028 0.015625 0.0513889 0.661846
8 0.589453 0.806944 0.0414063 0.147222 0.665063
4 0.845312 0.885417 0.028125 0.0402778 0.688613
4 0.450391 0.108333 0.0148437 0.0472222 0.768208
4 0.5875 0.109028 0.015625 0.0486111 0.829667
4 0.396094 0.109028 0.015625 0.0513889 0.846216
4 0.533984 0.109028 0.0148437 0.0486111 0.879255
