10 0.423828 0.357639 0.0132813 0.0402778 0.259798
4 0.417969 0.01875 0.0171875 0.0319444 0.265026
4 0.560156 0.0569444 0.01875 0.0444444 0.293418
8 0.590625 0.811806 0.0421875 0.154167 0.302989
10 0.557031 0.813194 0.0375 0.115278 0.305543
11 0.589844 0.809722 0.0421875 0.147222 0.315993
1 0.473437 0.0201389 0.0203125 0.0263889 0.379887
10 0.00859375 0.248611 0.015625 0.158333 0.387526
3 0.967969 0.288194 0.0546875 0.170833 0.387553
1 0.533984 0.122222 0.0164062 0.0694444 0.461915
10 0.396875 0.354861 0.015625 0.0486111 0.515716
4 0.397266 0.0541667 0.0164062 0.0916667 0.551614
4 0.451953 0.158333 0.0164062 0.0472222 0.627186
4 0.560938 0.106944 0.015625 0.05 0.658682
4 0.844922 0.886111 0.0242187 0.0416667 0.715148
4 0.450391 0.108333 0.0148437 0.0472222 0.719831
10 0.530469 0.778472 0.0296875 0.0930556 0.730856
4 0.533203 0.109722 0.0148437 0.0527778 0.747132
4 0.5875 0.108333 0.015625 0.05 0.777615
11 0.489453 0.754167 0.0367187 0.125 0.778621
4 0.396484 0.111111 0.0148437 0.05 0.787846
4 0.423438 0.107639 0.015625 0.0513889 0.801239
3 0.963672 0.49375 0.0679687 0.198611 0.890051
