1 0.534766 0.204861 0.0179687 0.0513889 0.285961
4 0.505859 0.0597222 0.0179687 0.0472222 0.302901
3 0.759766 0.0673611 0.0210938 0.0986111 0.314326
4 0.423438 0.20625 0.0125 0.0430556 0.335889
4 0.560156 0.0583333 0.01875 0.0472222 0.342559
4 0.845312 0.886111 0.0265625 0.0416667 0.395292
10 0.217969 0.359028 0.021875 0.0819444 0.472982
10 0.603516 0.708333 0.0335938 0.136111 0.474615
4 0.451172 0.156944 0.0148437 0.05 0.504905
11 0.491406 0.760417 0.0328125 0.120833 0.521772
10 0.396875 0.353472 0.015625 0.0513889 0.559633
3 0.652344 0.259722 0.05625 0.161111 0.619686
4 0.45 0.109722 0.0140625 0.05 0.718989
10 0.469141 0.644444 0.0273438 0.0805556 0.735472
4 0.560938 0.108333 0.015625 0.0472222 0.742829
8 0.591016 0.807639 0.0445312 0.156944 0.749004
4 0.395703 0.159028 0.0148437 0.0541667 0.807409
4 0.5875 0.109028 0.015625 0.0486111 0.82242
4 0.533594 0.109722 0.015625 0.0472222 0.881327
