4 0.751562 0.919444 0.021875 0.05 0.252216
4 0.78125 0.916667 0.021875 0.0388889 0.257901
6 0.0429688 0.930556 0.0515625 0.0972222 0.300929
3 0.985547 0.278472 0.0289063 0.168056 0.319217
1 0.648828 0.244444 0.0507812 0.158333 0.336954
10 0.553906 0.684028 0.0234375 0.0819444 0.352893
4 0.682813 0.0277778 0.0171875 0.0444444 0.372978
10 0.46875 0.649306 0.028125 0.0819444 0.392007
10 0.454688 0.749306 0.0296875 0.106944 0.471518
12 0.203906 0.854167 0.0453125 0.1 0.501989
10 0.492578 0.756944 0.0335938 0.113889 0.515759
1 0.669141 0.397222 0.0414063 0.122222 0.518583
4 0.423047 0.20625 0.0117188 0.0430556 0.521426
4 0.451172 0.156944 0.0148437 0.05 0.566076
4 0.560547 0.109722 0.0148437 0.0472222 0.64468
8 0.590625 0.809028 0.0421875 0.151389 0.667793
10 0.396484 0.353472 0.0148437 0.0486111 0.740745
4 0.586719 0.108333 0.0140625 0.05 0.740856
4 0.395703 0.159028 0.0148437 0.0513889 0.835614
4 0.533203 0.109028 0.0148437 0.0486111 0.841096
