11 0.529688 0.78125 0.03125 0.109722 0.250737
10 0.534766 0.240278 0.0164062 0.0666667 0.251525
4 0.417188 0.0194444 0.0171875 0.0333333 0.264043
11 0.199609 0.848611 0.0507812 0.152778 0.264289
11 0.589844 0.805556 0.04375 0.152778 0.284927
1 0.474609 0.0201389 0.0210938 0.0291667 0.298345
4 0.683203 0.0298611 0.0179687 0.0458333 0.317907
4 0.560156 0.0576389 0.01875 0.0430556 0.332717
3 0.828906 0.578472 0.0515625 0.140278 0.348989
10 0.397266 0.354861 0.0164062 0.0513889 0.42689
1 0.534375 0.124306 0.0171875 0.0736111 0.480252
4 0.397656 0.0534722 0.0171875 0.0930556 0.530662
1 0.961328 0.0798611 0.0539063 0.159722 0.536745
8 0.590234 0.811111 0.0429688 0.155556 0.554267
4 0.451953 0.158333 0.0164062 0.0472222 0.631318
1 0.828125 0.573611 0.0515625 0.141667 0.635812
4 0.450391 0.109028 0.0148437 0.0486111 0.683518
4 0.533203 0.110417 0.0148437 0.0541667 0.715516
4 0.560938 0.107639 0.015625 0.0513889 0.717785
4 0.396484 0.111111 0.0148437 0.05 0.761963
11 0.488281 0.753472 0.0375 0.129167 0.778473
10 0.529688 0.777778 0.0296875 0.0916667 0.780556
4 0.423828 0.107639 0.0148437 0.0513889 0.80671
4 0.587891 0.109722 0.0164062 0.05 0.810925
