4 0.560156 0.0569444 0.0203125 0.0527778 0.251437
10 0.620313 0.75625 0.0359375 0.140278 0.383597
4 0.844531 0.886806 0.0265625 0.0430556 0.446378
10 0.396875 0.354861 0.015625 0.0513889 0.452768
8 0.592969 0.811111 0.0421875 0.158333 0.477245
3 0.506641 0.0576389 0.0179687 0.0486111 0.490087
10 0.469141 0.648611 0.0289063 0.0833333 0.532138
11 0.591406 0.809722 0.04375 0.15 0.542317
11 0.492188 0.759028 0.034375 0.129167 0.561725
4 0.451172 0.157639 0.0148437 0.0486111 0.642206
4 0.450391 0.109722 0.0148437 0.0527778 0.666049
4 0.561328 0.107639 0.0164062 0.0513889 0.732412
4 0.396484 0.109722 0.0148437 0.0527778 0.795248
4 0.587891 0.108333 0.0164062 0.05 0.806586
4 0.533594 0.108333 0.015625 0.05 0.878287
