10 0.0105469 0.245139 0.0195312 0.1625 0.254257
10 0.396875 0.354167 0.015625 0.05 0.265778
2 0.715625 0.0277778 0.0484375 0.0555556 0.267608
10 0.534766 0.239583 0.0148437 0.0652778 0.276172
11 0.454297 0.74375 0.0367187 0.140278 0.310174
4 0.559766 0.0576389 0.0179687 0.0458333 0.311773
10 0.424219 0.35625 0.0140625 0.0430556 0.327799
1 0.476953 0.204861 0.0148437 0.0430556 0.328945
10 0.534375 0.359028 0.0140625 0.0430556 0.3347
8 0.593359 0.809028 0.0414063 0.156944 0.386067
3 0.977734 0.277083 0.0429688 0.168056 0.448505
3 0.507812 0.354861 0.0203125 0.0486111 0.459335
9 0.404687 0.69375 0.0421875 0.154167 0.49445
4 0.396094 0.0506944 0.0171875 0.0625 0.497892
1 0.654297 0.254167 0.0523437 0.183333 0.540105
1 0.966016 0.107639 0.0570313 0.176389 0.542364
11 0.491016 0.754861 0.0335938 0.120833 0.548838
4 0.844531 0.884028 0.0234375 0.0375 0.557583
4 0.560547 0.110417 0.0148437 0.0486111 0.644547
4 0.450391 0.160417 0.0148437 0.0430556 0.646162
11 0.591406 0.808333 0.0421875 0.15 0.663606
3 0.788672 0.559722 0.0585938 0.144444 0.707908
4 0.45 0.108333 0.0140625 0.0444444 0.750298
4 0.395703 0.110417 0.0148437 0.0458333 0.796598
4 0.423047 0.107639 0.0148437 0.0486111 0.80776
4 0.5875 0.109028 0.015625 0.0486111 0.810671
4 0.533594 0.109028 0.0140625 0.0486111 0.843863
