11 0.592188 0.803472 0.046875 0.156944 0.262271
1 0.505078 0.0597222 0.0226563 0.0388889 0.30662
4 0.845703 0.888194 0.0273438 0.0430556 0.324427
3 0.660156 0.268056 0.05625 0.191667 0.32998
10 0.605469 0.708333 0.0328125 0.136111 0.338943
4 0.451172 0.156944 0.0148437 0.05 0.427308
4 0.423047 0.205556 0.0132813 0.0416667 0.432451
1 0.534766 0.204861 0.0179687 0.0513889 0.451875
11 0.491406 0.757639 0.0328125 0.126389 0.457558
3 0.50625 0.0590278 0.0203125 0.0458333 0.54631
10 0.396484 0.354861 0.0148437 0.0486111 0.567809
10 0.469531 0.645833 0.028125 0.0805556 0.568026
8 0.591016 0.806944 0.0445312 0.155556 0.619785
4 0.560156 0.0548611 0.0203125 0.0486111 0.633504
4 0.45 0.111111 0.0140625 0.0527778 0.687875
4 0.560938 0.106944 0.015625 0.05 0.768018
4 0.395703 0.159028 0.0148437 0.0513889 0.814512
4 0.587891 0.109028 0.0164062 0.0486111 0.834722
4 0.533594 0.109722 0.015625 0.0472222 0.880224
