4 0.845703 0.886111 0.0289063 0.0416667 0.264648
11 0.491406 0.75625 0.0359375 0.123611 0.276798
1 0.760547 0.0826389 0.0257812 0.120833 0.292552
6 0.0511719 0.930556 0.0414063 0.0944444 0.299292
8 0.589453 0.808333 0.0445312 0.147222 0.321991
11 0.591016 0.808333 0.0429688 0.15 0.359554
4 0.50625 0.0590278 0.01875 0.0486111 0.37748
1 0.477734 0.201389 0.0164062 0.0472222 0.379964
10 0.619922 0.754167 0.0335938 0.133333 0.447894
3 0.0175781 0.0722222 0.0351562 0.130556 0.512053
4 0.450781 0.161111 0.0140625 0.0444444 0.630509
4 0.560938 0.106944 0.015625 0.05 0.705827
4 0.45 0.109028 0.0140625 0.0486111 0.725319
4 0.5875 0.109028 0.015625 0.0486111 0.79922
4 0.396484 0.109722 0.0148437 0.05 0.823541
4 0.533594 0.110417 0.015625 0.0486111 0.882023
