3 0.757812 0.0597222 0.025 0.108333 0.251132
3 0.507812 0.351389 0.0203125 0.0472222 0.27396
4 0.417969 0.01875 0.0171875 0.0319444 0.283656
1 0.473047 0.0208333 0.0210938 0.0277778 0.308873
10 0.520703 0.7125 0.0273438 0.0916667 0.319087
6 0.759766 0.0520833 0.0273438 0.0930556 0.33516
10 0.419141 0.0180556 0.0164062 0.0361111 0.338029
1 0.477734 0.201389 0.0164062 0.0472222 0.338986
4 0.423438 0.206944 0.0140625 0.0472222 0.448809
4 0.844531 0.884722 0.025 0.0388889 0.473599
4 0.396484 0.0548611 0.0164062 0.0930556 0.496105
8 0.588281 0.806944 0.040625 0.147222 0.603787
6 0.723437 0.0243056 0.03125 0.0430556 0.608463
4 0.450781 0.160417 0.015625 0.0486111 0.7112
11 0.489844 0.754167 0.034375 0.127778 0.717367
4 0.560547 0.106944 0.0164062 0.05 0.719407
4 0.450391 0.109722 0.0148437 0.05 0.734026
4 0.396094 0.110417 0.0140625 0.0486111 0.776316
4 0.587891 0.109722 0.0164062 0.05 0.824147
4 0.533984 0.109028 0.0148437 0.0486111 0.860873
