4 0.683594 0.0284722 0.0171875 0.0402778 0.257881
1 0.649609 0.249306 0.0507812 0.1625 0.285633
10 0.450391 0.347917 0.0179687 0.0513889 0.298931
4 0.945312 0.932639 0.025 0.0430556 0.303481
11 0.623438 0.0215278 0.0296875 0.0402778 0.303813
10 0.00898437 0.245833 0.0164062 0.155556 0.325663
4 0.423438 0.211111 0.0140625 0.0638889 0.327311
10 0.491797 0.755556 0.0351562 0.119444 0.430639
4 0.603516 0.696528 0.0304688 0.131944 0.469788
6 0.0519531 0.929861 0.0460938 0.0958333 0.480999
10 0.396875 0.353472 0.015625 0.0486111 0.511597
4 0.844922 0.885417 0.0257812 0.0402778 0.517628
4 0.451172 0.15625 0.0148437 0.0486111 0.561982
11 0.651172 0.725694 0.0304688 0.0958333 0.66149
4 0.560547 0.10625 0.0148437 0.0486111 0.665024
4 0.450781 0.0576389 0.0171875 0.0430556 0.704664
4 0.450781 0.107639 0.0140625 0.0513889 0.740776
4 0.587109 0.109028 0.0148437 0.0513889 0.763963
11 0.589844 0.80625 0.046875 0.156944 0.774807
4 0.396094 0.158333 0.0140625 0.0527778 0.798611
4 0.533594 0.108333 0.0140625 0.0472222 0.807146
