3 0.508203 0.354167 0.0195312 0.0472222 0.257506
6 0.00664063 0.19375 0.0117188 0.101389 0.261018
1 0.476953 0.202778 0.0148437 0.0444444 0.264369
3 0.763672 0.0548611 0.0273438 0.0958333 0.272632
3 0.969141 0.303472 0.0507812 0.1375 0.314937
4 0.559375 0.0569444 0.01875 0.0472222 0.366208
3 0.713281 0.102083 0.05 0.1625 0.377286
4 0.397266 0.0388889 0.0179687 0.0666667 0.43345
4 0.844922 0.884722 0.0257812 0.0388889 0.525904
10 0.396875 0.354167 0.015625 0.05 0.527109
4 0.451172 0.160417 0.0148437 0.0430556 0.660325
3 0.650781 0.258333 0.05625 0.166667 0.677152
4 0.560938 0.106944 0.015625 0.05 0.722185
11 0.490234 0.753472 0.0351562 0.126389 0.725556
11 0.589453 0.809722 0.0429688 0.147222 0.759397
4 0.45 0.107639 0.0140625 0.0458333 0.782072
4 0.396875 0.110417 0.0140625 0.0486111 0.790459
4 0.423828 0.106944 0.0148437 0.05 0.793356
4 0.5875 0.109028 0.015625 0.0486111 0.817325
4 0.533594 0.109028 0.0140625 0.0486111 0.856523
