1 0.197266 0.938194 0.0695312 0.123611 0.253135
4 0.50625 0.0611111 0.01875 0.0472222 0.298202
3 0.50625 0.0604167 0.01875 0.0458333 0.342761
4 0.423438 0.20625 0.0125 0.0430556 0.346139
4 0.844922 0.885417 0.0257812 0.0402778 0.353512
4 0.560156 0.0590278 0.01875 0.0458333 0.369393
10 0.397266 0.354167 0.0148437 0.05 0.430114
4 0.451172 0.15625 0.0148437 0.0486111 0.437804
10 0.604688 0.709722 0.034375 0.138889 0.459747
3 0.658203 0.251389 0.0679687 0.180556 0.524929
11 0.491797 0.759722 0.0335938 0.122222 0.655244
8 0.591016 0.808333 0.0445312 0.152778 0.672734
10 0.469141 0.645833 0.0273438 0.0805556 0.673226
4 0.450391 0.109722 0.0148437 0.05 0.728798
4 0.560938 0.106944 0.015625 0.05 0.74955
4 0.395703 0.158333 0.0148437 0.0527778 0.81624
4 0.5875 0.110417 0.015625 0.0486111 0.832653
4 0.533594 0.109722 0.015625 0.0472222 0.880001
