4 0.945703 0.931944 0.0242187 0.0444444 0.252481
11 0.417969 0.711111 0.0375 0.136111 0.256246
4 0.745703 0.919444 0.0210938 0.05 0.274023
6 0.718359 0.0305556 0.0382813 0.05 0.276656
10 0.505859 0.254167 0.0148437 0.0388889 0.28528
9 0.335938 0.721528 0.0453125 0.154167 0.291808
10 0.416406 0.0166667 0.015625 0.0333333 0.298886
10 0.418359 0.711111 0.0367187 0.133333 0.322878
11 0.594922 0.802778 0.0476562 0.161111 0.370211
4 0.397266 0.0659722 0.0164062 0.106944 0.38214
10 0.423438 0.357639 0.0125 0.0458333 0.38299
10 0.520703 0.663889 0.0304688 0.113889 0.408221
4 0.533203 0.0451389 0.0164062 0.0597222 0.435131
1 0.476172 0.0395833 0.0195312 0.0625 0.455394
10 0.477344 0.377778 0.01875 0.0777778 0.478421
3 0.664844 0.259722 0.059375 0.163889 0.482153
10 0.50625 0.745833 0.028125 0.0944444 0.487689
5 0.75625 0.227778 0.04375 0.141667 0.494689
4 0.50625 0.20625 0.0140625 0.0402778 0.502504
11 0.642969 0.727778 0.040625 0.138889 0.504359
4 0.560547 0.0555556 0.0179687 0.0416667 0.508403
10 0.396484 0.354167 0.0148437 0.0527778 0.570955
4 0.844922 0.885417 0.0257812 0.0402778 0.571263
1 0.9625 0.102778 0.0546875 0.166667 0.579459
10 0.451172 0.155556 0.0148437 0.0444444 0.583743
11 0.573828 0.707639 0.0398437 0.129167 0.616131
8 0.59375 0.800694 0.0484375 0.1625 0.62406
4 0.45 0.107639 0.0140625 0.0458333 0.696294
1 0.533984 0.13125 0.0179687 0.0819444 0.721287
1 0.846094 0.602083 0.0640625 0.168056 0.730047
4 0.560547 0.109028 0.0148437 0.0486111 0.79107
4 0.423047 0.107639 0.0164062 0.0513889 0.80941
4 0.477344 0.109722 0.015625 0.05 0.831344
4 0.5875 0.108333 0.015625 0.0472222 0.840719
4 0.395703 0.110417 0.0148437 0.0486111 0.847643
