4 0.397656 0.0625 0.015625 0.108333 0.261836
4 0.421875 0.0472222 0.0203125 0.0944444 0.267944
10 0.423828 0.379861 0.0179687 0.0847222 0.281867
4 0.587891 0.0569444 0.0195312 0.0472222 0.294501
3 0.825 0.58125 0.0515625 0.120833 0.328878
4 0.746094 0.920139 0.021875 0.0541667 0.334124
1 0.963672 0.106944 0.0570313 0.180556 0.423027
9 0.446484 0.178472 0.0210938 0.0763889 0.469515
4 0.844922 0.884722 0.0257812 0.0388889 0.535171
1 0.821094 0.573611 0.0578125 0.144444 0.551676
4 0.505469 0.1125 0.01875 0.0444444 0.58646
3 0.662891 0.25 0.0695312 0.188889 0.628373
4 0.587891 0.110417 0.0164062 0.0513889 0.652781
4 0.560938 0.107639 0.0171875 0.0513889 0.703128
4 0.45 0.107639 0.0171875 0.0486111 0.771525
4 0.423047 0.110417 0.0164062 0.0486111 0.77382
4 0.396484 0.109722 0.0164062 0.0472222 0.78124
4 0.533594 0.111806 0.0171875 0.0486111 0.816386
4 0.477344 0.110417 0.0171875 0.0458333 0.844062
