11 0.594141 0.803472 0.0476562 0.151389 0.277633
4 0.845703 0.8875 0.0273438 0.0416667 0.286416
4 0.560156 0.0583333 0.01875 0.0444444 0.291904
1 0.534766 0.204167 0.0179687 0.05 0.2932
3 0.50625 0.0590278 0.01875 0.0458333 0.30331
4 0.423438 0.20625 0.0125 0.0430556 0.319313
4 0.450781 0.15625 0.0140625 0.0486111 0.357843
11 0.231641 0.877083 0.0570313 0.170833 0.405669
10 0.396875 0.354167 0.015625 0.0527778 0.420929
3 0.162109 0.475 0.0601562 0.227778 0.471677
11 0.491016 0.759028 0.0335938 0.123611 0.479419
10 0.603516 0.709722 0.0351562 0.141667 0.491343
10 0.46875 0.644444 0.0265625 0.0805556 0.607077
10 0.217578 0.355556 0.0210938 0.0777778 0.616896
8 0.590625 0.808333 0.0453125 0.152778 0.650802
4 0.45 0.110417 0.0140625 0.0513889 0.68449
4 0.560938 0.107639 0.015625 0.0486111 0.724992
4 0.395703 0.158333 0.0148437 0.0527778 0.794081
4 0.5875 0.109028 0.015625 0.0486111 0.838075
4 0.533594 0.109722 0.015625 0.0472222 0.881164
