4 0.683203 0.0305556 0.0195312 0.0472222 0.264594
4 0.416797 0.01875 0.0164062 0.0319444 0.287713
10 0.534766 0.241667 0.0164062 0.0638889 0.29512
4 0.560156 0.0576389 0.01875 0.0430556 0.308303
1 0.474219 0.0194444 0.0203125 0.0277778 0.31794
8 0.590234 0.811111 0.0429688 0.155556 0.360684
11 0.589063 0.809028 0.04375 0.148611 0.401127
10 0.396875 0.354167 0.015625 0.0527778 0.425175
1 0.534375 0.123611 0.0171875 0.0722222 0.44405
4 0.397266 0.0527778 0.0164062 0.0916667 0.523202
11 0.488672 0.754167 0.0367187 0.125 0.66662
4 0.451953 0.158333 0.0164062 0.0472222 0.672036
4 0.450391 0.108333 0.0148437 0.0472222 0.7007
4 0.560938 0.106944 0.015625 0.05 0.705294
4 0.533203 0.110417 0.0148437 0.0541667 0.728965
1 0.825781 0.593056 0.0515625 0.136111 0.762535
10 0.529297 0.778472 0.0289063 0.0902778 0.777744
4 0.396875 0.111806 0.0140625 0.0486111 0.777859
4 0.423828 0.106944 0.0148437 0.05 0.802139
4 0.587891 0.109028 0.0164062 0.0486111 0.810024
