4 0.533984 0.230556 0.0164062 0.0833333 0.26089
4 0.534375 0.204167 0.015625 0.0444444 0.299516
11 0.532422 0.772917 0.0335938 0.104167 0.309471
7 0.492578 0.757639 0.0351562 0.120833 0.352357
10 0.423438 0.356944 0.0140625 0.0416667 0.359766
1 0.533984 0.124306 0.0164062 0.0736111 0.388117
4 0.844922 0.883333 0.0242187 0.0388889 0.394353
9 0.404297 0.693056 0.0414063 0.152778 0.396105
1 0.678516 0.0972222 0.0539063 0.166667 0.401108
4 0.560156 0.0576389 0.01875 0.0430556 0.409764
4 0.397266 0.0590278 0.0164062 0.0986111 0.441666
4 0.451562 0.156944 0.015625 0.0472222 0.546145
10 0.396875 0.354167 0.015625 0.05 0.568257
11 0.592188 0.809028 0.04375 0.148611 0.632631
4 0.560547 0.106944 0.0148437 0.05 0.707699
4 0.450391 0.109028 0.0148437 0.0486111 0.722656
11 0.492969 0.756944 0.0328125 0.125 0.756788
4 0.533203 0.109722 0.0148437 0.0527778 0.787541
4 0.5875 0.108333 0.015625 0.05 0.789255
4 0.396094 0.111806 0.0140625 0.0486111 0.801966
4 0.423438 0.107639 0.015625 0.0513889 0.819578
