1 0.533984 0.204861 0.0164062 0.0541667 0.273999
4 0.560156 0.0590278 0.01875 0.0486111 0.286025
4 0.422266 0.0201389 0.0164062 0.0347222 0.303147
1 0.477734 0.201389 0.0164062 0.0472222 0.348306
1 0.473047 0.0208333 0.0210938 0.0277778 0.363111
6 0.760938 0.0604167 0.0296875 0.106944 0.365159
4 0.423828 0.206944 0.0148437 0.0472222 0.371167
3 0.760547 0.0590278 0.0304688 0.106944 0.388907
10 0.520703 0.7125 0.0273438 0.0916667 0.395806
3 0.971094 0.289583 0.053125 0.159722 0.423319
6 0.722266 0.025 0.0304688 0.0444444 0.4486
4 0.396484 0.0381944 0.0195312 0.0680556 0.455682
10 0.396875 0.354167 0.015625 0.05 0.487791
10 0.009375 0.251389 0.0171875 0.144444 0.509878
11 0.589844 0.809028 0.04375 0.151389 0.530376
4 0.451172 0.160417 0.0148437 0.0486111 0.591236
1 0.784766 0.567361 0.0585938 0.126389 0.614195
11 0.490625 0.754861 0.034375 0.123611 0.625228
4 0.844141 0.882639 0.0242187 0.0375 0.658571
4 0.450781 0.110417 0.0140625 0.0513889 0.731306
4 0.560938 0.106944 0.015625 0.05 0.737985
4 0.396484 0.110417 0.0148437 0.0513889 0.774556
4 0.587891 0.109722 0.0164062 0.05 0.817158
4 0.533984 0.109028 0.0148437 0.0486111 0.828711
