1 0.965625 0.108333 0.0515625 0.175 0.290925
1 0.534375 0.122917 0.0171875 0.0708333 0.297105
4 0.560156 0.0569444 0.01875 0.0444444 0.302077
3 0.825781 0.570139 0.0546875 0.145833 0.304026
1 0.474219 0.0201389 0.0203125 0.0319444 0.360721
4 0.683203 0.0277778 0.0179687 0.0472222 0.389064
1 0.826563 0.564583 0.053125 0.145833 0.391243
10 0.397266 0.354861 0.0148437 0.0513889 0.469161
4 0.397656 0.05625 0.0171875 0.0986111 0.470047
8 0.589844 0.811111 0.0421875 0.155556 0.638914
4 0.451953 0.158333 0.0164062 0.0472222 0.639655
1 0.738281 0.454167 0.0546875 0.186111 0.678809
4 0.450391 0.109028 0.0148437 0.0486111 0.703848
4 0.560938 0.108333 0.015625 0.05 0.721247
10 0.529688 0.777083 0.0296875 0.0930556 0.76269
4 0.396484 0.111806 0.0148437 0.0486111 0.789497
4 0.587891 0.109028 0.0164062 0.0486111 0.795863
4 0.533203 0.110417 0.0148437 0.0541667 0.817608
11 0.488281 0.752778 0.0375 0.130556 0.831708
4 0.423438 0.108333 0.015625 0.05 0.835032
