7 0.49375 0.759722 0.034375 0.119444 0.256961
3 0.669531 0.120139 0.0625 0.204167 0.259301
11 0.257422 0.886806 0.0632813 0.173611 0.263597
11 0.532812 0.775694 0.034375 0.1125 0.276302
10 0.423047 0.01875 0.0164062 0.0347222 0.288733
3 0.701953 0.0416667 0.0523437 0.0833333 0.296612
9 0.406641 0.690278 0.0445312 0.155556 0.309669
4 0.559766 0.05625 0.0179687 0.0430556 0.314182
3 0.507812 0.354167 0.0203125 0.0472222 0.323385
4 0.533594 0.203472 0.015625 0.0486111 0.364763
10 0.533203 0.776389 0.0320312 0.1 0.372349
10 0.00976562 0.246528 0.0179687 0.140278 0.385441
4 0.396875 0.0520833 0.0171875 0.0597222 0.390729
1 0.533984 0.122917 0.0164062 0.0708333 0.397273
10 0.423828 0.35625 0.0132813 0.0430556 0.404095
11 0.592578 0.810417 0.0476562 0.151389 0.50655
4 0.844531 0.886806 0.0265625 0.0430556 0.507121
3 0.975391 0.503472 0.0460938 0.168056 0.540986
11 0.49375 0.758333 0.0328125 0.125 0.67765
4 0.451172 0.157639 0.0164062 0.0486111 0.688215
10 0.397266 0.354861 0.0148437 0.0486111 0.688486
4 0.560547 0.107639 0.0148437 0.0486111 0.72217
4 0.450391 0.108333 0.0148437 0.0472222 0.754289
4 0.587109 0.111111 0.0148437 0.0527778 0.794781
4 0.396094 0.109722 0.015625 0.0472222 0.80925
4 0.533203 0.109722 0.0148437 0.0527778 0.809987
4 0.423047 0.107639 0.0148437 0.0513889 0.817179
