10 0.396875 0.353472 0.0140625 0.0541667 0.255682
10 0.605859 0.709028 0.0335938 0.1375 0.261162
4 0.423438 0.2125 0.0140625 0.0666667 0.267461
4 0.944922 0.931944 0.0257812 0.0444444 0.283941
4 0.560156 0.0576389 0.01875 0.0458333 0.293001
4 0.50625 0.0583333 0.01875 0.0472222 0.30218
1 0.760156 0.0763889 0.0265625 0.113889 0.305358
6 0.0507812 0.928472 0.0453125 0.0986111 0.331245
11 0.593359 0.804167 0.0476562 0.152778 0.37991
3 0.759766 0.0694444 0.0242187 0.108333 0.434713
7 0.638281 0.594444 0.0515625 0.177778 0.450452
11 0.232422 0.880556 0.0554687 0.177778 0.505033
4 0.451172 0.156944 0.0148437 0.0472222 0.52726
10 0.218359 0.357639 0.0195312 0.0819444 0.532903
8 0.590625 0.806944 0.0453125 0.155556 0.533219
3 0.660156 0.263194 0.0578125 0.1625 0.56469
10 0.469531 0.645139 0.0265625 0.0791667 0.569536
10 0.435547 0.707639 0.0351562 0.120833 0.666423
4 0.45 0.110417 0.0140625 0.0513889 0.670661
11 0.639063 0.589583 0.0515625 0.181944 0.688332
4 0.560938 0.108333 0.015625 0.0472222 0.718392
4 0.395703 0.158333 0.0148437 0.0527778 0.783714
4 0.587109 0.110417 0.0148437 0.0513889 0.803821
4 0.533594 0.109722 0.015625 0.0472222 0.878588
