10 0.397266 0.354861 0.0148437 0.0541667 0.251175
4 0.506641 0.211806 0.0148437 0.0597222 0.251863
10 0.50625 0.252778 0.0140625 0.0388889 0.259668
10 0.522656 0.663889 0.028125 0.102778 0.260729
3 0.450391 0.155556 0.0179687 0.0444444 0.261051
10 0.507812 0.744444 0.0265625 0.0888889 0.267122
11 0.528906 0.76875 0.034375 0.1125 0.278655
10 0.419922 0.0166667 0.0164062 0.0333333 0.279885
11 0.470313 0.661111 0.03125 0.113889 0.283923
10 0.423828 0.35625 0.0132813 0.0458333 0.288589
11 0.507422 0.745139 0.0289063 0.0930556 0.291536
1 0.832812 0.620833 0.0609375 0.163889 0.300519
11 0.521875 0.665972 0.0328125 0.123611 0.304017
11 0.417188 0.7125 0.040625 0.144444 0.318704
11 0.650781 0.722917 0.0421875 0.1375 0.323876
1 0.662891 0.242361 0.0617188 0.184722 0.327932
4 0.397656 0.0638889 0.015625 0.105556 0.350699
1 0.476562 0.0444444 0.0171875 0.0527778 0.358352
4 0.746094 0.920139 0.021875 0.0541667 0.365977
1 0.712891 0.110417 0.0492188 0.170833 0.375155
10 0.533984 0.354861 0.0148437 0.0458333 0.408824
1 0.450391 0.157639 0.0164062 0.0430556 0.42747
4 0.942578 0.929861 0.0242187 0.0486111 0.428255
1 0.966016 0.0902778 0.0570313 0.161111 0.494805
1 0.761719 0.163194 0.0421875 0.143056 0.496743
10 0.476953 0.377778 0.0179687 0.0722222 0.50667
4 0.84375 0.884028 0.025 0.0375 0.523107
4 0.5875 0.0569444 0.0171875 0.0416667 0.558952
4 0.506641 0.0527778 0.0148437 0.0472222 0.579953
4 0.450391 0.111111 0.0148437 0.05 0.648668
1 0.533984 0.129167 0.0179687 0.0805556 0.711192
4 0.560938 0.108333 0.0140625 0.0472222 0.820613
4 0.396484 0.111806 0.0148437 0.0486111 0.82247
4 0.423438 0.107639 0.015625 0.0486111 0.827463
4 0.587891 0.107639 0.0164062 0.0486111 0.852992
4 0.477734 0.108333 0.0164062 0.05 0.872871
