10 0.533984 0.359722 0.0148437 0.0416667 0.265435
4 0.560938 0.0569444 0.01875 0.0444444 0.270478
1 0.534375 0.150694 0.0171875 0.0486111 0.287173
6 0.705078 0.0347222 0.0429688 0.0555556 0.301506
7 0.455469 0.740972 0.040625 0.156944 0.303157
3 0.508203 0.355556 0.0195312 0.0472222 0.30372
11 0.251172 0.881944 0.0648438 0.177778 0.307609
10 0.534766 0.243056 0.0164062 0.0611111 0.317475
10 0.397656 0.354861 0.015625 0.0513889 0.318717
1 0.395312 0.05 0.021875 0.0388889 0.325409
10 0.424609 0.357639 0.0132813 0.0430556 0.332932
12 0.408984 0.68125 0.0398437 0.148611 0.336518
4 0.534375 0.203472 0.015625 0.0513889 0.366793
7 0.494531 0.758333 0.0359375 0.122222 0.395761
1 0.477734 0.01875 0.0210938 0.0263889 0.405735
1 0.534375 0.126389 0.0171875 0.0722222 0.462182
4 0.427344 0.0201389 0.015625 0.0263889 0.462727
3 0.397266 0.0979167 0.0164062 0.0569444 0.463772
11 0.533594 0.775 0.0328125 0.102778 0.468294
4 0.396484 0.109722 0.0148437 0.0472222 0.485032
10 0.533984 0.777083 0.0320312 0.0986111 0.533092
9 0.407422 0.688889 0.0414063 0.158333 0.559705
6 0.969531 0.501389 0.059375 0.175 0.602846
3 0.396094 0.0541667 0.0203125 0.05 0.620575
11 0.59375 0.810417 0.0453125 0.148611 0.682864
4 0.561328 0.107639 0.0148437 0.0458333 0.687412
4 0.452344 0.156944 0.015625 0.0472222 0.713551
4 0.450391 0.107639 0.0148437 0.0458333 0.736727
11 0.494531 0.758333 0.034375 0.127778 0.78589
4 0.5875 0.110417 0.015625 0.0486111 0.801182
4 0.533984 0.109722 0.0148437 0.0527778 0.801234
4 0.423438 0.10625 0.015625 0.0513889 0.804591
3 0.968359 0.502083 0.0617188 0.181944 0.874371
