4 0.560156 0.0576389 0.01875 0.0458333 0.255048
10 0.396875 0.354167 0.0140625 0.05 0.267249
6 0.0507812 0.930556 0.0421875 0.0944444 0.273287
1 0.760547 0.0826389 0.0257812 0.120833 0.279322
10 0.433984 0.680556 0.0304688 0.0888889 0.290551
3 0.0382813 0.148611 0.046875 0.133333 0.292644
4 0.50625 0.0597222 0.01875 0.0472222 0.353317
1 0.477344 0.201389 0.015625 0.0472222 0.3839
8 0.590625 0.808333 0.0421875 0.15 0.404515
10 0.619922 0.754167 0.0335938 0.133333 0.442301
4 0.450781 0.161111 0.0140625 0.0444444 0.642684
4 0.560938 0.107639 0.015625 0.0486111 0.70498
4 0.45 0.109028 0.0140625 0.0486111 0.73849
4 0.5875 0.109028 0.015625 0.0486111 0.803323
4 0.396484 0.109722 0.0148437 0.05 0.831132
4 0.533594 0.110417 0.015625 0.0486111 0.8833
