10 0.232422 0.8625 0.0414063 0.144444 0.314403
11 0.415625 0.711111 0.046875 0.166667 0.314658
4 0.450391 0.0604167 0.0148437 0.0541667 0.317235
4 0.945312 0.932639 0.0234375 0.0430556 0.331867
10 0.397266 0.354861 0.0148437 0.0541667 0.338182
4 0.45 0.0847222 0.015625 0.0777778 0.339699
4 0.844141 0.884722 0.0242187 0.0388889 0.352751
3 0.659766 0.254167 0.0664062 0.177778 0.362878
3 0.713672 0.106944 0.0492188 0.172222 0.375612
3 0.7625 0.0513889 0.028125 0.0944444 0.390997
10 0.423828 0.357639 0.0132813 0.0458333 0.416022
4 0.416797 0.0180556 0.0164062 0.0361111 0.428234
1 0.960156 0.108333 0.053125 0.177778 0.432653
1 0.477344 0.0465278 0.01875 0.0541667 0.440568
4 0.397656 0.0541667 0.0171875 0.1 0.505119
7 0.646875 0.71875 0.0359375 0.123611 0.578911
4 0.507422 0.0583333 0.0164062 0.05 0.599007
4 0.451172 0.157639 0.0164062 0.0486111 0.701931
4 0.560938 0.107639 0.015625 0.0486111 0.710297
4 0.450391 0.106944 0.0164062 0.0472222 0.769632
11 0.527734 0.754167 0.0367187 0.147222 0.786709
8 0.588281 0.80625 0.0421875 0.148611 0.795408
4 0.396094 0.110417 0.015625 0.0458333 0.804759
4 0.423438 0.107639 0.015625 0.0486111 0.824567
4 0.587891 0.109028 0.0164062 0.0486111 0.832078
4 0.533594 0.109028 0.015625 0.0486111 0.86011
