4 0.847656 0.894444 0.03125 0.0611111 0.259615
1 0.477344 0.200694 0.015625 0.0486111 0.270856
8 0.591016 0.810417 0.0414063 0.159722 0.271759
10 0.521094 0.70625 0.03125 0.106944 0.310491
10 0.617969 0.758333 0.0359375 0.141667 0.320967
10 0.55625 0.688889 0.025 0.0777778 0.327248
6 0.757031 0.0361111 0.0234375 0.0638889 0.365384
4 0.50625 0.0590278 0.01875 0.0513889 0.442721
11 0.589453 0.807639 0.0429688 0.151389 0.463188
6 0.722656 0.025 0.0328125 0.0444444 0.479526
1 0.969141 0.294444 0.0554687 0.188889 0.521788
11 0.490625 0.757639 0.034375 0.120833 0.527105
6 0.0507812 0.926389 0.0421875 0.102778 0.542952
4 0.450781 0.160417 0.0140625 0.0458333 0.569882
4 0.561328 0.106944 0.0164062 0.05 0.688921
4 0.450391 0.109028 0.0148437 0.0486111 0.713119
4 0.587891 0.109722 0.0164062 0.05 0.796546
4 0.396484 0.109722 0.0148437 0.05 0.823475
4 0.533984 0.109722 0.0148437 0.05 0.878522
