12 0.199609 0.85625 0.0398437 0.101389 0.26515
8 0.592188 0.811111 0.0453125 0.163889 0.269393
10 0.457812 0.75 0.0390625 0.122222 0.311961
6 0.0476562 0.928472 0.053125 0.106944 0.322192
4 0.759375 0.0347222 0.0171875 0.0638889 0.336293
4 0.942187 0.930556 0.028125 0.0472222 0.340495
4 0.423438 0.205556 0.0125 0.0444444 0.371257
10 0.450391 0.349306 0.0179687 0.0513889 0.374654
10 0.604297 0.700694 0.0304688 0.126389 0.389954
3 0.746484 0.211111 0.0570313 0.2 0.396054
10 0.4375 0.665972 0.0359375 0.123611 0.458573
3 0.758984 0.0611111 0.0210938 0.0888889 0.477706
4 0.844922 0.886806 0.0273438 0.0430556 0.481867
4 0.451172 0.15625 0.0148437 0.0486111 0.568006
11 0.590234 0.808333 0.0476562 0.158333 0.57908
11 0.651563 0.728472 0.03125 0.0930556 0.590501
10 0.397266 0.354167 0.0164062 0.0472222 0.638505
4 0.560547 0.10625 0.0148437 0.0486111 0.699106
4 0.450781 0.0576389 0.0171875 0.0430556 0.702625
3 0.980469 0.279861 0.0390625 0.154167 0.704621
4 0.450781 0.107639 0.0140625 0.0513889 0.748222
4 0.587109 0.109028 0.0148437 0.0513889 0.78085
4 0.395703 0.158333 0.0148437 0.0527778 0.812754
4 0.533594 0.108333 0.0140625 0.0472222 0.827797
