10 0.424219 0.357639 0.0140625 0.0430556 0.257409
10 0.009375 0.243056 0.0171875 0.152778 0.267769
10 0.533984 0.358333 0.0148437 0.0444444 0.286223
1 0.476953 0.203472 0.0148437 0.0430556 0.312257
11 0.451953 0.745139 0.0351562 0.129167 0.320523
3 0.508203 0.354167 0.0195312 0.0472222 0.334737
11 0.589844 0.809722 0.0421875 0.147222 0.408161
4 0.396875 0.0388889 0.01875 0.0694444 0.410896
2 0.661719 0.257639 0.071875 0.179167 0.419122
4 0.559766 0.0569444 0.0195312 0.0444444 0.426254
4 0.844922 0.884722 0.0257812 0.0388889 0.520796
10 0.397266 0.354167 0.0164062 0.05 0.595605
4 0.451172 0.161111 0.0148437 0.0444444 0.701791
4 0.560938 0.107639 0.015625 0.0486111 0.703823
4 0.396875 0.110417 0.0140625 0.0486111 0.762241
11 0.489844 0.753472 0.034375 0.120833 0.775148
4 0.450391 0.108333 0.0148437 0.0472222 0.782934
4 0.423828 0.106944 0.0148437 0.05 0.78973
4 0.5875 0.109028 0.015625 0.0486111 0.807875
4 0.533984 0.109028 0.0148437 0.0486111 0.843049
