10 0.396484 0.354861 0.0148437 0.0513889 0.252639
4 0.845703 0.8875 0.0273438 0.0416667 0.257578
3 0.658594 0.259028 0.059375 0.1625 0.265797
4 0.560547 0.0583333 0.0179687 0.0444444 0.271952
10 0.555078 0.686111 0.0257812 0.0833333 0.284558
4 0.423047 0.211806 0.0148437 0.0652778 0.303886
4 0.505859 0.0597222 0.0179687 0.0472222 0.311357
10 0.00976562 0.248611 0.0179687 0.15 0.311742
4 0.451172 0.155556 0.0148437 0.05 0.325478
3 0.50625 0.0597222 0.0171875 0.0472222 0.330029
10 0.468359 0.641667 0.0304688 0.0833333 0.334832
11 0.592969 0.802778 0.046875 0.152778 0.341825
10 0.517969 0.675 0.0296875 0.0916667 0.344434
10 0.604297 0.709028 0.0351562 0.1375 0.351619
11 0.23125 0.880556 0.05625 0.175 0.352178
3 0.758984 0.0569444 0.0210938 0.0861111 0.377206
11 0.433203 0.704167 0.0382813 0.125 0.381451
10 0.491016 0.756944 0.0320312 0.119444 0.399185
4 0.560547 0.109722 0.0148437 0.0472222 0.687983
4 0.450391 0.110417 0.0148437 0.0513889 0.699884
8 0.590625 0.806944 0.0453125 0.152778 0.709199
4 0.396094 0.158333 0.0140625 0.0527778 0.804813
4 0.587891 0.109028 0.0164062 0.0486111 0.858961
4 0.533984 0.109722 0.0148437 0.0472222 0.883331
