6 0.759375 0.0444444 0.0203125 0.0861111 0.253007
10 0.506641 0.252778 0.0132813 0.0472222 0.257185
10 0.00859375 0.245833 0.015625 0.166667 0.275307
10 0.423828 0.359028 0.0117188 0.0486111 0.279987
4 0.751953 0.919444 0.0195312 0.0472222 0.294718
8 0.478516 0.377778 0.0195312 0.0861111 0.316371
4 0.421094 0.0173611 0.0234375 0.0291667 0.317579
3 0.967188 0.121528 0.05 0.176389 0.356346
4 0.396094 0.0548611 0.0171875 0.0569444 0.373058
4 0.944922 0.931944 0.0242187 0.0444444 0.412077
1 0.505859 0.0604167 0.0179687 0.0375 0.414089
1 0.533594 0.131944 0.0171875 0.0861111 0.415125
4 0.560547 0.05625 0.0195312 0.0430556 0.428728
4 0.45 0.0583333 0.015625 0.0416667 0.468466
4 0.683203 0.0284722 0.0164062 0.0458333 0.480494
10 0.50625 0.203472 0.0140625 0.0375 0.503039
1 0.832031 0.601389 0.0546875 0.163889 0.534278
11 0.646094 0.728472 0.04375 0.140278 0.552263
4 0.844531 0.884722 0.025 0.0388889 0.570772
4 0.477734 0.0548611 0.0179687 0.0347222 0.581744
10 0.528516 0.772917 0.0320312 0.0958333 0.590472
4 0.451172 0.15625 0.0148437 0.0486111 0.622056
4 0.50625 0.0611111 0.01875 0.0416667 0.631482
4 0.450391 0.108333 0.0148437 0.05 0.694898
4 0.533594 0.122917 0.015625 0.0708333 0.696841
4 0.560547 0.107639 0.0148437 0.0513889 0.723691
4 0.5875 0.108333 0.015625 0.05 0.764474
8 0.589844 0.806944 0.0421875 0.15 0.793013
4 0.423828 0.106944 0.0148437 0.05 0.801792
10 0.516797 0.663194 0.0320312 0.115278 0.811511
4 0.396484 0.110417 0.0132813 0.0486111 0.814385
