4 0.473437 0.0180556 0.0171875 0.025 0.252755
4 0.678906 0.0229167 0.0171875 0.0375 0.302271
4 0.945312 0.932639 0.0234375 0.0430556 0.313
7 0.644922 0.718056 0.0320312 0.113889 0.319709
10 0.534766 0.152778 0.0132813 0.0472222 0.340764
4 0.414453 0.01875 0.0164062 0.0375 0.347229
10 0.423828 0.357639 0.0132813 0.0458333 0.406946
11 0.585547 0.807639 0.0429688 0.148611 0.418116
4 0.397266 0.0611111 0.0164062 0.105556 0.41902
4 0.450391 0.0597222 0.0148437 0.0527778 0.469949
10 0.397266 0.354167 0.0148437 0.0555556 0.581173
4 0.451172 0.157639 0.0164062 0.0486111 0.637728
9 0.694922 0.632639 0.0335938 0.109722 0.676848
4 0.560547 0.107639 0.0164062 0.0486111 0.710633
4 0.450391 0.107639 0.0164062 0.0486111 0.713552
4 0.844531 0.883333 0.025 0.0388889 0.719022
11 0.644531 0.721528 0.034375 0.120833 0.735131
4 0.5875 0.109028 0.015625 0.0486111 0.828256
4 0.396094 0.109722 0.015625 0.0472222 0.846524
4 0.423438 0.108333 0.015625 0.05 0.848314
4 0.533594 0.108333 0.015625 0.0472222 0.880348
