4 0.559766 0.0583333 0.0195312 0.0472222 0.250632
4 0.451562 0.132639 0.015625 0.0819444 0.282533
1 0.759375 0.150694 0.0375 0.1375 0.283304
4 0.417969 0.0201389 0.0171875 0.0347222 0.292424
11 0.278906 0.895833 0.053125 0.158333 0.293581
4 0.506641 0.0569444 0.0195312 0.0555556 0.32644
11 0.646484 0.720139 0.0335938 0.115278 0.446421
3 0.65625 0.249306 0.0625 0.179167 0.463431
4 0.451562 0.157639 0.0171875 0.0513889 0.484748
4 0.397656 0.0590278 0.0171875 0.101389 0.487317
4 0.450781 0.0611111 0.015625 0.0527778 0.499117
10 0.397266 0.354167 0.0164062 0.0555556 0.530264
1 0.533984 0.131944 0.0195312 0.0805556 0.555052
4 0.844922 0.884028 0.0257812 0.0402778 0.584442
4 0.450391 0.107639 0.0164062 0.0513889 0.676
10 0.530078 0.777778 0.0304688 0.0916667 0.717156
4 0.533203 0.111806 0.0164062 0.0541667 0.71999
8 0.588672 0.808333 0.0429688 0.147222 0.726923
4 0.560938 0.108333 0.015625 0.05 0.765953
4 0.5875 0.110417 0.0171875 0.0513889 0.804896
4 0.423438 0.107639 0.015625 0.0513889 0.813241
4 0.396094 0.110417 0.015625 0.0486111 0.82917
