4 0.745703 0.919444 0.0210938 0.05 0.256776
6 0.896094 0.895833 0.0359375 0.0555556 0.258242
10 0.423438 0.357639 0.0125 0.0486111 0.258606
3 0.45 0.154167 0.0171875 0.0472222 0.286355
4 0.944922 0.93125 0.0242187 0.0458333 0.310722
4 0.397656 0.0715278 0.0171875 0.106944 0.329435
6 0.981641 0.0458333 0.0367187 0.0694444 0.337533
10 0.396875 0.354861 0.015625 0.0569444 0.344027
7 0.322656 0.606944 0.0609375 0.188889 0.357662
10 0.422656 0.201389 0.0140625 0.0472222 0.365719
1 0.965234 0.0972222 0.0585938 0.163889 0.374225
4 0.505859 0.0458333 0.0164062 0.0583333 0.381454
1 0.450781 0.15625 0.0171875 0.0458333 0.400669
1 0.837891 0.604167 0.0585938 0.177778 0.411642
4 0.532812 0.113194 0.015625 0.0513889 0.505657
10 0.477344 0.377083 0.01875 0.0791667 0.541218
4 0.45 0.113889 0.015625 0.0527778 0.555946
1 0.533594 0.134028 0.01875 0.0763889 0.62071
4 0.396094 0.109722 0.015625 0.0472222 0.78573
4 0.587891 0.109028 0.0164062 0.0486111 0.791973
4 0.560938 0.109028 0.015625 0.0458333 0.805128
4 0.423438 0.108333 0.015625 0.05 0.826478
4 0.477734 0.109028 0.0164062 0.0513889 0.866669
