6 0.0378906 0.916667 0.0445312 0.102778 0.252755
10 0.521484 0.713194 0.0289063 0.0930556 0.277056
3 0.658203 0.253472 0.0617188 0.176389 0.280148
3 0.969531 0.116667 0.0515625 0.205556 0.280656
3 0.21875 0.0729167 0.0453125 0.120833 0.291223
4 0.844531 0.885417 0.025 0.0402778 0.309394
3 0.978125 0.282639 0.04375 0.165278 0.312202
10 0.00898437 0.244444 0.0164062 0.163889 0.352982
4 0.396484 0.0625 0.0164062 0.108333 0.38124
1 0.341797 0.0430556 0.0351562 0.0722222 0.381955
6 0.762109 0.0444444 0.0335938 0.0805556 0.392848
10 0.4125 0.688889 0.04375 0.138889 0.40434
1 0.477344 0.202083 0.0171875 0.0458333 0.4437
6 0.725 0.025 0.03125 0.0444444 0.461079
4 0.423828 0.20625 0.0148437 0.0458333 0.470658
3 0.760156 0.0458333 0.0296875 0.0805556 0.49109
1 0.716016 0.465972 0.0523437 0.190278 0.534041
11 0.341406 0.6 0.059375 0.180556 0.604192
1 0.970312 0.111806 0.0515625 0.184722 0.630274
11 0.590234 0.807639 0.0429688 0.151389 0.637726
11 0.490625 0.755556 0.034375 0.125 0.650946
4 0.560547 0.110417 0.0148437 0.0486111 0.657242
10 0.397266 0.354861 0.0164062 0.0486111 0.669533
4 0.450781 0.161111 0.015625 0.0472222 0.692031
4 0.45 0.109028 0.0140625 0.0486111 0.782508
4 0.396094 0.109028 0.015625 0.0486111 0.806718
4 0.5875 0.109028 0.015625 0.0486111 0.828208
4 0.533984 0.109028 0.0148437 0.0486111 0.847746
