4 0.560547 0.0597222 0.0195312 0.0472222 0.279392
3 0.978906 0.290278 0.0421875 0.15 0.306192
4 0.844922 0.886806 0.0273438 0.0430556 0.38746
11 0.591016 0.809722 0.0445312 0.152778 0.420477
10 0.619531 0.756944 0.034375 0.136111 0.443434
4 0.50625 0.0611111 0.01875 0.05 0.457153
8 0.592578 0.811806 0.0414063 0.159722 0.517695
11 0.491797 0.759028 0.0351562 0.129167 0.579453
4 0.396094 0.111111 0.015625 0.0527778 0.620804
4 0.450781 0.158333 0.0140625 0.0472222 0.629668
10 0.469922 0.647222 0.0289063 0.0861111 0.72148
4 0.560547 0.109028 0.0164062 0.0486111 0.746161
4 0.45 0.108333 0.0140625 0.0472222 0.769595
4 0.587891 0.109722 0.0164062 0.05 0.823811
4 0.533594 0.111111 0.015625 0.0472222 0.874367
