4 0.559766 0.0569444 0.0179687 0.0444444 0.263061
3 0.796484 0.215972 0.0257812 0.101389 0.277051
6 0.716016 0.0270833 0.0257812 0.0402778 0.280587
4 0.50625 0.0555556 0.01875 0.0583333 0.280862
3 0.505469 0.254167 0.0171875 0.0472222 0.287465
10 0.423438 0.358333 0.0125 0.0472222 0.305518
9 0.696484 0.633333 0.0335938 0.105556 0.34994
4 0.941797 0.929861 0.0257812 0.0486111 0.359218
4 0.679297 0.0243056 0.0164062 0.0402778 0.37092
3 0.451172 0.157639 0.0164062 0.0486111 0.399945
4 0.416797 0.0194444 0.0164062 0.0333333 0.401074
1 0.764844 0.323611 0.025 0.105556 0.418906
2 0.659375 0.252778 0.0625 0.175 0.421664
4 0.396875 0.0402778 0.01875 0.0694444 0.433115
3 0.534766 0.154167 0.0179687 0.0416667 0.434082
4 0.451172 0.157639 0.0164062 0.0486111 0.477028
4 0.450391 0.107639 0.0148437 0.0486111 0.541502
4 0.844141 0.884722 0.0242187 0.0388889 0.543471
8 0.585938 0.807639 0.0421875 0.148611 0.570336
10 0.396875 0.354861 0.015625 0.0569444 0.576195
11 0.644141 0.722222 0.0335938 0.116667 0.623033
4 0.560938 0.106944 0.015625 0.0472222 0.707143
4 0.423438 0.106944 0.015625 0.05 0.786094
4 0.587109 0.110417 0.0148437 0.0513889 0.792586
4 0.396094 0.109722 0.015625 0.0472222 0.796245
4 0.533203 0.111111 0.0148437 0.0527778 0.806699
