4 0.559766 0.0590278 0.0195312 0.0486111 0.256457
1 0.533984 0.204861 0.0179687 0.0541667 0.264947
1 0.8 0.567361 0.053125 0.1375 0.30187
10 0.00859375 0.243056 0.015625 0.152778 0.302353
3 0.508203 0.351389 0.0210938 0.0472222 0.319839
10 0.555078 0.686111 0.0242187 0.0777778 0.334997
10 0.521094 0.713194 0.0265625 0.0902778 0.335324
1 0.477734 0.201389 0.0164062 0.0472222 0.387971
10 0.419922 0.0180556 0.0164062 0.0361111 0.41752
4 0.396484 0.0576389 0.0164062 0.101389 0.4491
4 0.844922 0.884028 0.0242187 0.0375 0.480757
4 0.423438 0.206944 0.015625 0.0472222 0.489905
12 0.349609 0.298611 0.0523437 0.175 0.489939
8 0.591797 0.809722 0.0398437 0.155556 0.52644
11 0.589844 0.807639 0.0421875 0.151389 0.567342
6 0.724609 0.0236111 0.0320312 0.0416667 0.630999
11 0.490625 0.754167 0.034375 0.125 0.705472
4 0.450781 0.160417 0.015625 0.0486111 0.728675
4 0.560547 0.106944 0.0164062 0.05 0.737442
4 0.450391 0.109722 0.0148437 0.05 0.749172
4 0.396094 0.109722 0.015625 0.0472222 0.804898
4 0.587891 0.109722 0.0164062 0.05 0.841394
4 0.533984 0.109028 0.0148437 0.0486111 0.866543
