10 0.424219 0.357639 0.0140625 0.0402778 0.283534
10 0.218359 0.359028 0.0226563 0.0819444 0.298559
11 0.252344 0.886111 0.0625 0.172222 0.327939
3 0.507812 0.356944 0.0203125 0.0444444 0.331239
1 0.473437 0.0208333 0.0203125 0.0277778 0.337946
9 0.405078 0.695833 0.0414063 0.147222 0.364121
4 0.397266 0.0645833 0.0164062 0.106944 0.368419
3 0.969141 0.484722 0.0539063 0.161111 0.369661
11 0.453516 0.745833 0.0351562 0.136111 0.371002
10 0.534375 0.359028 0.015625 0.0402778 0.389907
4 0.560156 0.0576389 0.01875 0.0430556 0.401558
11 0.531641 0.772917 0.0335938 0.106944 0.406508
3 0.980859 0.280556 0.0382813 0.169444 0.411323
1 0.533984 0.122917 0.0164062 0.0708333 0.424632
4 0.533984 0.203472 0.0164062 0.0486111 0.453067
3 0.759375 0.0875 0.0234375 0.108333 0.477586
8 0.592969 0.810417 0.04375 0.156944 0.598489
10 0.397656 0.354861 0.015625 0.0486111 0.601283
1 0.760547 0.0895833 0.0257812 0.106944 0.634781
11 0.591406 0.809028 0.04375 0.151389 0.64683
4 0.560938 0.107639 0.015625 0.0486111 0.696635
4 0.451953 0.158333 0.0164062 0.0472222 0.699798
4 0.844531 0.883333 0.025 0.0388889 0.7234
4 0.450391 0.107639 0.0148437 0.0458333 0.780393
4 0.587891 0.109722 0.0164062 0.05 0.801417
4 0.423438 0.107639 0.015625 0.0513889 0.804018
4 0.533594 0.109722 0.0140625 0.0527778 0.810686
4 0.396484 0.111111 0.0148437 0.05 0.826404
11 0.492188 0.757639 0.034375 0.131944 0.838985
