10 0.00859375 0.244444 0.015625 0.155556 0.284445
3 0.714063 0.0972222 0.05 0.158333 0.31205
3 0.96875 0.303472 0.0515625 0.140278 0.313516
4 0.559766 0.0576389 0.0195312 0.0486111 0.36572
10 0.396875 0.353472 0.015625 0.0513889 0.449643
4 0.397266 0.0388889 0.0179687 0.0666667 0.458858
9 0.403906 0.684028 0.0421875 0.148611 0.51552
4 0.845312 0.884722 0.025 0.0388889 0.539074
11 0.589453 0.809028 0.0429688 0.145833 0.655321
3 0.651563 0.255556 0.0578125 0.169444 0.659724
4 0.451172 0.160417 0.0148437 0.0458333 0.688631
4 0.560938 0.106944 0.015625 0.05 0.731155
11 0.488672 0.752083 0.0351562 0.123611 0.769243
4 0.45 0.107639 0.0140625 0.0458333 0.771414
4 0.396875 0.111111 0.0140625 0.0472222 0.774652
4 0.423438 0.106944 0.0140625 0.05 0.78452
4 0.5875 0.108333 0.015625 0.05 0.825732
4 0.533594 0.109028 0.0140625 0.0486111 0.870523
