1 0.794531 0.577778 0.0359375 0.119444 0.261561
10 0.417578 0.0166667 0.0164062 0.0333333 0.261975
4 0.587891 0.0576389 0.0179687 0.0458333 0.275229
6 0.974219 0.0375 0.0453125 0.0611111 0.276185
6 0.844141 0.890278 0.0273438 0.05 0.285882
10 0.560938 0.354861 0.015625 0.0513889 0.289733
6 0.896875 0.895139 0.0359375 0.0569444 0.290068
4 0.745703 0.919444 0.0210938 0.05 0.291002
1 0.709375 0.0423611 0.0515625 0.0763889 0.294238
10 0.505859 0.253472 0.0148437 0.0402778 0.298097
4 0.50625 0.211806 0.015625 0.0597222 0.303784
3 0.839063 0.590278 0.0546875 0.125 0.314926
3 0.45 0.154861 0.01875 0.0458333 0.328497
10 0.533984 0.35625 0.0148437 0.0458333 0.332442
10 0.422656 0.201389 0.0140625 0.0472222 0.334135
10 0.476953 0.379861 0.0179687 0.0736111 0.334336
4 0.944531 0.93125 0.0234375 0.0458333 0.350979
3 0.657422 0.252778 0.0632813 0.183333 0.36409
10 0.423828 0.35625 0.0148437 0.0513889 0.367366
7 0.610547 0.79375 0.0367187 0.118056 0.394513
3 0.969141 0.115278 0.0523437 0.183333 0.401842
1 0.450391 0.156944 0.0179687 0.0444444 0.409289
7 0.322656 0.6125 0.0640625 0.191667 0.412832
4 0.396875 0.0590278 0.0171875 0.101389 0.443812
1 0.841016 0.601389 0.0539063 0.166667 0.456786
10 0.396875 0.354861 0.015625 0.0541667 0.468411
10 0.396484 0.04375 0.0179687 0.0597222 0.474626
4 0.533594 0.113194 0.015625 0.0486111 0.586953
1 0.533203 0.149306 0.0179687 0.0541667 0.595745
4 0.45 0.1125 0.015625 0.05 0.604349
4 0.396094 0.110417 0.015625 0.0458333 0.788808
4 0.587891 0.109028 0.0164062 0.0486111 0.81077
4 0.423438 0.107639 0.015625 0.0486111 0.826406
4 0.561328 0.110417 0.0148437 0.0458333 0.833472
4 0.477734 0.109722 0.0164062 0.05 0.879031
