1 0.50625 0.0569444 0.0171875 0.0555556 0.259329
6 0.723828 0.0243056 0.0304688 0.0430556 0.273877
4 0.45 0.0840278 0.015625 0.0763889 0.283534
3 0.763672 0.0506944 0.0273438 0.0930556 0.283888
10 0.423438 0.357639 0.0125 0.0458333 0.285945
4 0.449609 0.0611111 0.0148437 0.0527778 0.289136
10 0.397266 0.355556 0.0148437 0.0555556 0.292105
4 0.559766 0.0576389 0.0179687 0.0458333 0.303236
11 0.416016 0.715972 0.0445312 0.148611 0.313911
3 0.713281 0.110417 0.0484375 0.176389 0.323898
4 0.417188 0.01875 0.0171875 0.0347222 0.34214
3 0.505859 0.253472 0.0179687 0.0458333 0.348103
1 0.476953 0.0458333 0.0179687 0.0555556 0.426362
4 0.506641 0.0576389 0.0164062 0.0486111 0.465933
4 0.397656 0.0541667 0.0171875 0.0972222 0.528304
3 0.655859 0.254861 0.0617188 0.176389 0.568657
3 0.883203 0.268056 0.0554687 0.197222 0.583491
4 0.451172 0.156944 0.0164062 0.0472222 0.587222
11 0.642969 0.733333 0.0421875 0.141667 0.613539
4 0.560547 0.108333 0.0148437 0.0472222 0.752345
4 0.45 0.107639 0.015625 0.0486111 0.774112
4 0.396094 0.110417 0.015625 0.0458333 0.800092
8 0.587891 0.807639 0.0414063 0.148611 0.815332
4 0.5875 0.109028 0.015625 0.0486111 0.832438
4 0.423438 0.107639 0.015625 0.0486111 0.834576
4 0.533594 0.109028 0.015625 0.0486111 0.874014
