7 0.648438 0.720139 0.03125 0.109722 0.277543
3 0.974609 0.269444 0.0445312 0.138889 0.306015
4 0.683984 0.0284722 0.0179687 0.0486111 0.379933
4 0.450391 0.0618056 0.0164062 0.0625 0.388876
8 0.590234 0.8125 0.0429688 0.155556 0.46607
4 0.397656 0.05625 0.0171875 0.0986111 0.480387
10 0.396875 0.354861 0.015625 0.0513889 0.491962
4 0.451562 0.157639 0.0171875 0.0486111 0.503093
10 0.530469 0.779861 0.0296875 0.0902778 0.587802
4 0.45 0.108333 0.015625 0.05 0.624586
4 0.533203 0.110417 0.0148437 0.0569444 0.666837
4 0.560547 0.107639 0.0148437 0.0513889 0.674314
1 0.533984 0.13125 0.0179687 0.0847222 0.690164
4 0.587891 0.108333 0.0164062 0.05 0.772699
4 0.396094 0.111111 0.015625 0.0472222 0.781606
4 0.423438 0.108333 0.015625 0.05 0.814734
