11 0.414453 0.715972 0.0476562 0.156944 0.260389
10 0.423438 0.358333 0.0125 0.0472222 0.269
3 0.713281 0.107639 0.0484375 0.173611 0.270252
4 0.417578 0.0194444 0.0179687 0.0361111 0.270954
3 0.505859 0.254861 0.0179687 0.0458333 0.280646
10 0.414844 0.718056 0.04375 0.155556 0.306408
3 0.533984 0.153472 0.0195312 0.0458333 0.3263
1 0.959375 0.111806 0.053125 0.184722 0.329138
2 0.657031 0.254861 0.0640625 0.176389 0.339745
10 0.232031 0.863194 0.0421875 0.145833 0.346405
3 0.758594 0.0541667 0.025 0.102778 0.380524
4 0.451172 0.157639 0.0164062 0.0486111 0.486626
4 0.45 0.106944 0.015625 0.05 0.493768
10 0.527734 0.758333 0.0335938 0.133333 0.503354
10 0.396875 0.354861 0.015625 0.0569444 0.505665
4 0.397656 0.05625 0.0171875 0.0986111 0.518213
11 0.527344 0.758333 0.034375 0.133333 0.59413
8 0.5875 0.807639 0.0390625 0.145833 0.687966
4 0.560547 0.107639 0.0148437 0.0486111 0.703014
4 0.396094 0.110417 0.015625 0.0486111 0.755043
4 0.5875 0.109722 0.015625 0.05 0.78947
4 0.423438 0.107639 0.015625 0.0513889 0.792545
4 0.533203 0.111806 0.0148437 0.0541667 0.798998
