10 0.420312 0.693056 0.0328125 0.111111 0.250791
8 0.561328 0.373611 0.0210938 0.0833333 0.253019
3 0.554688 0.488194 0.0484375 0.129167 0.269412
1 0.628125 0.0833333 0.0265625 0.105556 0.270104
10 0.419141 0.0180556 0.0164062 0.0361111 0.289527
3 0.630078 0.0840278 0.0242187 0.101389 0.294871
4 0.418359 0.01875 0.0179687 0.0347222 0.295558
4 0.519141 0.669444 0.0273438 0.111111 0.324437
4 0.45 0.0618056 0.015625 0.0625 0.325715
10 0.477734 0.376389 0.0195312 0.0833333 0.3488
8 0.478125 0.377083 0.01875 0.0819444 0.356335
7 0.592188 0.798611 0.0484375 0.158333 0.357733
4 0.945312 0.931944 0.0234375 0.0444444 0.365662
8 0.534375 0.374306 0.0203125 0.0819444 0.398906
3 0.969531 0.116667 0.0515625 0.177778 0.403223
4 0.746484 0.920833 0.0210938 0.05 0.403977
11 0.591016 0.802083 0.0460938 0.154167 0.416091
4 0.397656 0.0590278 0.0171875 0.101389 0.416484
1 0.969531 0.115972 0.0515625 0.176389 0.422897
10 0.424219 0.357639 0.0125 0.0458333 0.441887
10 0.50625 0.202778 0.015625 0.0388889 0.477042
3 0.767187 0.218056 0.0515625 0.141667 0.477271
4 0.560547 0.0555556 0.0179687 0.0416667 0.504703
1 0.533203 0.129167 0.0179687 0.0833333 0.509881
4 0.682813 0.0277778 0.0171875 0.0444444 0.612764
4 0.533594 0.122222 0.015625 0.0694444 0.644781
4 0.533594 0.0583333 0.0171875 0.0388889 0.685436
4 0.451172 0.157639 0.0164062 0.0486111 0.737828
4 0.844141 0.885417 0.0242187 0.0402778 0.75633
4 0.560547 0.108333 0.0148437 0.05 0.765073
4 0.45 0.108333 0.015625 0.0472222 0.785579
4 0.396484 0.110417 0.0148437 0.0458333 0.810025
4 0.423438 0.108333 0.015625 0.05 0.834057
4 0.587891 0.108333 0.0164062 0.05 0.83828
