1 0.472656 0.0194444 0.0203125 0.025 0.263477
6 0.0386719 0.917361 0.0429688 0.101389 0.26409
3 0.219141 0.0729167 0.0460938 0.123611 0.266064
10 0.521875 0.713889 0.0296875 0.0944444 0.269006
8 0.592578 0.809028 0.0414063 0.159722 0.27168
10 0.411719 0.01875 0.015625 0.0375 0.284606
3 0.977734 0.284028 0.0445312 0.168056 0.310883
3 0.65625 0.252778 0.0578125 0.180556 0.318196
3 0.758984 0.0520833 0.0273438 0.0930556 0.320387
4 0.844531 0.885417 0.025 0.0402778 0.354526
4 0.396484 0.0625 0.0164062 0.108333 0.374067
10 0.00898437 0.245139 0.0164062 0.1625 0.405412
1 0.342187 0.0430556 0.0359375 0.0722222 0.412938
6 0.762891 0.0493056 0.0320312 0.0930556 0.436626
1 0.477344 0.202083 0.0171875 0.0458333 0.472185
1 0.790234 0.549306 0.0554687 0.151389 0.478793
4 0.423828 0.20625 0.0148437 0.0458333 0.481136
6 0.724609 0.0256944 0.0304688 0.0458333 0.482692
11 0.341406 0.599306 0.059375 0.181944 0.586547
11 0.491016 0.75625 0.0351562 0.126389 0.604177
11 0.590234 0.806944 0.0429688 0.152778 0.605364
1 0.969922 0.1125 0.0539063 0.191667 0.651488
4 0.560547 0.110417 0.0148437 0.0486111 0.661477
10 0.397266 0.355556 0.0164062 0.0472222 0.69578
4 0.450781 0.161111 0.015625 0.0472222 0.70353
4 0.45 0.109028 0.0140625 0.0486111 0.786836
4 0.396094 0.109028 0.015625 0.0486111 0.813898
4 0.5875 0.109722 0.015625 0.05 0.831525
4 0.533984 0.109028 0.0148437 0.0486111 0.848098
