1 0.474609 0.0201389 0.0195312 0.0291667 0.277461
1 0.197656 0.84375 0.0484375 0.154167 0.291654
4 0.417969 0.0194444 0.0171875 0.0333333 0.293415
4 0.745313 0.920139 0.0203125 0.0486111 0.303247
4 0.560156 0.0576389 0.01875 0.0458333 0.304347
11 0.277734 0.897917 0.0523437 0.154167 0.315805
4 0.450781 0.0611111 0.015625 0.0555556 0.354271
1 0.757422 0.0895833 0.0226563 0.104167 0.375499
1 0.822656 0.593056 0.0515625 0.122222 0.389144
10 0.617188 0.715278 0.03125 0.0916667 0.444863
4 0.684375 0.0284722 0.01875 0.0458333 0.450976
4 0.396875 0.04375 0.0171875 0.0625 0.541154
8 0.589453 0.809722 0.0445312 0.147222 0.579204
4 0.451953 0.157639 0.0164062 0.0486111 0.599747
4 0.450781 0.108333 0.015625 0.05 0.63338
4 0.533203 0.110417 0.0148437 0.0569444 0.648647
10 0.530469 0.778472 0.0296875 0.0875 0.677029
4 0.560938 0.106944 0.015625 0.05 0.681443
1 0.533984 0.13125 0.0179687 0.0847222 0.712925
4 0.396484 0.111111 0.0148437 0.0472222 0.775655
4 0.423438 0.107639 0.015625 0.0513889 0.785935
4 0.587891 0.109028 0.0164062 0.0513889 0.811581
