3 0.763281 0.0430556 0.025 0.0777778 0.267757
3 0.506641 0.0597222 0.0179687 0.0472222 0.345176
4 0.50625 0.0597222 0.01875 0.05 0.369061
4 0.397656 0.0180556 0.015625 0.0305556 0.381798
4 0.845312 0.886806 0.0265625 0.0430556 0.426086
11 0.491016 0.759028 0.0382813 0.126389 0.460034
3 0.980859 0.283333 0.0382813 0.158333 0.460775
10 0.619141 0.756944 0.0351562 0.136111 0.514622
8 0.592578 0.811806 0.0414063 0.159722 0.550729
4 0.451562 0.157639 0.0140625 0.0458333 0.565852
4 0.560547 0.108333 0.0164062 0.05 0.722622
4 0.450391 0.107639 0.0148437 0.0486111 0.7276
4 0.396094 0.109722 0.0140625 0.05 0.755976
10 0.470313 0.647222 0.028125 0.0861111 0.760347
4 0.587891 0.109722 0.0164062 0.05 0.800163
4 0.533984 0.109722 0.0148437 0.0472222 0.878562
