10 0.397266 0.355556 0.0148437 0.0583333 0.269749
4 0.45 0.0833333 0.015625 0.0777778 0.279682
10 0.423828 0.359722 0.0132813 0.05 0.281861
4 0.417578 0.01875 0.0164062 0.0347222 0.298028
4 0.945312 0.931944 0.025 0.0444444 0.312854
10 0.416797 0.0173611 0.0164062 0.0347222 0.326529
10 0.435547 0.627778 0.0289063 0.116667 0.370376
1 0.476562 0.0472222 0.01875 0.0527778 0.372132
10 0.450781 0.296528 0.0125 0.0486111 0.399002
11 0.5875 0.80625 0.0484375 0.143056 0.401793
4 0.397656 0.0604167 0.0171875 0.104167 0.433249
1 0.657422 0.26875 0.0617188 0.1625 0.445168
1 0.966016 0.103472 0.0539063 0.165278 0.520684
11 0.640234 0.728472 0.0445312 0.1375 0.556134
1 0.533594 0.129861 0.01875 0.0819444 0.590525
4 0.451172 0.158333 0.0164062 0.05 0.59221
4 0.844922 0.881944 0.0257812 0.0361111 0.606328
4 0.507031 0.0576389 0.01875 0.0513889 0.635734
4 0.533203 0.1125 0.0148437 0.0555556 0.672978
10 0.478125 0.377778 0.0203125 0.0777778 0.68816
1 0.708203 0.113889 0.0539063 0.194444 0.690449
4 0.560547 0.108333 0.0148437 0.05 0.705489
8 0.589063 0.807639 0.04375 0.148611 0.737269
4 0.450391 0.108333 0.0164062 0.0472222 0.771583
4 0.5875 0.109722 0.015625 0.05 0.779849
4 0.396094 0.110417 0.015625 0.0458333 0.809963
4 0.423438 0.109028 0.015625 0.0486111 0.834754
