10 0.534375 0.241667 0.015625 0.0638889 0.252903
4 0.508203 0.0236111 0.0195312 0.0222222 0.263839
7 0.492969 0.759722 0.0359375 0.119444 0.266164
11 0.532812 0.775 0.0359375 0.113889 0.295244
10 0.533203 0.776389 0.0335938 0.102778 0.312537
9 0.407031 0.688889 0.0453125 0.158333 0.317958
3 0.507812 0.355556 0.0203125 0.0472222 0.328053
4 0.560156 0.05625 0.01875 0.0430556 0.345256
4 0.533594 0.204167 0.015625 0.05 0.346896
4 0.396484 0.0506944 0.0179687 0.0625 0.357936
10 0.423828 0.356944 0.0132813 0.0416667 0.396452
4 0.844922 0.892361 0.0304688 0.0569444 0.435044
1 0.533984 0.122917 0.0164062 0.0708333 0.44722
10 0.397266 0.354167 0.0148437 0.05 0.612483
11 0.592188 0.810417 0.0484375 0.151389 0.657958
11 0.492969 0.759028 0.034375 0.126389 0.661306
4 0.451172 0.157639 0.0164062 0.0486111 0.670076
4 0.560547 0.107639 0.0148437 0.0486111 0.717189
4 0.450391 0.108333 0.0148437 0.0472222 0.746763
4 0.5875 0.109722 0.015625 0.05 0.791477
4 0.533203 0.109722 0.0148437 0.0527778 0.800107
4 0.396484 0.111111 0.0148437 0.05 0.807831
4 0.423438 0.107639 0.015625 0.0513889 0.810168
3 0.972266 0.504167 0.0507812 0.172222 0.81199
