9 0.412891 0.680556 0.0398437 0.127778 0.284308
10 0.620703 0.753472 0.0351562 0.134722 0.303209
10 0.396875 0.354861 0.0140625 0.0513889 0.352249
3 0.50625 0.0597222 0.0171875 0.0472222 0.366986
4 0.50625 0.0590278 0.0171875 0.0486111 0.382355
1 0.477734 0.202083 0.0164062 0.0458333 0.389586
3 0.0449219 0.0493056 0.0570313 0.0986111 0.428903
6 0.0503906 0.93125 0.0429688 0.0902778 0.469338
11 0.492188 0.759028 0.034375 0.123611 0.497639
3 0.773438 0.06875 0.0390625 0.123611 0.586834
4 0.844922 0.885417 0.0257812 0.0402778 0.596496
4 0.450781 0.160417 0.0140625 0.0458333 0.646381
4 0.560938 0.109722 0.015625 0.05 0.686034
10 0.519531 0.670139 0.03125 0.0986111 0.728856
8 0.592969 0.809028 0.0421875 0.159722 0.735468
4 0.450391 0.108333 0.0148437 0.0472222 0.744481
4 0.396484 0.110417 0.0148437 0.0513889 0.801125
4 0.587891 0.109028 0.0164062 0.0486111 0.818084
4 0.533984 0.109722 0.0148437 0.0472222 0.888446
