4 0.417578 0.01875 0.0164062 0.0347222 0.256607
10 0.528125 0.774306 0.0328125 0.0986111 0.261512
4 0.45 0.0833333 0.015625 0.0777778 0.274817
4 0.746094 0.920833 0.0203125 0.0472222 0.281794
4 0.945703 0.93125 0.0242187 0.0430556 0.316811
10 0.417578 0.0173611 0.0164062 0.0347222 0.344731
1 0.476562 0.0472222 0.01875 0.0527778 0.405006
4 0.397656 0.0618056 0.0171875 0.106944 0.425092
1 0.964453 0.102778 0.0554687 0.166667 0.453108
1 0.657031 0.265972 0.0609375 0.165278 0.455871
10 0.424219 0.357639 0.0125 0.0458333 0.456677
11 0.641016 0.730556 0.0445312 0.138889 0.475799
1 0.533984 0.130556 0.0179687 0.0833333 0.631087
4 0.507031 0.0583333 0.01875 0.05 0.641211
4 0.533203 0.113194 0.0148437 0.0541667 0.652209
1 0.708594 0.113889 0.053125 0.194444 0.668573
4 0.84375 0.884722 0.021875 0.0333333 0.689434
4 0.560547 0.109028 0.0148437 0.0486111 0.716503
10 0.478125 0.378472 0.01875 0.0736111 0.729287
4 0.451172 0.158333 0.0164062 0.05 0.766423
8 0.589453 0.808333 0.0429688 0.147222 0.769632
4 0.45 0.108333 0.015625 0.0472222 0.771757
4 0.5875 0.109722 0.015625 0.05 0.791505
4 0.396094 0.110417 0.015625 0.0458333 0.812205
4 0.423438 0.109028 0.015625 0.0486111 0.84707
