4 0.449609 0.0819444 0.0179687 0.0833333 0.252266
4 0.534766 0.0486111 0.0132813 0.05 0.252827
4 0.50625 0.206944 0.0140625 0.0388889 0.256078
6 0.721094 0.0277778 0.040625 0.0472222 0.261827
3 0.45 0.15625 0.01875 0.0486111 0.293392
4 0.685547 0.0243056 0.0148437 0.0430556 0.294528
4 0.944531 0.93125 0.0234375 0.0458333 0.305007
1 0.761719 0.21875 0.05 0.154167 0.345515
3 0.760156 0.222917 0.05625 0.145833 0.374768
10 0.50625 0.255556 0.015625 0.0388889 0.380485
4 0.397656 0.0604167 0.0171875 0.101389 0.422487
1 0.560547 0.102778 0.0179687 0.0555556 0.424397
4 0.560156 0.0576389 0.0171875 0.0430556 0.443764
3 0.662891 0.25 0.0679687 0.186111 0.453185
10 0.423828 0.379167 0.0226563 0.0916667 0.482049
11 0.645703 0.727778 0.0398437 0.133333 0.494212
4 0.587891 0.05625 0.0179687 0.0430556 0.500122
1 0.960547 0.102083 0.0523437 0.1625 0.503841
4 0.505859 0.0479167 0.0164062 0.0569444 0.525274
8 0.477734 0.376389 0.0210938 0.0833333 0.548434
10 0.477734 0.375 0.0195312 0.0805556 0.565387
4 0.45 0.111806 0.015625 0.0513889 0.658045
1 0.835938 0.60625 0.0515625 0.159722 0.72428
4 0.560938 0.109722 0.015625 0.05 0.749459
10 0.533984 0.384722 0.0195312 0.0694444 0.797335
4 0.396094 0.111111 0.015625 0.0472222 0.809106
4 0.5875 0.109722 0.0171875 0.05 0.817264
4 0.423438 0.109028 0.015625 0.0486111 0.822319
4 0.533594 0.110417 0.015625 0.0486111 0.868169
4 0.477734 0.109028 0.0164062 0.0513889 0.87553
