4 0.506641 0.0583333 0.0195312 0.0555556 0.252028
4 0.417969 0.0194444 0.0171875 0.0333333 0.261661
4 0.451562 0.13125 0.015625 0.0819444 0.270906
4 0.451172 0.159722 0.0179687 0.0472222 0.280803
11 0.618359 0.759722 0.0335938 0.133333 0.28182
4 0.559766 0.0576389 0.0195312 0.0458333 0.308646
1 0.759766 0.150694 0.0382813 0.134722 0.400267
4 0.397656 0.0618056 0.0171875 0.106944 0.406936
3 0.451172 0.157639 0.0179687 0.0513889 0.438057
3 0.657031 0.251389 0.0640625 0.175 0.446398
4 0.450391 0.0625 0.0164062 0.0583333 0.494471
1 0.533984 0.131944 0.0179687 0.0777778 0.519302
11 0.646094 0.720139 0.0328125 0.115278 0.546339
10 0.397266 0.354167 0.0164062 0.0555556 0.559256
4 0.844922 0.884028 0.0257812 0.0402778 0.579452
4 0.450391 0.107639 0.0164062 0.0513889 0.677354
10 0.529688 0.779167 0.0296875 0.0888889 0.757625
4 0.533203 0.111806 0.0164062 0.0541667 0.758123
4 0.560938 0.109028 0.015625 0.0513889 0.785734
8 0.589063 0.808333 0.0421875 0.147222 0.786558
4 0.5875 0.109722 0.0171875 0.05 0.810823
4 0.423438 0.107639 0.015625 0.0513889 0.820031
4 0.396094 0.109722 0.015625 0.0472222 0.825193
