1 0.534766 0.204167 0.0179687 0.05 0.274248
4 0.845703 0.888194 0.0273438 0.0430556 0.275696
4 0.559766 0.0583333 0.0179687 0.0444444 0.288196
11 0.594141 0.804167 0.0476562 0.152778 0.292334
4 0.423438 0.20625 0.0125 0.0430556 0.311769
3 0.505859 0.0604167 0.0179687 0.0458333 0.331618
4 0.450781 0.15625 0.0140625 0.0486111 0.345315
4 0.758984 0.0319444 0.0164062 0.0583333 0.388219
10 0.396875 0.354167 0.015625 0.0527778 0.404419
10 0.602734 0.707639 0.0335938 0.1375 0.434619
11 0.491406 0.760417 0.0328125 0.120833 0.453471
3 0.651953 0.261111 0.0554687 0.158333 0.502215
11 0.231641 0.884028 0.0601562 0.176389 0.50627
8 0.590625 0.808333 0.046875 0.155556 0.625875
4 0.45 0.110417 0.0140625 0.0513889 0.678935
10 0.468359 0.645833 0.0273438 0.0805556 0.711446
4 0.560547 0.108333 0.0148437 0.0472222 0.720913
4 0.396094 0.159028 0.0140625 0.0513889 0.800748
4 0.587109 0.110417 0.0148437 0.0513889 0.831523
4 0.533984 0.109722 0.0148437 0.0472222 0.883745
