3 0.975 0.266667 0.04375 0.136111 0.261512
1 0.764844 0.139583 0.0390625 0.143056 0.264478
11 0.201172 0.852083 0.0570313 0.170833 0.272534
4 0.560156 0.0569444 0.01875 0.0472222 0.275571
4 0.944922 0.93125 0.0226563 0.0430556 0.287397
2 0.845703 0.595833 0.0492188 0.127778 0.327962
4 0.683984 0.0284722 0.0179687 0.0486111 0.386871
4 0.450391 0.0618056 0.0164062 0.0625 0.402198
4 0.397656 0.0569444 0.0171875 0.1 0.472058
10 0.396875 0.354861 0.015625 0.0513889 0.512426
4 0.451562 0.157639 0.0171875 0.0486111 0.514904
10 0.530469 0.779167 0.0296875 0.0916667 0.542263
4 0.45 0.108333 0.015625 0.05 0.632787
8 0.590625 0.811806 0.0421875 0.154167 0.641102
4 0.533203 0.110417 0.0148437 0.0569444 0.669666
4 0.560547 0.107639 0.0148437 0.0513889 0.683664
1 0.533984 0.13125 0.0179687 0.0847222 0.689024
1 0.845703 0.602083 0.0507812 0.154167 0.737255
4 0.587891 0.108333 0.0164062 0.05 0.77776
4 0.396094 0.111111 0.015625 0.0472222 0.78763
4 0.423438 0.108333 0.015625 0.05 0.81854
