1 0.535156 0.204167 0.0171875 0.05 0.289769
4 0.846094 0.892361 0.03125 0.0569444 0.326711
4 0.560547 0.0569444 0.0195312 0.05 0.334288
1 0.434375 0.484028 0.0375 0.120833 0.357505
4 0.423438 0.205556 0.0125 0.0416667 0.388148
4 0.472656 0.0159722 0.025 0.0291667 0.417447
3 0.433984 0.48125 0.0367187 0.118056 0.475961
4 0.50625 0.0576389 0.0171875 0.0486111 0.482773
10 0.605078 0.70625 0.0335938 0.1375 0.488928
10 0.397266 0.354167 0.0148437 0.0472222 0.498139
4 0.451172 0.156944 0.0148437 0.05 0.500296
10 0.469922 0.644444 0.0273438 0.0805556 0.519072
8 0.591016 0.808333 0.0445312 0.152778 0.570549
11 0.491797 0.757639 0.0335938 0.126389 0.619807
3 0.985156 0.275 0.0296875 0.163889 0.645829
4 0.45 0.111111 0.0140625 0.0555556 0.676744
4 0.561328 0.106944 0.0164062 0.05 0.736387
3 0.479297 0.49375 0.0429688 0.129167 0.794339
4 0.395703 0.159028 0.0148437 0.0513889 0.815032
4 0.587891 0.109028 0.0164062 0.0486111 0.835768
4 0.533984 0.109028 0.0148437 0.0486111 0.882777
