10 0.419531 0.0173611 0.0171875 0.0347222 0.258388
1 0.766016 0.219444 0.0523437 0.158333 0.304878
6 0.721484 0.0270833 0.0414063 0.0458333 0.332373
4 0.944922 0.931944 0.0226563 0.0444444 0.333022
10 0.50625 0.255556 0.015625 0.0388889 0.379014
1 0.450391 0.158333 0.0195312 0.0444444 0.405443
4 0.559766 0.0576389 0.0179687 0.0430556 0.41939
4 0.397656 0.0583333 0.0171875 0.1 0.427134
1 0.560156 0.102778 0.0171875 0.0555556 0.446514
8 0.477734 0.376389 0.0195312 0.0805556 0.483112
1 0.960938 0.100694 0.053125 0.1625 0.490466
4 0.587891 0.05625 0.0179687 0.0430556 0.50042
4 0.505469 0.0479167 0.0171875 0.0569444 0.510517
3 0.662109 0.250694 0.0679687 0.1875 0.516475
3 0.45 0.15625 0.01875 0.0458333 0.528093
10 0.477734 0.376389 0.0195312 0.0777778 0.563822
4 0.45 0.111806 0.015625 0.0513889 0.636271
11 0.650781 0.726389 0.0390625 0.130556 0.648574
1 0.837109 0.599306 0.0507812 0.156944 0.681446
4 0.560547 0.109028 0.0148437 0.0486111 0.741147
10 0.533984 0.384722 0.0195312 0.0694444 0.785908
4 0.396094 0.110417 0.015625 0.0458333 0.809872
4 0.5875 0.109028 0.0171875 0.0513889 0.819625
4 0.423438 0.108333 0.015625 0.05 0.833102
4 0.533594 0.110417 0.015625 0.0486111 0.860391
4 0.477734 0.109028 0.0164062 0.0513889 0.873083
