1 0.855469 0.902778 0.05 0.0722222 0.266265
6 0.975391 0.938194 0.0242187 0.0597222 0.274216
11 0.568359 0.678472 0.0429688 0.126389 0.279048
5 0.15 0.198611 0.05 0.183333 0.297739
3 0.0371094 0.261806 0.0507812 0.143056 0.316282
1 0.591406 0.30625 0.0515625 0.168056 0.317722
4 0.747266 0.920139 0.0242187 0.0458333 0.324761
10 0.602734 0.638194 0.0273438 0.0791667 0.337775
11 0.153906 0.198611 0.0515625 0.180556 0.367238
6 0.990234 0.950694 0.0164062 0.0875 0.500644
3 0.670703 0.0895833 0.0351562 0.1125 0.511233
