4 0.756641 0.0354167 0.0179687 0.0652778 0.250422
1 0.934375 0.0819444 0.0453125 0.15 0.260556
10 0.534766 0.240278 0.0164062 0.0666667 0.261381
4 0.417188 0.0194444 0.0171875 0.0333333 0.268833
11 0.590234 0.804167 0.0445312 0.152778 0.276019
4 0.683203 0.0298611 0.0195312 0.0458333 0.297882
4 0.560156 0.0576389 0.01875 0.0430556 0.319906
1 0.474609 0.0194444 0.0210938 0.0277778 0.320245
1 0.534375 0.123611 0.0171875 0.0722222 0.399895
10 0.396875 0.354167 0.015625 0.0527778 0.408728
4 0.397266 0.0527778 0.0164062 0.0916667 0.53914
8 0.589063 0.809722 0.04375 0.15 0.586738
4 0.451953 0.157639 0.0164062 0.0486111 0.618207
4 0.450391 0.108333 0.0148437 0.0472222 0.684277
4 0.560938 0.106944 0.015625 0.05 0.710993
10 0.529688 0.777778 0.0296875 0.0944444 0.740768
4 0.533594 0.110417 0.015625 0.0541667 0.747091
1 0.825391 0.595139 0.0523437 0.131944 0.754047
4 0.396484 0.109722 0.0148437 0.0472222 0.767872
4 0.423828 0.107639 0.0148437 0.0513889 0.802853
4 0.587891 0.109722 0.0164062 0.05 0.805473
11 0.488672 0.753472 0.0382813 0.129167 0.813415
