4 0.941797 0.930556 0.0289063 0.0472222 0.25937
10 0.517187 0.676389 0.0296875 0.1 0.282097
1 0.534766 0.204167 0.0179687 0.05 0.283835
4 0.560547 0.0583333 0.0179687 0.0444444 0.294738
10 0.602734 0.70625 0.0335938 0.145833 0.29584
1 0.451172 0.159722 0.0148437 0.0444444 0.297842
1 0.223047 0.0840278 0.0257812 0.120833 0.299387
4 0.845312 0.884722 0.0265625 0.0388889 0.305843
11 0.592969 0.802083 0.046875 0.154167 0.314728
4 0.451172 0.15625 0.0148437 0.0486111 0.324233
11 0.231641 0.876389 0.0554687 0.166667 0.339645
1 0.661328 0.259028 0.0632813 0.168056 0.35236
10 0.396875 0.354167 0.0140625 0.05 0.359103
4 0.423438 0.205556 0.0125 0.0416667 0.404905
3 0.50625 0.0604167 0.0171875 0.0458333 0.412982
11 0.490625 0.757639 0.0328125 0.120833 0.446844
8 0.590234 0.80625 0.0460938 0.154167 0.470526
7 0.401563 0.685417 0.0375 0.148611 0.534787
10 0.219141 0.358333 0.0210938 0.0833333 0.559057
11 0.433984 0.70625 0.0367187 0.118056 0.571198
10 0.489844 0.756944 0.0359375 0.122222 0.647081
4 0.560938 0.110417 0.015625 0.0486111 0.707503
4 0.450391 0.109722 0.0148437 0.05 0.744411
4 0.395703 0.158333 0.0148437 0.0527778 0.841136
4 0.5875 0.109722 0.015625 0.0472222 0.858737
4 0.533984 0.109722 0.0148437 0.0472222 0.888243
