3 0.505859 0.0604167 0.0179687 0.0458333 0.292148
4 0.50625 0.0604167 0.01875 0.0458333 0.320622
4 0.423047 0.211111 0.0148437 0.0638889 0.329969
4 0.845312 0.886111 0.0265625 0.0416667 0.343521
4 0.560156 0.0590278 0.01875 0.0458333 0.354817
4 0.451172 0.155556 0.0148437 0.05 0.386912
10 0.397266 0.353472 0.0148437 0.0513889 0.441282
10 0.603125 0.708333 0.034375 0.138889 0.464461
11 0.491406 0.759028 0.034375 0.123611 0.602184
3 0.652344 0.261111 0.0578125 0.163889 0.612005
8 0.590625 0.808333 0.04375 0.152778 0.637497
10 0.469141 0.645833 0.0273438 0.0805556 0.65267
4 0.450391 0.109722 0.0148437 0.05 0.721313
4 0.560938 0.106944 0.015625 0.05 0.749788
4 0.395703 0.159028 0.0148437 0.0513889 0.817547
4 0.5875 0.110417 0.015625 0.0486111 0.834815
4 0.533594 0.109722 0.015625 0.0472222 0.883169
