1 0.669922 0.520139 0.0367187 0.131944 0.259807
10 0.449609 0.347917 0.0179687 0.0513889 0.28082
4 0.559375 0.05625 0.01875 0.0486111 0.284326
11 0.592188 0.804167 0.046875 0.155556 0.311287
4 0.944922 0.932639 0.0242187 0.0458333 0.317579
10 0.396875 0.353472 0.015625 0.0513889 0.3648
4 0.423438 0.204861 0.0125 0.0430556 0.393694
10 0.469141 0.645833 0.0273438 0.0805556 0.435081
10 0.436328 0.704861 0.0382813 0.129167 0.469416
4 0.844531 0.886111 0.0265625 0.0416667 0.483718
6 0.625 0.0770833 0.028125 0.109722 0.491968
11 0.232031 0.879167 0.05625 0.175 0.594464
4 0.505078 0.0597222 0.0179687 0.0472222 0.604247
3 0.771094 0.0729167 0.0375 0.129167 0.655234
4 0.450781 0.107639 0.0140625 0.0486111 0.730958
8 0.590234 0.807639 0.0460938 0.156944 0.737925
4 0.451172 0.157639 0.0148437 0.0486111 0.763411
4 0.560156 0.106944 0.015625 0.05 0.770373
4 0.587109 0.109722 0.0148437 0.0555556 0.794056
4 0.395703 0.158333 0.0148437 0.0527778 0.811421
4 0.533594 0.109028 0.015625 0.0486111 0.874986
