4 0.45 0.0840278 0.015625 0.0763889 0.271099
3 0.762109 0.0506944 0.0257812 0.0930556 0.277647
6 0.757031 0.0354167 0.021875 0.0597222 0.28273
3 0.775 0.0555556 0.0265625 0.0944444 0.283541
1 0.50625 0.0555556 0.0171875 0.0555556 0.284925
4 0.559766 0.0576389 0.0179687 0.0458333 0.289369
4 0.449609 0.0611111 0.0148437 0.0527778 0.291472
10 0.416797 0.0173611 0.0164062 0.0347222 0.316727
4 0.417188 0.01875 0.0171875 0.0347222 0.318066
10 0.423438 0.357639 0.0125 0.0458333 0.319837
10 0.397266 0.354861 0.0148437 0.0541667 0.348456
3 0.505859 0.253472 0.0179687 0.0458333 0.350872
11 0.416016 0.717361 0.0429688 0.145833 0.364195
1 0.476953 0.0451389 0.0179687 0.0541667 0.424498
4 0.506641 0.0569444 0.0164062 0.05 0.510882
4 0.397656 0.0555556 0.0171875 0.0972222 0.513899
4 0.451172 0.156944 0.0164062 0.0472222 0.577785
3 0.65625 0.253472 0.0625 0.179167 0.592262
11 0.642578 0.731944 0.0429688 0.141667 0.593768
3 0.884766 0.265972 0.0554687 0.201389 0.635924
4 0.560547 0.108333 0.0148437 0.0472222 0.748512
8 0.587891 0.806944 0.0429688 0.15 0.776665
4 0.45 0.108333 0.015625 0.0472222 0.777257
4 0.396094 0.110417 0.015625 0.0458333 0.797355
4 0.5875 0.109028 0.015625 0.0486111 0.833109
4 0.423438 0.107639 0.015625 0.0486111 0.838957
4 0.533594 0.109028 0.015625 0.0486111 0.872413
