1 0.533984 0.149306 0.0164062 0.0486111 0.262717
10 0.421875 0.01875 0.0171875 0.0347222 0.27231
11 0.255078 0.8875 0.0664062 0.169444 0.274403
3 0.507812 0.355556 0.0203125 0.0472222 0.277429
7 0.493359 0.760417 0.0367187 0.120833 0.281059
10 0.533203 0.777083 0.0335938 0.101389 0.321479
11 0.532812 0.776389 0.0359375 0.113889 0.328935
4 0.397656 0.0694444 0.015625 0.105556 0.348879
4 0.560547 0.05625 0.0179687 0.0430556 0.355171
4 0.844922 0.892361 0.0304688 0.0569444 0.363326
4 0.533594 0.204167 0.015625 0.05 0.365439
4 0.512109 0.0243056 0.0195312 0.0208333 0.369189
10 0.424219 0.35625 0.0140625 0.0430556 0.417395
1 0.533984 0.122917 0.0164062 0.0708333 0.436681
9 0.404687 0.693056 0.04375 0.155556 0.455339
11 0.592578 0.810417 0.0476562 0.151389 0.596959
10 0.397266 0.354861 0.0148437 0.0486111 0.650049
4 0.451953 0.157639 0.0164062 0.0486111 0.700955
11 0.493359 0.759722 0.0335938 0.127778 0.702929
4 0.560938 0.107639 0.015625 0.0486111 0.705941
3 0.971484 0.498611 0.0523437 0.183333 0.764916
4 0.450391 0.108333 0.0148437 0.0472222 0.772184
4 0.5875 0.109028 0.015625 0.0486111 0.788687
4 0.533594 0.109722 0.0140625 0.0527778 0.807298
4 0.423438 0.106944 0.015625 0.05 0.814206
4 0.396484 0.111111 0.0148437 0.05 0.826638
