10 0.411328 0.0208333 0.0179687 0.0388889 0.254284
4 0.560156 0.0576389 0.01875 0.0430556 0.285193
10 0.424219 0.357639 0.0140625 0.0402778 0.295843
11 0.254687 0.8875 0.0640625 0.169444 0.313436
1 0.533594 0.125694 0.0171875 0.0736111 0.32566
10 0.397266 0.0444444 0.0179687 0.0555556 0.331169
10 0.009375 0.258333 0.0171875 0.147222 0.368487
8 0.594141 0.810417 0.0460938 0.1625 0.37067
9 0.405078 0.696528 0.0429688 0.151389 0.381999
4 0.396484 0.05 0.0179687 0.0611111 0.391009
10 0.419922 0.0194444 0.0179687 0.0361111 0.394603
4 0.534375 0.204167 0.015625 0.0444444 0.422739
11 0.592188 0.809028 0.046875 0.154167 0.560422
10 0.397656 0.354861 0.015625 0.0486111 0.62882
4 0.560938 0.107639 0.015625 0.0486111 0.680327
4 0.451953 0.158333 0.0164062 0.0472222 0.72417
4 0.844141 0.882639 0.0226563 0.0375 0.73576
4 0.587109 0.111111 0.0148437 0.0527778 0.764048
4 0.450391 0.107639 0.0148437 0.0458333 0.777851
4 0.423438 0.107639 0.015625 0.0513889 0.791489
11 0.492969 0.757639 0.034375 0.131944 0.808277
4 0.533203 0.109722 0.0148437 0.0527778 0.823112
4 0.396484 0.111111 0.0148437 0.05 0.826443
3 0.965625 0.49375 0.065625 0.195833 0.908618
