10 0.533984 0.247222 0.0164062 0.0555556 0.268117
1 0.259766 0.177083 0.0632813 0.154167 0.304845
4 0.745703 0.921528 0.0210938 0.0486111 0.318129
10 0.536719 0.632639 0.0234375 0.0902778 0.325755
1 0.450781 0.159722 0.015625 0.0472222 0.37664
11 0.505078 0.6375 0.0320312 0.108333 0.379317
10 0.56875 0.629167 0.0234375 0.0833333 0.387702
1 0.0433594 0.959722 0.0335938 0.0555556 0.394522
1 0.670313 0.0875 0.0328125 0.108333 0.443497
4 0.451172 0.156944 0.0148437 0.05 0.482141
4 0.559375 0.0576389 0.01875 0.0375 0.483979
4 0.422656 0.210417 0.0140625 0.0625 0.489802
10 0.396094 0.353472 0.015625 0.0486111 0.58435
6 0.0433594 0.206944 0.0695312 0.252778 0.643332
4 0.560156 0.105556 0.015625 0.05 0.676819
4 0.395703 0.159028 0.0148437 0.0513889 0.799731
4 0.587109 0.109028 0.0148437 0.0513889 0.810241
4 0.533203 0.109028 0.0148437 0.0486111 0.860384
