11 0.324219 0.613889 0.0578125 0.177778 0.262851
9 0.417188 0.714583 0.04375 0.154167 0.280475
10 0.505859 0.253472 0.0148437 0.0402778 0.285622
4 0.50625 0.211806 0.015625 0.0597222 0.28679
4 0.7625 0.0402778 0.0171875 0.075 0.299133
3 0.45 0.154861 0.01875 0.0458333 0.303593
10 0.422656 0.201389 0.0140625 0.0472222 0.319282
3 0.76875 0.0847222 0.03125 0.130556 0.323713
10 0.396484 0.0444444 0.0179687 0.0583333 0.330438
10 0.476953 0.379861 0.0179687 0.0736111 0.335012
10 0.533984 0.35625 0.0148437 0.0458333 0.335404
10 0.423828 0.35625 0.0148437 0.0513889 0.342064
1 0.9625 0.0888889 0.059375 0.144444 0.346511
3 0.963281 0.0881944 0.05625 0.145833 0.364907
1 0.450391 0.156944 0.0179687 0.0444444 0.375146
10 0.420312 0.0173611 0.0171875 0.0347222 0.378833
4 0.587891 0.0576389 0.0179687 0.0458333 0.381361
10 0.396875 0.354861 0.015625 0.0541667 0.381589
4 0.944922 0.931944 0.0226563 0.0444444 0.396033
10 0.560938 0.354167 0.015625 0.05 0.398821
3 0.844531 0.595139 0.0609375 0.123611 0.399568
11 0.576953 0.836806 0.0445312 0.151389 0.403749
7 0.324219 0.613889 0.065625 0.191667 0.429627
4 0.84375 0.886111 0.0234375 0.0388889 0.433853
4 0.396875 0.0583333 0.0171875 0.1 0.454025
7 0.636719 0.734028 0.05 0.156944 0.454538
11 0.637109 0.734028 0.0492188 0.165278 0.500728
6 0.973437 0.0361111 0.046875 0.0611111 0.532784
1 0.533594 0.133333 0.01875 0.075 0.577052
4 0.533594 0.113194 0.015625 0.0486111 0.578226
4 0.45 0.113194 0.015625 0.0513889 0.591199
4 0.396094 0.110417 0.015625 0.0458333 0.78469
4 0.5875 0.109028 0.015625 0.0486111 0.797534
4 0.423438 0.107639 0.015625 0.0486111 0.825237
4 0.561328 0.110417 0.0148437 0.0458333 0.831105
4 0.477734 0.109722 0.0164062 0.05 0.880547
