4 0.560156 0.0576389 0.01875 0.0458333 0.25403
4 0.845703 0.886111 0.0289063 0.0416667 0.259235
6 0.0507812 0.93125 0.0421875 0.0958333 0.29456
1 0.760547 0.0833333 0.0257812 0.119444 0.301157
8 0.592969 0.809722 0.040625 0.155556 0.320865
11 0.591016 0.808333 0.0429688 0.15 0.360651
4 0.50625 0.0590278 0.01875 0.0486111 0.363113
1 0.477734 0.201389 0.0164062 0.0472222 0.387349
10 0.619922 0.754167 0.0335938 0.133333 0.44537
4 0.450781 0.161111 0.0140625 0.0444444 0.642375
4 0.560938 0.107639 0.015625 0.0486111 0.706328
4 0.45 0.109028 0.0140625 0.0486111 0.735033
4 0.5875 0.109028 0.015625 0.0486111 0.799685
4 0.396484 0.109722 0.0148437 0.05 0.827484
4 0.533594 0.110417 0.015625 0.0486111 0.88264
