6 0.0507812 0.930556 0.040625 0.0944444 0.258704
10 0.434766 0.680556 0.0304688 0.0916667 0.260673
4 0.560156 0.0576389 0.01875 0.0458333 0.277097
11 0.491406 0.75625 0.0359375 0.120833 0.291039
1 0.760156 0.0833333 0.025 0.119444 0.316745
4 0.50625 0.0590278 0.01875 0.0486111 0.337432
1 0.477344 0.201389 0.015625 0.0472222 0.39961
8 0.590234 0.808333 0.0429688 0.15 0.401498
10 0.619922 0.754167 0.0335938 0.133333 0.44931
1 0.0726563 0.0652778 0.059375 0.116667 0.536577
4 0.450781 0.161111 0.0140625 0.0444444 0.646564
4 0.560938 0.106944 0.015625 0.05 0.702886
4 0.45 0.109028 0.0140625 0.0486111 0.732963
4 0.5875 0.109028 0.015625 0.0486111 0.797678
4 0.396484 0.109722 0.0148437 0.05 0.829228
4 0.533594 0.110417 0.015625 0.0486111 0.882557
