1 0.630859 0.05625 0.0523437 0.109722 0.323863
4 0.845703 0.8875 0.0273438 0.0444444 0.327761
4 0.505859 0.0597222 0.0179687 0.0472222 0.363663
10 0.605469 0.709722 0.034375 0.138889 0.391526
4 0.423438 0.205556 0.0125 0.0416667 0.416414
4 0.450781 0.156944 0.0140625 0.0472222 0.48253
10 0.396484 0.354861 0.0148437 0.0486111 0.534079
8 0.591016 0.809028 0.0460938 0.154167 0.537191
11 0.491016 0.759722 0.0382813 0.127778 0.538202
10 0.469531 0.647222 0.028125 0.0833333 0.67101
4 0.560938 0.107639 0.015625 0.0486111 0.711355
4 0.45 0.109722 0.0140625 0.05 0.723407
4 0.5875 0.108333 0.0171875 0.0472222 0.812323
4 0.395703 0.159028 0.0148437 0.0513889 0.813814
4 0.533594 0.109722 0.015625 0.0472222 0.876216
