1 0.476172 0.0451389 0.0164062 0.0513889 0.2604
11 0.469531 0.664583 0.0359375 0.120833 0.309403
1 0.762109 0.0888889 0.0304688 0.136111 0.315078
4 0.844922 0.884722 0.0257812 0.0388889 0.315634
10 0.396484 0.0451389 0.0164062 0.0597222 0.316363
7 0.324609 0.611806 0.0648438 0.190278 0.321216
10 0.419141 0.0173611 0.0164062 0.0347222 0.335047
1 0.450391 0.157639 0.0164062 0.0430556 0.357573
10 0.533984 0.354861 0.0148437 0.0486111 0.365197
4 0.533203 0.1125 0.0148437 0.0555556 0.368569
4 0.942578 0.93125 0.0257812 0.0486111 0.368627
4 0.5875 0.0569444 0.01875 0.0472222 0.372866
4 0.397266 0.0590278 0.0164062 0.0986111 0.401086
11 0.644531 0.732639 0.0421875 0.134722 0.424774
10 0.476953 0.377778 0.0179687 0.075 0.465701
4 0.506641 0.0527778 0.0164062 0.05 0.468454
1 0.662109 0.10625 0.0570313 0.193056 0.550839
1 0.658984 0.260417 0.0554687 0.1625 0.584742
4 0.450391 0.111111 0.0148437 0.05 0.613635
1 0.533984 0.129861 0.0179687 0.0819444 0.69561
1 0.962109 0.0979167 0.0601562 0.168056 0.760498
4 0.560938 0.107639 0.015625 0.0486111 0.772762
4 0.396094 0.111111 0.0140625 0.0472222 0.793977
4 0.423438 0.107639 0.015625 0.0486111 0.815752
4 0.5875 0.106944 0.0171875 0.05 0.828672
4 0.477734 0.108333 0.0164062 0.05 0.868313
