10 0.0078125 0.244444 0.015625 0.158333 0.273303
4 0.505859 0.0576389 0.0179687 0.0486111 0.27476
10 0.61875 0.754861 0.0328125 0.131944 0.296078
11 0.266016 0.893056 0.0601562 0.163889 0.312465
4 0.423828 0.20625 0.0148437 0.0458333 0.312602
9 0.405469 0.688889 0.040625 0.138889 0.33117
10 0.521094 0.7125 0.028125 0.0916667 0.342158
1 0.477734 0.201389 0.0164062 0.0472222 0.348746
11 0.617969 0.754167 0.0328125 0.133333 0.390575
4 0.944922 0.932639 0.0257812 0.0430556 0.40265
10 0.396875 0.354167 0.015625 0.05 0.403809
1 0.973047 0.290278 0.0492188 0.180556 0.405446
10 0.554688 0.686806 0.025 0.0763889 0.411695
6 0.722656 0.0256944 0.03125 0.0458333 0.45937
4 0.450781 0.160417 0.0140625 0.0486111 0.614686
4 0.450391 0.109028 0.0148437 0.0513889 0.704979
4 0.560938 0.106944 0.015625 0.05 0.710683
8 0.589453 0.807639 0.0429688 0.151389 0.738935
4 0.844531 0.885417 0.0265625 0.0402778 0.747212
11 0.490234 0.754861 0.0351562 0.126389 0.756832
4 0.396484 0.109028 0.0148437 0.0513889 0.805507
4 0.5875 0.108333 0.015625 0.05 0.828238
4 0.533594 0.109028 0.015625 0.0486111 0.882365
