12 0.342187 0.288194 0.05 0.165278 0.250955
10 0.554297 0.6875 0.0226563 0.0777778 0.299409
3 0.507812 0.351389 0.0203125 0.0472222 0.305616
6 0.758594 0.0451389 0.0265625 0.0847222 0.33587
1 0.477344 0.201389 0.015625 0.0472222 0.342326
10 0.520703 0.7125 0.0273438 0.0916667 0.352859
4 0.844531 0.884722 0.025 0.0388889 0.435145
4 0.423438 0.206944 0.0140625 0.0472222 0.48225
8 0.588281 0.806944 0.040625 0.147222 0.617042
6 0.723828 0.0243056 0.0304688 0.0430556 0.623216
11 0.489844 0.754167 0.034375 0.127778 0.70262
4 0.560938 0.109722 0.015625 0.05 0.713648
4 0.450781 0.161111 0.015625 0.0472222 0.726738
4 0.45 0.109722 0.0140625 0.05 0.738759
4 0.396094 0.109722 0.015625 0.05 0.819383
4 0.587891 0.109722 0.0164062 0.05 0.829463
4 0.533594 0.109028 0.0140625 0.0486111 0.851794
