11 0.623047 0.0208333 0.0304688 0.0388889 0.260026
4 0.759375 0.0347222 0.0171875 0.0638889 0.275501
12 0.203516 0.854167 0.0476562 0.105556 0.276939
3 0.978516 0.294444 0.0429688 0.141667 0.299043
1 0.649609 0.234722 0.0492188 0.177778 0.301777
10 0.603516 0.690278 0.0304688 0.113889 0.313684
4 0.604297 0.697917 0.0304688 0.126389 0.343454
6 0.0476562 0.925 0.05625 0.113889 0.345504
4 0.942578 0.930556 0.0273438 0.0472222 0.355905
4 0.423438 0.204861 0.0125 0.0430556 0.399713
3 0.759375 0.0604167 0.021875 0.0930556 0.42683
4 0.845312 0.886806 0.0265625 0.0430556 0.448315
8 0.590234 0.806944 0.0476562 0.158333 0.539784
11 0.591406 0.804167 0.046875 0.158333 0.570659
10 0.396875 0.353472 0.015625 0.0486111 0.584009
4 0.451172 0.15625 0.0148437 0.0486111 0.620368
4 0.450391 0.0569444 0.0164062 0.0416667 0.623981
11 0.651563 0.727083 0.03125 0.0930556 0.629663
4 0.560547 0.10625 0.0148437 0.0486111 0.701416
4 0.450391 0.107639 0.0148437 0.0513889 0.73264
4 0.587109 0.108333 0.0148437 0.0527778 0.759455
4 0.395703 0.157639 0.0148437 0.0541667 0.818559
4 0.533203 0.107639 0.0148437 0.0486111 0.820402
