10 0.21875 0.359722 0.0234375 0.0833333 0.250294
10 0.424219 0.357639 0.0140625 0.0402778 0.285058
11 0.531641 0.772222 0.0335938 0.111111 0.288095
1 0.473828 0.0201389 0.0210938 0.0263889 0.298217
10 0.412109 0.0201389 0.0164062 0.0375 0.310093
4 0.560156 0.0576389 0.01875 0.0430556 0.315675
10 0.009375 0.256944 0.0171875 0.15 0.323037
11 0.454297 0.743056 0.0367187 0.141667 0.324435
10 0.419531 0.01875 0.0171875 0.0375 0.336474
11 0.253516 0.886111 0.0632813 0.172222 0.3437
8 0.593359 0.810417 0.0445312 0.159722 0.35481
4 0.397266 0.0631944 0.0164062 0.104167 0.384166
9 0.405078 0.695139 0.0414063 0.151389 0.390047
4 0.534766 0.204167 0.0164062 0.0444444 0.455356
4 0.844141 0.884028 0.0242187 0.0402778 0.540998
10 0.397656 0.354861 0.015625 0.0486111 0.636768
11 0.592188 0.809028 0.0453125 0.151389 0.640527
4 0.560938 0.107639 0.015625 0.0486111 0.682148
4 0.451953 0.158333 0.0164062 0.0472222 0.719321
4 0.5875 0.109722 0.015625 0.05 0.757573
4 0.450391 0.107639 0.0148437 0.0458333 0.773722
4 0.423438 0.106944 0.015625 0.05 0.788628
11 0.492578 0.757639 0.0335938 0.131944 0.809149
4 0.396484 0.111111 0.0148437 0.05 0.81631
4 0.533594 0.109722 0.0140625 0.0527778 0.832575
3 0.964844 0.498611 0.065625 0.191667 0.901543
