4 0.945312 0.931944 0.025 0.0444444 0.257494
4 0.755859 0.0368056 0.0195312 0.0652778 0.271068
4 0.417188 0.0180556 0.015625 0.0333333 0.298
11 0.589844 0.803472 0.04375 0.154167 0.32571
10 0.396875 0.354861 0.015625 0.0569444 0.339856
10 0.423438 0.356944 0.0125 0.0444444 0.357465
1 0.960547 0.104861 0.0570313 0.184722 0.383766
4 0.844141 0.884028 0.0257812 0.0375 0.386483
4 0.746484 0.919444 0.0210938 0.0527778 0.399911
4 0.45 0.0597222 0.0140625 0.0527778 0.414579
4 0.397266 0.0409722 0.0195312 0.0736111 0.423922
1 0.707812 0.114583 0.05 0.190278 0.430878
1 0.476172 0.0486111 0.0179687 0.0527778 0.449253
1 0.50625 0.254167 0.01875 0.0444444 0.470556
1 0.655859 0.263889 0.0585938 0.172222 0.479016
7 0.644922 0.725694 0.0414063 0.134722 0.485029
1 0.832031 0.606944 0.05625 0.166667 0.563593
8 0.587891 0.807639 0.0429688 0.148611 0.598315
4 0.507031 0.0597222 0.0171875 0.0472222 0.620771
11 0.641797 0.728472 0.0445312 0.140278 0.730577
4 0.451172 0.157639 0.0164062 0.0486111 0.768247
4 0.560938 0.108333 0.015625 0.0472222 0.797513
4 0.45 0.108333 0.015625 0.0472222 0.812363
4 0.396094 0.110417 0.015625 0.0458333 0.812684
4 0.423438 0.108333 0.015625 0.05 0.845426
4 0.5875 0.110417 0.015625 0.0486111 0.845935
4 0.533594 0.109722 0.015625 0.0472222 0.883586
