4 0.473437 0.0180556 0.0171875 0.025 0.264682
4 0.678906 0.0236111 0.0171875 0.0388889 0.293382
4 0.945312 0.932639 0.0234375 0.0430556 0.312786
1 0.506641 0.252778 0.0179687 0.0444444 0.340009
10 0.534766 0.152778 0.0132813 0.0472222 0.352702
4 0.414453 0.01875 0.0164062 0.0375 0.357146
10 0.423828 0.357639 0.0132813 0.0458333 0.396744
4 0.397266 0.0611111 0.0164062 0.105556 0.421789
11 0.585547 0.807639 0.0429688 0.148611 0.423596
4 0.450391 0.0597222 0.0148437 0.0527778 0.472533
7 0.645703 0.721528 0.0320312 0.118056 0.479757
9 0.695312 0.632639 0.0328125 0.109722 0.520233
10 0.397266 0.354167 0.0148437 0.0555556 0.576843
4 0.451172 0.157639 0.0164062 0.0486111 0.650326
4 0.560547 0.106944 0.0164062 0.0472222 0.70492
4 0.450781 0.107639 0.015625 0.0486111 0.714101
4 0.844531 0.884028 0.025 0.0402778 0.716199
11 0.644531 0.721528 0.034375 0.118056 0.730562
4 0.5875 0.109028 0.015625 0.0486111 0.826054
4 0.396094 0.109722 0.015625 0.0472222 0.846369
4 0.423438 0.108333 0.015625 0.05 0.848413
4 0.533594 0.108333 0.015625 0.0472222 0.880444
