4 0.423047 0.213194 0.0148437 0.0680556 0.266114
5 0.692578 0.0888889 0.0429688 0.158333 0.271642
3 0.505469 0.0597222 0.01875 0.0472222 0.290314
1 0.691406 0.0854167 0.0421875 0.154167 0.334114
4 0.846484 0.893056 0.0304688 0.0583333 0.33793
4 0.663281 0.0263889 0.028125 0.0416667 0.354605
10 0.397266 0.354167 0.0148437 0.05 0.355193
3 0.692578 0.0895833 0.0429688 0.151389 0.362459
10 0.605469 0.709722 0.034375 0.141667 0.45998
4 0.450781 0.15625 0.0140625 0.0486111 0.468457
11 0.491406 0.760417 0.034375 0.126389 0.527788
8 0.591016 0.809028 0.0445312 0.154167 0.592219
10 0.469141 0.646528 0.0273438 0.0819444 0.679475
4 0.45 0.109722 0.0140625 0.05 0.718717
4 0.560547 0.107639 0.0164062 0.0486111 0.723992
4 0.587109 0.109722 0.0164062 0.05 0.806136
4 0.395703 0.159028 0.0148437 0.0513889 0.815534
4 0.533594 0.109722 0.015625 0.0472222 0.876656
