1 0.533984 0.204167 0.0179687 0.0527778 0.270714
8 0.592578 0.809722 0.0414063 0.158333 0.276555
1 0.472656 0.0208333 0.0203125 0.0277778 0.283404
9 0.404687 0.694444 0.0421875 0.147222 0.300963
10 0.521484 0.713889 0.0289063 0.0916667 0.318543
6 0.762891 0.0597222 0.0304688 0.105556 0.323757
11 0.232031 0.870833 0.0578125 0.175 0.325646
3 0.508594 0.352083 0.0203125 0.0486111 0.328188
4 0.397266 0.0631944 0.0164062 0.109722 0.34037
1 0.477344 0.201389 0.0171875 0.0472222 0.35086
11 0.251953 0.888194 0.0695312 0.173611 0.359561
4 0.560156 0.0583333 0.01875 0.0472222 0.361252
4 0.423828 0.20625 0.0132813 0.0458333 0.412819
6 0.722266 0.0256944 0.0304688 0.0430556 0.445564
3 0.762109 0.0590278 0.0304688 0.104167 0.447525
4 0.844141 0.883333 0.0242187 0.0388889 0.567656
11 0.591016 0.807639 0.0429688 0.151389 0.596096
10 0.397266 0.354167 0.0164062 0.05 0.59807
4 0.450781 0.161111 0.0140625 0.0472222 0.63933
1 0.785156 0.567361 0.0578125 0.126389 0.658626
3 0.976562 0.2875 0.046875 0.163889 0.681017
4 0.560938 0.106944 0.015625 0.05 0.683982
4 0.45 0.109028 0.0140625 0.0513889 0.718996
11 0.491016 0.756944 0.0351562 0.127778 0.758361
4 0.396094 0.109722 0.015625 0.05 0.800593
4 0.5875 0.109028 0.015625 0.0486111 0.818201
4 0.533984 0.109028 0.0148437 0.0486111 0.824253
