3 0.786719 0.570833 0.0578125 0.133333 0.261692
1 0.533594 0.204861 0.0171875 0.0541667 0.292684
4 0.560156 0.0583333 0.01875 0.0472222 0.308126
4 0.419141 0.01875 0.0164062 0.0319444 0.313516
3 0.760938 0.0590278 0.03125 0.106944 0.359169
6 0.761328 0.0604167 0.0304688 0.106944 0.385508
1 0.472266 0.0208333 0.0195312 0.0277778 0.395318
6 0.722266 0.025 0.0304688 0.0444444 0.414129
10 0.00859375 0.245139 0.015625 0.151389 0.435737
10 0.520703 0.7125 0.0273438 0.0888889 0.456188
3 0.970703 0.288889 0.0539063 0.163889 0.466985
4 0.396094 0.0381944 0.01875 0.0652778 0.482672
11 0.590234 0.807639 0.0429688 0.151389 0.488248
1 0.477344 0.202083 0.0171875 0.0458333 0.51591
4 0.423438 0.206944 0.015625 0.0472222 0.522681
1 0.785547 0.567361 0.0585938 0.126389 0.613208
11 0.489844 0.754861 0.034375 0.123611 0.633825
4 0.450391 0.159722 0.0148437 0.0472222 0.635392
4 0.844141 0.882639 0.0242187 0.0375 0.649277
10 0.396875 0.354167 0.015625 0.0472222 0.65634
4 0.450391 0.109722 0.0148437 0.05 0.744921
4 0.560938 0.106944 0.015625 0.05 0.750794
4 0.395703 0.110417 0.0148437 0.0486111 0.792177
4 0.587891 0.109722 0.0164062 0.05 0.823608
4 0.533594 0.108333 0.0140625 0.05 0.844443
