1 0.960938 0.111111 0.05625 0.177778 0.261138
4 0.559766 0.0576389 0.0195312 0.0458333 0.278401
4 0.945312 0.931944 0.0234375 0.0444444 0.290763
10 0.417188 0.0173611 0.015625 0.0347222 0.308392
11 0.588281 0.80625 0.0484375 0.143056 0.312782
10 0.00859375 0.247222 0.015625 0.152778 0.319564
10 0.528516 0.776389 0.0320312 0.0972222 0.336378
4 0.397266 0.0652778 0.0164062 0.108333 0.366571
1 0.476562 0.0465278 0.01875 0.0513889 0.37066
10 0.419922 0.695139 0.0304688 0.109722 0.37237
10 0.424219 0.355556 0.0140625 0.0472222 0.472322
4 0.844922 0.884722 0.0257812 0.0388889 0.535538
1 0.654297 0.257639 0.0570313 0.181944 0.561957
11 0.639453 0.728472 0.0445312 0.143056 0.604424
1 0.533984 0.129167 0.0179687 0.0805556 0.6387
10 0.478516 0.378472 0.0179687 0.0708333 0.654551
4 0.506641 0.0576389 0.0179687 0.0486111 0.657871
4 0.533203 0.111806 0.0148437 0.0541667 0.690056
1 0.709766 0.113194 0.0523437 0.193056 0.708803
4 0.560547 0.107639 0.0148437 0.0486111 0.71908
4 0.451172 0.157639 0.0164062 0.0486111 0.732391
4 0.45 0.108333 0.015625 0.0472222 0.770501
8 0.589453 0.807639 0.0429688 0.148611 0.796756
4 0.5875 0.109722 0.015625 0.05 0.80764
4 0.396484 0.111111 0.0148437 0.05 0.811906
4 0.423438 0.108333 0.015625 0.0472222 0.846039
