11 0.3375 0.274306 0.05625 0.181944 0.258362
6 0.717188 0.0326389 0.0484375 0.0597222 0.262704
7 0.492188 0.759028 0.0328125 0.118056 0.27519
11 0.453906 0.743056 0.0375 0.144444 0.30266
10 0.424219 0.356944 0.0140625 0.0416667 0.312472
10 0.533984 0.359028 0.0148437 0.0430556 0.326874
8 0.59375 0.809722 0.0421875 0.158333 0.342951
10 0.396875 0.353472 0.015625 0.0513889 0.349699
4 0.533594 0.203472 0.015625 0.0486111 0.380205
3 0.658203 0.272917 0.0570313 0.156944 0.382896
3 0.507812 0.355556 0.0203125 0.0472222 0.397827
4 0.560547 0.0569444 0.0179687 0.0416667 0.439728
4 0.845312 0.884722 0.025 0.0388889 0.449443
9 0.404297 0.693056 0.0414063 0.155556 0.456393
4 0.396094 0.05 0.0171875 0.0638889 0.463344
1 0.655469 0.263889 0.0546875 0.169444 0.47034
1 0.533594 0.126389 0.0171875 0.0722222 0.489164
3 0.980078 0.270833 0.0382813 0.152778 0.530265
1 0.966406 0.110417 0.05625 0.176389 0.592363
11 0.491406 0.754167 0.034375 0.122222 0.614192
4 0.451562 0.156944 0.015625 0.0472222 0.624331
11 0.591797 0.807639 0.0429688 0.151389 0.674977
4 0.45 0.108333 0.0140625 0.0472222 0.701727
4 0.560547 0.107639 0.0148437 0.0486111 0.717944
4 0.533594 0.109722 0.0140625 0.0527778 0.755293
4 0.395703 0.110417 0.0148437 0.0458333 0.790042
4 0.423047 0.107639 0.0148437 0.0486111 0.808593
4 0.587891 0.109028 0.0148437 0.0486111 0.819463
