1 0.507031 0.0548611 0.01875 0.0569444 0.251337
4 0.944922 0.932639 0.0273438 0.0430556 0.252365
3 0.50625 0.0548611 0.01875 0.0541667 0.256057
1 0.657422 0.244444 0.0601562 0.180556 0.273206
3 0.760547 0.0881944 0.0382813 0.145833 0.298454
4 0.416797 0.01875 0.0179687 0.0319444 0.300326
11 0.615234 0.763889 0.0398437 0.138889 0.30386
4 0.678906 0.0236111 0.0171875 0.0388889 0.306057
1 0.505859 0.254167 0.0179687 0.0444444 0.323307
10 0.478125 0.297917 0.015625 0.0402778 0.33225
4 0.845312 0.885417 0.028125 0.0402778 0.361675
4 0.397266 0.0402778 0.0195312 0.0722222 0.369399
10 0.423828 0.357639 0.0132813 0.0458333 0.376224
4 0.450391 0.0597222 0.0148437 0.0527778 0.423077
10 0.696094 0.636111 0.0359375 0.113889 0.461384
10 0.534375 0.15625 0.0140625 0.0486111 0.476067
10 0.397266 0.354167 0.0148437 0.0555556 0.481697
1 0.941406 0.0909722 0.0578125 0.156944 0.544432
8 0.586328 0.810417 0.0429688 0.151389 0.544543
4 0.451172 0.157639 0.0164062 0.0486111 0.594667
11 0.644141 0.722917 0.0367187 0.118056 0.596139
4 0.560938 0.106944 0.015625 0.0472222 0.636837
4 0.450781 0.107639 0.015625 0.0486111 0.701889
4 0.5875 0.108333 0.015625 0.05 0.815249
4 0.423438 0.108333 0.015625 0.05 0.83616
4 0.396484 0.110417 0.0148437 0.0486111 0.842891
4 0.533594 0.107639 0.015625 0.0458333 0.872972
