4 0.559766 0.0583333 0.0195312 0.0444444 0.267667
4 0.423047 0.213194 0.0148437 0.0680556 0.268425
3 0.505469 0.0597222 0.01875 0.0472222 0.272656
4 0.846484 0.892361 0.0304688 0.0569444 0.361827
10 0.397266 0.353472 0.0148437 0.0486111 0.365283
10 0.605469 0.710417 0.034375 0.140278 0.434872
4 0.450781 0.15625 0.0140625 0.0486111 0.47247
11 0.491406 0.760417 0.034375 0.126389 0.490991
8 0.591016 0.809028 0.0445312 0.154167 0.571739
11 0.7125 0.0340278 0.0515625 0.0652778 0.589824
3 0.657812 0.267361 0.0546875 0.179167 0.606834
10 0.469531 0.645833 0.028125 0.0805556 0.664931
4 0.560938 0.107639 0.015625 0.0486111 0.712482
4 0.45 0.109722 0.0140625 0.05 0.716938
4 0.395703 0.159028 0.0148437 0.0513889 0.815867
4 0.5875 0.109028 0.015625 0.0486111 0.82279
4 0.533594 0.109722 0.015625 0.0472222 0.880187
