1 0.671484 0.517361 0.0382813 0.1375 0.25063
3 0.760156 0.0541667 0.0234375 0.105556 0.274148
10 0.449609 0.347917 0.0179687 0.0513889 0.275568
4 0.944922 0.932639 0.0257812 0.0430556 0.287253
10 0.21875 0.358333 0.0203125 0.0833333 0.28852
3 0.210547 0.0930556 0.0289063 0.127778 0.292169
4 0.844922 0.884722 0.0273438 0.0388889 0.311469
11 0.591797 0.804861 0.0476562 0.156944 0.359922
11 0.247656 0.885417 0.0671875 0.179167 0.385692
10 0.469141 0.645833 0.0273438 0.0805556 0.393097
3 0.977734 0.29375 0.0429688 0.145833 0.406553
4 0.423438 0.204861 0.0125 0.0430556 0.443232
10 0.436328 0.704167 0.0398437 0.133333 0.482694
1 0.65 0.24375 0.0546875 0.193056 0.486965
10 0.396875 0.352778 0.015625 0.05 0.494972
4 0.505078 0.0597222 0.0179687 0.0472222 0.581165
8 0.590625 0.807639 0.046875 0.156944 0.671242
4 0.560156 0.107639 0.015625 0.0486111 0.735254
4 0.45 0.107639 0.0140625 0.0486111 0.741315
4 0.451172 0.157639 0.0148437 0.0486111 0.751779
4 0.5875 0.107639 0.015625 0.0486111 0.765785
4 0.395703 0.158333 0.0148437 0.0527778 0.822209
4 0.533203 0.109028 0.0164062 0.0486111 0.872152
