1 0.450781 0.156944 0.01875 0.0444444 0.273847
4 0.745703 0.919444 0.0210938 0.05 0.277817
3 0.98125 0.284028 0.0375 0.184722 0.280185
4 0.505859 0.206944 0.0132813 0.0416667 0.287458
6 0.896094 0.895139 0.0359375 0.0569444 0.28747
7 0.610937 0.794444 0.0375 0.119444 0.288044
4 0.945312 0.93125 0.0234375 0.0458333 0.32113
4 0.397656 0.06875 0.015625 0.106944 0.337021
6 0.623828 0.0222222 0.0195312 0.0388889 0.369342
1 0.839063 0.603472 0.05625 0.173611 0.39919
4 0.50625 0.0465278 0.0171875 0.0597222 0.410022
10 0.397266 0.354167 0.0148437 0.0583333 0.414603
4 0.533203 0.114583 0.0164062 0.0513889 0.45135
4 0.589844 0.0479167 0.0171875 0.0569444 0.528643
10 0.477734 0.375694 0.0195312 0.0791667 0.537221
3 0.450391 0.155556 0.0195312 0.0472222 0.625762
1 0.533594 0.134722 0.01875 0.0777778 0.62604
4 0.45 0.113194 0.015625 0.0513889 0.639828
1 0.960156 0.1 0.05625 0.172222 0.737118
4 0.587891 0.109028 0.0164062 0.0486111 0.805331
4 0.423438 0.109028 0.015625 0.0486111 0.819677
4 0.561328 0.110417 0.0148437 0.0458333 0.829149
4 0.396094 0.109722 0.015625 0.0472222 0.831889
4 0.477734 0.109722 0.0164062 0.05 0.870869
