10 0.617969 0.714583 0.034375 0.0958333 0.256017
1 0.757031 0.0909722 0.0234375 0.106944 0.275944
4 0.745313 0.920139 0.0203125 0.0486111 0.279962
1 0.475 0.0201389 0.01875 0.0291667 0.330535
4 0.411328 0.01875 0.0164062 0.0375 0.332518
4 0.560156 0.0569444 0.01875 0.0444444 0.334489
4 0.683203 0.0284722 0.0195312 0.0458333 0.342309
4 0.450391 0.0604167 0.0148437 0.0541667 0.358506
4 0.417188 0.01875 0.0171875 0.0347222 0.376866
10 0.397266 0.355556 0.0148437 0.05 0.460874
4 0.396875 0.04375 0.0171875 0.0652778 0.581285
8 0.588672 0.809028 0.0445312 0.148611 0.617698
4 0.451953 0.157639 0.0164062 0.0486111 0.620055
4 0.450391 0.107639 0.0148437 0.0486111 0.626897
4 0.533203 0.110417 0.0148437 0.0541667 0.671778
1 0.533984 0.13125 0.0179687 0.0847222 0.680665
4 0.560938 0.107639 0.015625 0.0513889 0.69763
10 0.529688 0.777778 0.0296875 0.0888889 0.724121
4 0.423438 0.107639 0.015625 0.0513889 0.775728
4 0.396094 0.110417 0.015625 0.0458333 0.789956
4 0.587891 0.109028 0.0164062 0.0513889 0.812669
