2 0.660156 0.251389 0.0640625 0.183333 0.252654
6 0.0386719 0.917361 0.0429688 0.101389 0.262176
3 0.978125 0.284028 0.04375 0.165278 0.264409
10 0.412891 0.688889 0.0445312 0.138889 0.271596
3 0.219141 0.0722222 0.0460938 0.122222 0.272251
10 0.521875 0.713889 0.0296875 0.0944444 0.275176
10 0.411719 0.01875 0.015625 0.0375 0.280197
6 0.7625 0.0451389 0.0328125 0.0847222 0.33298
3 0.760547 0.0465278 0.0289063 0.0847222 0.360237
3 0.785547 0.543056 0.0523437 0.155556 0.362607
4 0.844531 0.885417 0.025 0.0402778 0.368906
4 0.396484 0.0625 0.0164062 0.108333 0.380511
10 0.00898437 0.245139 0.0164062 0.1625 0.407304
1 0.342187 0.0430556 0.0359375 0.0722222 0.4226
1 0.477344 0.201389 0.0171875 0.0472222 0.457036
6 0.724609 0.0256944 0.0304688 0.0458333 0.465098
4 0.423828 0.20625 0.0148437 0.0458333 0.478411
11 0.491016 0.75625 0.0351562 0.126389 0.578839
11 0.341406 0.599306 0.059375 0.181944 0.585115
1 0.970703 0.113889 0.0523437 0.188889 0.602801
11 0.590625 0.807639 0.0421875 0.151389 0.648481
4 0.560547 0.110417 0.0148437 0.0486111 0.662583
1 0.783203 0.543056 0.0570313 0.15 0.673121
10 0.397266 0.355556 0.0164062 0.0472222 0.694696
4 0.450781 0.161111 0.015625 0.0472222 0.707561
4 0.45 0.109028 0.0140625 0.0486111 0.787668
4 0.396094 0.109722 0.015625 0.05 0.812572
4 0.5875 0.109028 0.015625 0.0486111 0.82839
4 0.533984 0.109028 0.0148437 0.0486111 0.855049
