3 0.707422 0.108333 0.0539063 0.172222 0.281934
4 0.75625 0.0354167 0.021875 0.0625 0.298496
4 0.942578 0.930556 0.0242187 0.0472222 0.305709
4 0.45 0.0840278 0.015625 0.0791667 0.309288
7 0.644531 0.727778 0.040625 0.133333 0.32527
11 0.590234 0.804167 0.0445312 0.152778 0.327735
10 0.420703 0.01875 0.0148437 0.0375 0.343107
4 0.45 0.0611111 0.0140625 0.0527778 0.34567
10 0.423438 0.356944 0.0125 0.0444444 0.373046
1 0.651563 0.245139 0.0578125 0.206944 0.400123
10 0.396875 0.354861 0.015625 0.0541667 0.437289
4 0.419141 0.0194444 0.0164062 0.0361111 0.483635
1 0.505859 0.254167 0.0179687 0.0444444 0.491984
1 0.476562 0.0472222 0.01875 0.0527778 0.499164
4 0.397656 0.05625 0.0171875 0.0986111 0.503005
4 0.507031 0.0590278 0.0171875 0.0486111 0.54544
11 0.641016 0.730556 0.0445312 0.138889 0.570308
1 0.706641 0.111111 0.0507812 0.186111 0.582295
8 0.589453 0.807639 0.0429688 0.148611 0.657959
7 0.289844 0.357639 0.05625 0.181944 0.727619
4 0.451172 0.157639 0.0164062 0.0486111 0.764383
4 0.844141 0.884722 0.0226563 0.0388889 0.775717
4 0.560938 0.107639 0.015625 0.0486111 0.780369
4 0.395703 0.110417 0.0148437 0.0458333 0.808032
4 0.45 0.108333 0.015625 0.0472222 0.809996
4 0.5875 0.109722 0.015625 0.05 0.825472
4 0.423438 0.108333 0.015625 0.05 0.849029
4 0.533594 0.110417 0.015625 0.0486111 0.880685
