11 0.623047 0.0194444 0.0304688 0.0361111 0.294539
4 0.942578 0.930556 0.0273438 0.0472222 0.33089
10 0.450391 0.348611 0.0179687 0.0527778 0.330997
10 0.469531 0.647917 0.0265625 0.0791667 0.341664
3 0.747656 0.215278 0.0578125 0.205556 0.342516
4 0.423438 0.205556 0.0125 0.0444444 0.358108
10 0.219141 0.359028 0.0210938 0.0847222 0.36786
10 0.604688 0.699306 0.03125 0.126389 0.440087
3 0.759375 0.0618056 0.0203125 0.0902778 0.447932
10 0.457812 0.749306 0.0375 0.118056 0.450561
4 0.844922 0.886806 0.0273438 0.0430556 0.47559
6 0.0503906 0.929167 0.0460938 0.0944444 0.519592
11 0.651563 0.727083 0.03125 0.0930556 0.533608
10 0.396875 0.353472 0.015625 0.0486111 0.543013
4 0.451172 0.15625 0.0148437 0.0486111 0.550999
11 0.590625 0.808333 0.0484375 0.161111 0.656853
4 0.450391 0.0576389 0.0164062 0.0430556 0.679988
4 0.560547 0.10625 0.0148437 0.0486111 0.699682
10 0.437109 0.665278 0.0320312 0.116667 0.702676
4 0.450781 0.107639 0.0140625 0.0513889 0.743174
4 0.587109 0.109028 0.0148437 0.0513889 0.788675
4 0.395703 0.158333 0.0148437 0.0527778 0.808657
4 0.533594 0.108333 0.0140625 0.0472222 0.827952
