10 0.560938 0.355556 0.015625 0.0527778 0.26561
4 0.560156 0.0583333 0.0203125 0.05 0.27285
1 0.534375 0.203472 0.01875 0.0569444 0.274644
10 0.621094 0.755556 0.034375 0.136111 0.318118
4 0.0105469 0.0486111 0.0195312 0.0944444 0.424247
4 0.844922 0.886806 0.0273438 0.0430556 0.442326
1 0.358203 0.03125 0.0539063 0.0597222 0.513205
8 0.592969 0.809722 0.0421875 0.158333 0.515455
11 0.492188 0.755556 0.034375 0.127778 0.532657
11 0.591406 0.808333 0.04375 0.15 0.536887
10 0.469531 0.64375 0.028125 0.0819444 0.561656
10 0.396875 0.353472 0.015625 0.0513889 0.614759
4 0.451172 0.156944 0.0148437 0.05 0.61894
3 0.50625 0.0569444 0.01875 0.0472222 0.669102
4 0.45 0.109028 0.0140625 0.0513889 0.675502
4 0.561328 0.107639 0.0164062 0.0513889 0.74097
4 0.396484 0.109722 0.0148437 0.0527778 0.811882
4 0.587891 0.109722 0.0164062 0.05 0.818653
4 0.533594 0.109028 0.015625 0.0486111 0.873909
