10 0.218359 0.358333 0.0210938 0.0805556 0.260495
1 0.534766 0.204861 0.0179687 0.0513889 0.29005
4 0.423438 0.20625 0.0125 0.0430556 0.319573
4 0.560547 0.0590278 0.0195312 0.0458333 0.38385
4 0.845312 0.886111 0.0265625 0.0416667 0.41453
4 0.505859 0.0604167 0.0179687 0.0486111 0.443955
10 0.604688 0.709722 0.034375 0.141667 0.476978
3 0.773438 0.0680556 0.034375 0.119444 0.502479
10 0.396875 0.353472 0.015625 0.0513889 0.520977
4 0.451172 0.156944 0.0148437 0.05 0.532761
11 0.491016 0.758333 0.0335938 0.125 0.534338
10 0.469141 0.644444 0.0273438 0.0805556 0.62168
3 0.653906 0.263194 0.0578125 0.159722 0.689086
8 0.591016 0.807639 0.0445312 0.154167 0.697814
4 0.45 0.109722 0.0140625 0.05 0.721938
4 0.560938 0.108333 0.015625 0.0472222 0.751457
4 0.395703 0.159028 0.0148437 0.0541667 0.800572
4 0.5875 0.110417 0.015625 0.0486111 0.830198
4 0.533594 0.109722 0.015625 0.0472222 0.88383
