9 0.4125 0.680556 0.040625 0.125 0.250951
3 0.760156 0.0645833 0.0203125 0.0930556 0.264564
4 0.451172 0.155556 0.0148437 0.05 0.311259
4 0.845703 0.8875 0.0273438 0.0444444 0.327041
11 0.59375 0.804167 0.0484375 0.152778 0.34778
3 0.505859 0.0597222 0.0179687 0.0472222 0.391499
10 0.604297 0.709028 0.0351562 0.140278 0.400304
11 0.232031 0.88125 0.0578125 0.173611 0.444523
11 0.491406 0.759722 0.034375 0.127778 0.514284
8 0.590625 0.808333 0.046875 0.155556 0.544711
10 0.46875 0.645139 0.028125 0.0819444 0.552115
4 0.560938 0.110417 0.015625 0.0486111 0.676051
4 0.450391 0.110417 0.0148437 0.0513889 0.679821
4 0.395703 0.158333 0.0148437 0.0527778 0.777391
4 0.587891 0.109722 0.0164062 0.05 0.842376
4 0.533984 0.109722 0.0148437 0.0472222 0.880698
