1 0.50625 0.05625 0.0171875 0.0569444 0.254923
11 0.415625 0.716667 0.0453125 0.15 0.274867
10 0.423438 0.356944 0.0125 0.0472222 0.282651
4 0.45 0.0840278 0.015625 0.0763889 0.283676
4 0.449609 0.0604167 0.0148437 0.0541667 0.288303
4 0.559766 0.0576389 0.0179687 0.0458333 0.292559
10 0.397266 0.355556 0.0148437 0.0555556 0.302192
3 0.763672 0.0506944 0.0273438 0.0930556 0.337385
4 0.416797 0.01875 0.0164062 0.0347222 0.34322
3 0.505859 0.253472 0.0179687 0.0458333 0.343858
3 0.714063 0.109722 0.0484375 0.175 0.347201
1 0.476953 0.0451389 0.0179687 0.0569444 0.454203
4 0.506641 0.0576389 0.0164062 0.0486111 0.464006
3 0.65625 0.253472 0.0625 0.179167 0.514609
4 0.397656 0.0541667 0.0171875 0.0972222 0.5245
4 0.451172 0.156944 0.0164062 0.0472222 0.581951
3 0.883594 0.26875 0.0546875 0.193056 0.605507
11 0.642578 0.733333 0.0429688 0.141667 0.612688
4 0.560547 0.108333 0.0148437 0.0472222 0.749968
4 0.45 0.107639 0.015625 0.0486111 0.7717
4 0.396094 0.110417 0.015625 0.0458333 0.798815
8 0.588281 0.807639 0.0421875 0.148611 0.821354
4 0.5875 0.109028 0.015625 0.0486111 0.830291
4 0.423438 0.107639 0.015625 0.0486111 0.833223
4 0.533594 0.109028 0.015625 0.0486111 0.873936
