4 0.560156 0.0583333 0.01875 0.0444444 0.268549
10 0.411719 0.0201389 0.0171875 0.0375 0.284973
10 0.424219 0.357639 0.0140625 0.0402778 0.289125
10 0.396875 0.0444444 0.0171875 0.0555556 0.293816
11 0.254297 0.886806 0.0632813 0.170833 0.315285
10 0.419531 0.01875 0.0171875 0.0375 0.361261
10 0.009375 0.256944 0.0171875 0.147222 0.36722
9 0.405078 0.696528 0.0429688 0.151389 0.376241
4 0.397266 0.0631944 0.0164062 0.104167 0.389495
4 0.534375 0.204167 0.015625 0.0444444 0.433431
10 0.397656 0.354861 0.015625 0.0486111 0.624815
11 0.591797 0.809722 0.0460938 0.152778 0.645683
4 0.560938 0.107639 0.015625 0.0486111 0.673669
4 0.844531 0.885417 0.025 0.0375 0.706749
4 0.451953 0.158333 0.0164062 0.0472222 0.718717
4 0.5875 0.109722 0.015625 0.05 0.746573
4 0.450391 0.107639 0.0148437 0.0458333 0.76763
4 0.423438 0.106944 0.015625 0.05 0.784307
11 0.492578 0.756944 0.0351562 0.133333 0.799882
4 0.396484 0.111111 0.0148437 0.05 0.81251
4 0.533203 0.109722 0.0148437 0.0527778 0.830295
3 0.964453 0.497917 0.0664062 0.193056 0.899643
