10 0.554297 0.6875 0.0226563 0.0777778 0.258738
3 0.661719 0.25625 0.0609375 0.168056 0.26319
6 0.760156 0.0583333 0.028125 0.102778 0.26564
3 0.507812 0.351389 0.0203125 0.0472222 0.27126
4 0.418359 0.01875 0.0179687 0.0319444 0.28569
1 0.472656 0.0208333 0.0203125 0.0277778 0.299407
10 0.419922 0.0180556 0.0164062 0.0361111 0.323456
3 0.758203 0.0611111 0.0242187 0.105556 0.336189
10 0.520703 0.711806 0.0273438 0.0902778 0.358332
1 0.477734 0.201389 0.0164062 0.0472222 0.358444
1 0.782031 0.565972 0.0609375 0.129167 0.374112
4 0.844531 0.884722 0.025 0.0388889 0.434849
4 0.423438 0.206944 0.0140625 0.0472222 0.452877
4 0.396484 0.0548611 0.0164062 0.0930556 0.479925
6 0.723828 0.0243056 0.0304688 0.0430556 0.612346
8 0.588672 0.807639 0.0398437 0.148611 0.637027
4 0.450781 0.160417 0.015625 0.0486111 0.714203
11 0.489844 0.754167 0.034375 0.127778 0.717064
4 0.560547 0.106944 0.0164062 0.05 0.723888
4 0.450391 0.109722 0.0148437 0.05 0.74382
4 0.396094 0.110417 0.0140625 0.0486111 0.768053
4 0.587891 0.109722 0.0164062 0.05 0.826339
4 0.533984 0.109028 0.0148437 0.0486111 0.860208
