10 0.555078 0.686806 0.0242187 0.0763889 0.26856
1 0.533984 0.204861 0.0164062 0.0541667 0.288977
4 0.560156 0.0583333 0.01875 0.0472222 0.311044
4 0.419141 0.01875 0.0164062 0.0319444 0.353778
6 0.760938 0.0597222 0.0296875 0.105556 0.35756
3 0.760547 0.0583333 0.0304688 0.105556 0.37801
1 0.472266 0.0208333 0.0195312 0.0277778 0.378595
3 0.971094 0.289583 0.053125 0.1625 0.440719
6 0.722266 0.0243056 0.0304688 0.0430556 0.44111
10 0.00859375 0.245139 0.015625 0.151389 0.442961
10 0.520703 0.7125 0.0273438 0.0888889 0.470184
11 0.589844 0.807639 0.0421875 0.151389 0.490601
1 0.477344 0.202083 0.0171875 0.0458333 0.497832
4 0.396094 0.0381944 0.01875 0.0652778 0.502434
4 0.423438 0.206944 0.015625 0.0472222 0.516926
1 0.785156 0.567361 0.059375 0.126389 0.613341
4 0.450391 0.159722 0.0148437 0.0472222 0.634669
11 0.489844 0.754861 0.034375 0.123611 0.636159
4 0.844141 0.882639 0.0242187 0.0375 0.647704
10 0.396875 0.354167 0.015625 0.0472222 0.649965
4 0.450391 0.109722 0.0148437 0.05 0.740995
4 0.560938 0.106944 0.015625 0.05 0.750745
4 0.395703 0.110417 0.0148437 0.0486111 0.791102
4 0.587891 0.109722 0.0164062 0.05 0.82284
4 0.533594 0.108333 0.0140625 0.05 0.844582
