3 0.765234 0.05 0.0257812 0.0888889 0.272793
1 0.476953 0.203472 0.0148437 0.0430556 0.278642
6 0.00664063 0.19375 0.0117188 0.0986111 0.287813
3 0.508203 0.354167 0.0195312 0.0472222 0.29534
3 0.658594 0.248611 0.065625 0.186111 0.328258
4 0.559766 0.0569444 0.0195312 0.0444444 0.431636
4 0.397266 0.0388889 0.0179687 0.0666667 0.432626
4 0.844922 0.884722 0.0257812 0.0388889 0.506356
11 0.589453 0.809722 0.0429688 0.147222 0.510257
10 0.396875 0.354167 0.015625 0.05 0.533515
4 0.451172 0.161111 0.0148437 0.0444444 0.689479
11 0.489453 0.752778 0.0351562 0.125 0.691213
4 0.560938 0.106944 0.015625 0.05 0.718943
4 0.450391 0.108333 0.0148437 0.0444444 0.786586
4 0.396875 0.111111 0.0140625 0.0472222 0.78887
4 0.423828 0.107639 0.0148437 0.0486111 0.800044
4 0.5875 0.108333 0.015625 0.05 0.811106
4 0.533594 0.109028 0.0140625 0.0486111 0.857901
