10 0.699219 0.640972 0.03125 0.1125 0.251607
4 0.761328 0.0388889 0.0210938 0.0722222 0.253256
3 0.762891 0.0423611 0.0242187 0.0736111 0.279816
1 0.207422 0.930556 0.0648438 0.122222 0.313148
3 0.505859 0.0597222 0.0179687 0.0472222 0.336931
3 0.975 0.246528 0.040625 0.118056 0.373074
4 0.50625 0.0590278 0.01875 0.0486111 0.378192
4 0.844922 0.886806 0.0273438 0.0430556 0.395032
10 0.620313 0.755556 0.034375 0.136111 0.40851
3 0.978516 0.291667 0.0414063 0.141667 0.418057
10 0.396875 0.354167 0.0140625 0.05 0.44033
4 0.451562 0.156944 0.0140625 0.0472222 0.458774
11 0.590234 0.808333 0.0445312 0.155556 0.468221
8 0.592578 0.811111 0.0414063 0.158333 0.612409
11 0.492188 0.757639 0.034375 0.126389 0.693081
4 0.560547 0.108333 0.0164062 0.05 0.732454
4 0.450391 0.107639 0.0148437 0.0486111 0.739734
10 0.470313 0.645139 0.028125 0.0847222 0.781889
4 0.396094 0.109722 0.015625 0.0527778 0.808529
4 0.587891 0.109722 0.0164062 0.05 0.826662
4 0.533594 0.109722 0.015625 0.0472222 0.880481
