8 0.594922 0.80625 0.0460938 0.151389 0.280627
4 0.689062 0.0222222 0.021875 0.0388889 0.281253
1 0.477344 0.0416667 0.01875 0.0638889 0.299984
4 0.449609 0.0604167 0.0148437 0.0541667 0.345997
4 0.944141 0.931944 0.0242187 0.0444444 0.36619
10 0.477344 0.377778 0.0203125 0.0861111 0.377085
4 0.521875 0.668056 0.0265625 0.111111 0.379888
10 0.423438 0.358333 0.0125 0.0472222 0.39603
10 0.50625 0.250694 0.0140625 0.0513889 0.423034
4 0.396484 0.0451389 0.0164062 0.0569444 0.448823
10 0.396484 0.354861 0.0148437 0.0541667 0.476137
6 0.724219 0.0256944 0.034375 0.0430556 0.53526
4 0.532812 0.0451389 0.015625 0.0625 0.59031
1 0.824609 0.604861 0.0539063 0.151389 0.5971
4 0.533203 0.1125 0.0148437 0.0555556 0.616786
1 0.533203 0.130556 0.0179687 0.0805556 0.641718
4 0.560547 0.05625 0.0179687 0.0402778 0.658404
11 0.646875 0.729861 0.0453125 0.143056 0.665917
10 0.505859 0.202778 0.0164062 0.0388889 0.686296
4 0.450781 0.158333 0.015625 0.0472222 0.754566
4 0.45 0.107639 0.015625 0.0486111 0.771566
4 0.560547 0.109028 0.0148437 0.0486111 0.803375
4 0.5875 0.109028 0.015625 0.0486111 0.835428
4 0.396094 0.111806 0.015625 0.0486111 0.840218
4 0.423438 0.108333 0.015625 0.05 0.840859
