10 0.534375 0.382639 0.0171875 0.0680556 0.251082
3 0.766797 0.185417 0.0570313 0.201389 0.267867
1 0.342578 0.0388889 0.0351562 0.0638889 0.269989
4 0.560547 0.0576389 0.0195312 0.0513889 0.289567
11 0.592578 0.804167 0.0476562 0.15 0.294232
3 0.972656 0.286111 0.05 0.169444 0.326211
4 0.944922 0.931944 0.0257812 0.0444444 0.336635
10 0.402734 0.01875 0.0210938 0.0375 0.342611
10 0.604297 0.704861 0.0335938 0.134722 0.408192
10 0.469922 0.645139 0.0289063 0.0819444 0.415799
10 0.396484 0.353472 0.0148437 0.0513889 0.432705
11 0.491406 0.756944 0.034375 0.127778 0.489871
3 0.50625 0.0597222 0.01875 0.0472222 0.49384
4 0.423047 0.20625 0.0132813 0.0430556 0.495618
4 0.844922 0.885417 0.0257812 0.0402778 0.504922
3 0.771094 0.0722222 0.0390625 0.133333 0.538133
8 0.590625 0.808333 0.0453125 0.152778 0.636468
4 0.451172 0.157639 0.0148437 0.0513889 0.66243
11 0.442578 0.0180556 0.0367187 0.0361111 0.70447
4 0.560938 0.107639 0.0171875 0.0513889 0.753862
4 0.450391 0.110417 0.0148437 0.0541667 0.756373
4 0.395703 0.159028 0.0148437 0.0513889 0.800127
4 0.587891 0.109722 0.0164062 0.05 0.811406
4 0.533594 0.109722 0.015625 0.05 0.879584
