11 0.593359 0.803472 0.0476562 0.154167 0.273001
4 0.50625 0.0604167 0.01875 0.0458333 0.279725
4 0.423438 0.20625 0.0125 0.0430556 0.321837
3 0.505859 0.0604167 0.0179687 0.0458333 0.332666
4 0.845312 0.886111 0.0265625 0.0416667 0.345507
4 0.560156 0.0590278 0.01875 0.0458333 0.351538
4 0.451172 0.15625 0.0148437 0.0486111 0.386571
10 0.397266 0.353472 0.0148437 0.0513889 0.415484
10 0.603516 0.708333 0.0335938 0.138889 0.440667
11 0.491406 0.759722 0.034375 0.125 0.560578
3 0.652734 0.261111 0.0585938 0.163889 0.614357
8 0.590625 0.807639 0.0453125 0.154167 0.648682
10 0.469531 0.645833 0.028125 0.0805556 0.664873
4 0.450391 0.109722 0.0148437 0.05 0.723799
4 0.560938 0.106944 0.015625 0.05 0.747371
4 0.395703 0.158333 0.0148437 0.0527778 0.816714
4 0.5875 0.110417 0.015625 0.0486111 0.835327
4 0.533594 0.109722 0.015625 0.0472222 0.8829
