3 0.505469 0.254167 0.0171875 0.0472222 0.260209
6 0.716406 0.0270833 0.0265625 0.0402778 0.262446
7 0.644531 0.719444 0.0328125 0.108333 0.265277
4 0.559766 0.0569444 0.0179687 0.0444444 0.271132
6 0.755078 0.0368056 0.0195312 0.0625 0.274284
1 0.767969 0.244444 0.0234375 0.105556 0.283859
10 0.423438 0.358333 0.0125 0.0472222 0.291538
4 0.50625 0.0555556 0.01875 0.0583333 0.314369
9 0.696094 0.632639 0.034375 0.106944 0.359829
4 0.678906 0.0243056 0.0171875 0.0402778 0.362427
4 0.941797 0.929861 0.0273438 0.0513889 0.390449
4 0.416797 0.0194444 0.0164062 0.0333333 0.394657
3 0.534375 0.154167 0.01875 0.0416667 0.41494
4 0.396875 0.0409722 0.01875 0.0708333 0.439201
1 0.765234 0.323611 0.0257812 0.108333 0.450861
4 0.451172 0.157639 0.0164062 0.0486111 0.518522
4 0.844141 0.884722 0.0242187 0.0388889 0.521448
10 0.396875 0.354861 0.015625 0.0569444 0.540133
4 0.450391 0.106944 0.0148437 0.05 0.552002
2 0.659375 0.253472 0.0625 0.176389 0.571473
8 0.586328 0.807639 0.0429688 0.148611 0.605849
11 0.644531 0.722222 0.034375 0.116667 0.632666
4 0.560547 0.106944 0.0148437 0.0472222 0.710456
4 0.423438 0.106944 0.015625 0.05 0.785577
4 0.587109 0.110417 0.0148437 0.0513889 0.788191
4 0.396094 0.109722 0.015625 0.0472222 0.794097
4 0.533203 0.111111 0.0148437 0.0527778 0.813194
