4 0.505469 0.0597222 0.01875 0.0472222 0.252688
4 0.423047 0.213194 0.0148437 0.0680556 0.254323
1 0.199219 0.9375 0.0703125 0.125 0.256943
10 0.397266 0.354167 0.0148437 0.05 0.32636
4 0.846484 0.892361 0.0304688 0.0569444 0.370657
10 0.605078 0.709028 0.0335938 0.140278 0.430431
11 0.491406 0.759722 0.034375 0.125 0.450279
4 0.450781 0.15625 0.0140625 0.0486111 0.465546
8 0.590625 0.809028 0.0453125 0.154167 0.520447
10 0.469141 0.646528 0.0273438 0.0819444 0.64455
4 0.45 0.110417 0.0140625 0.0513889 0.707606
3 0.657812 0.261806 0.0640625 0.1875 0.718874
4 0.560938 0.107639 0.015625 0.0486111 0.720204
4 0.395703 0.158333 0.0148437 0.0527778 0.812749
4 0.5875 0.109722 0.015625 0.05 0.82223
4 0.533594 0.109722 0.015625 0.0472222 0.878633
