4 0.586719 0.0569444 0.01875 0.0527778 0.260776
1 0.45 0.157639 0.01875 0.0458333 0.275534
4 0.746094 0.920833 0.0203125 0.05 0.280842
10 0.417578 0.0173611 0.0179687 0.0347222 0.286369
4 0.504687 0.0541667 0.015625 0.0472222 0.290824
9 0.416406 0.7125 0.04375 0.152778 0.300624
4 0.506641 0.2125 0.0148437 0.0611111 0.310053
10 0.396875 0.35625 0.015625 0.0569444 0.336022
10 0.505859 0.254861 0.0148437 0.0402778 0.338114
4 0.396094 0.0520833 0.01875 0.0680556 0.380186
4 0.945312 0.931944 0.0234375 0.0444444 0.392127
8 0.477734 0.377778 0.0195312 0.0805556 0.417102
4 0.844141 0.884722 0.0242187 0.0388889 0.422321
3 0.45 0.155556 0.01875 0.0472222 0.5041
1 0.532812 0.150694 0.0171875 0.0541667 0.514557
1 0.841016 0.613194 0.0617188 0.181944 0.520264
4 0.45 0.1125 0.015625 0.0527778 0.61438
1 0.960156 0.101389 0.0546875 0.172222 0.624699
4 0.533203 0.113194 0.0148437 0.0513889 0.637027
10 0.477734 0.375694 0.0195312 0.0791667 0.711505
4 0.396094 0.110417 0.015625 0.0458333 0.801202
4 0.587891 0.109028 0.0164062 0.0486111 0.804311
4 0.560938 0.110417 0.015625 0.0458333 0.821463
4 0.423438 0.109028 0.015625 0.0486111 0.829422
10 0.533594 0.382639 0.0203125 0.0736111 0.838065
4 0.477344 0.109028 0.0171875 0.0513889 0.872025
