4 0.845703 0.888194 0.0273438 0.0430556 0.263537
3 0.802734 0.28125 0.0648438 0.204167 0.267634
1 0.972656 0.0854167 0.0515625 0.170833 0.271692
4 0.560156 0.0583333 0.0203125 0.0472222 0.272558
1 0.505078 0.0604167 0.0179687 0.0458333 0.288127
11 0.592969 0.804167 0.046875 0.155556 0.298381
4 0.423438 0.205556 0.0125 0.0444444 0.340639
4 0.451172 0.15625 0.0148437 0.0513889 0.352263
10 0.605078 0.709028 0.0335938 0.1375 0.375896
1 0.534766 0.204861 0.0179687 0.0513889 0.398253
10 0.469531 0.646528 0.028125 0.0847222 0.413163
3 0.973047 0.0875 0.0523437 0.161111 0.440174
10 0.396875 0.354861 0.015625 0.0486111 0.464989
4 0.505859 0.0604167 0.0195312 0.0486111 0.469439
11 0.491406 0.758333 0.034375 0.127778 0.53522
4 0.398047 0.0201389 0.0179687 0.0319444 0.561913
3 0.985937 0.275694 0.028125 0.159722 0.56561
8 0.591406 0.807639 0.0453125 0.154167 0.613629
4 0.450391 0.111111 0.0148437 0.0555556 0.657117
4 0.560938 0.106944 0.0171875 0.05 0.75007
4 0.395703 0.158333 0.0148437 0.0527778 0.801776
4 0.5875 0.109028 0.0171875 0.0486111 0.832696
4 0.533594 0.109722 0.015625 0.0472222 0.870797
