10 0.417578 0.01875 0.0164062 0.0347222 0.265164
6 0.758203 0.0430556 0.0195312 0.0833333 0.266671
7 0.668359 0.690972 0.0320312 0.145833 0.295494
4 0.944922 0.931944 0.0226563 0.0416667 0.298557
1 0.758203 0.0854167 0.0226563 0.106944 0.301959
8 0.590625 0.813194 0.04375 0.156944 0.338585
4 0.45 0.0618056 0.015625 0.0569444 0.369563
4 0.683203 0.0298611 0.0164062 0.0486111 0.391368
4 0.397656 0.0590278 0.0171875 0.104167 0.398359
2 0.846875 0.595139 0.05625 0.134722 0.403854
4 0.451562 0.157639 0.0171875 0.0486111 0.470272
10 0.396875 0.354861 0.015625 0.0513889 0.516228
10 0.530469 0.780556 0.03125 0.0916667 0.534541
11 0.589453 0.810417 0.0445312 0.151389 0.570548
1 0.846094 0.598611 0.0546875 0.152778 0.607493
4 0.45 0.108333 0.015625 0.05 0.628697
4 0.533203 0.111111 0.0148437 0.0583333 0.633891
4 0.560547 0.107639 0.0148437 0.0513889 0.666451
1 0.533594 0.13125 0.01875 0.0875 0.712273
4 0.587891 0.108333 0.0164062 0.05 0.782849
4 0.396094 0.111111 0.015625 0.0472222 0.790272
4 0.423438 0.108333 0.015625 0.05 0.817357
