10 0.528125 0.775 0.03125 0.0944444 0.256795
3 0.780469 0.203472 0.0578125 0.154167 0.265065
4 0.450391 0.0631944 0.0164062 0.0652778 0.26724
4 0.560156 0.0576389 0.0203125 0.0458333 0.282976
4 0.746094 0.921528 0.0203125 0.0486111 0.288839
10 0.009375 0.246528 0.0171875 0.1625 0.314216
11 0.528125 0.772917 0.0328125 0.0986111 0.317205
10 0.417578 0.0173611 0.0164062 0.0347222 0.321525
4 0.945312 0.931944 0.0234375 0.0444444 0.360881
4 0.397656 0.0659722 0.0171875 0.109722 0.394738
1 0.476172 0.0472222 0.0195312 0.0527778 0.432701
10 0.423828 0.357639 0.0132813 0.0458333 0.466447
1 0.653516 0.249306 0.0585938 0.198611 0.473269
11 0.588281 0.804861 0.05 0.143056 0.475954
7 0.292969 0.35625 0.05625 0.184722 0.483842
1 0.963281 0.109028 0.053125 0.173611 0.49854
4 0.844922 0.884722 0.0257812 0.0388889 0.57348
11 0.638281 0.728472 0.0453125 0.140278 0.612393
1 0.533594 0.129861 0.01875 0.0819444 0.641518
1 0.708594 0.113889 0.053125 0.194444 0.649732
4 0.506641 0.0583333 0.0179687 0.05 0.679288
4 0.532812 0.111806 0.015625 0.0541667 0.683913
8 0.589453 0.806944 0.0445312 0.15 0.691579
10 0.478125 0.377778 0.01875 0.0722222 0.728211
4 0.560547 0.108333 0.0148437 0.05 0.737261
4 0.450391 0.157639 0.0164062 0.0486111 0.758797
4 0.45 0.108333 0.015625 0.0472222 0.769287
4 0.587891 0.109722 0.0164062 0.05 0.812371
4 0.396094 0.111806 0.015625 0.0486111 0.817301
4 0.423438 0.109028 0.015625 0.0486111 0.854362
