3 0.508984 0.351389 0.0195312 0.0472222 0.253925
10 0.534375 0.381944 0.0171875 0.0694444 0.254805
3 0.972656 0.2875 0.05 0.169444 0.264088
1 0.342187 0.0381944 0.034375 0.0625 0.28576
4 0.560547 0.0583333 0.0195312 0.05 0.304784
11 0.592578 0.804167 0.0476562 0.15 0.31019
4 0.944922 0.931944 0.0257812 0.0444444 0.327662
10 0.402734 0.01875 0.0210938 0.0375 0.336115
10 0.604297 0.704861 0.0335938 0.134722 0.397604
10 0.469922 0.645139 0.0289063 0.0819444 0.414168
10 0.396484 0.353472 0.0148437 0.0513889 0.415905
11 0.491406 0.756944 0.034375 0.127778 0.48353
4 0.423047 0.20625 0.0132813 0.0430556 0.484726
4 0.844922 0.885417 0.0257812 0.0402778 0.497751
11 0.443359 0.0180556 0.0367187 0.0361111 0.512446
3 0.50625 0.0597222 0.01875 0.0444444 0.527239
3 0.771094 0.0715278 0.0390625 0.131944 0.564652
8 0.590625 0.807639 0.0453125 0.154167 0.618517
4 0.451172 0.157639 0.0148437 0.0513889 0.651931
4 0.560547 0.107639 0.0164062 0.0513889 0.743759
4 0.450391 0.110417 0.0148437 0.0541667 0.750774
4 0.395703 0.159028 0.0148437 0.0513889 0.799073
4 0.587891 0.109722 0.0164062 0.05 0.80859
4 0.533594 0.109722 0.015625 0.05 0.878994
