4 0.50625 0.0590278 0.01875 0.0513889 0.272552
10 0.554297 0.686806 0.0226563 0.0791667 0.292645
10 0.520312 0.7125 0.028125 0.0916667 0.322451
1 0.477344 0.201389 0.0171875 0.0472222 0.382422
12 0.341406 0.290278 0.053125 0.172222 0.384881
4 0.844531 0.884722 0.0234375 0.0388889 0.462396
4 0.423438 0.206944 0.0140625 0.0472222 0.470682
8 0.589453 0.808333 0.0398437 0.144444 0.526568
11 0.489062 0.754167 0.034375 0.127778 0.671423
4 0.560547 0.108333 0.0164062 0.05 0.730422
4 0.450781 0.161111 0.015625 0.0472222 0.7328
4 0.450391 0.109028 0.0148437 0.0486111 0.741293
4 0.396094 0.109722 0.015625 0.05 0.812168
4 0.587891 0.109722 0.0164062 0.05 0.831669
4 0.533594 0.109722 0.015625 0.05 0.879089
