1 0.560547 0.0583333 0.0179687 0.0444444 0.258173
9 0.425 0.631944 0.0359375 0.0916667 0.272403
3 0.45 0.154861 0.01875 0.0486111 0.304895
3 0.760547 0.222222 0.0585938 0.152778 0.346792
6 0.723828 0.0256944 0.0351562 0.0458333 0.352803
1 0.560156 0.103472 0.0171875 0.0541667 0.358824
10 0.50625 0.254861 0.015625 0.0402778 0.363689
4 0.944531 0.931944 0.0234375 0.0444444 0.375214
4 0.559766 0.0583333 0.0179687 0.0444444 0.390631
4 0.50625 0.0472222 0.0171875 0.0583333 0.399452
4 0.397656 0.0652778 0.0171875 0.102778 0.408295
10 0.423438 0.379167 0.021875 0.0888889 0.415917
4 0.587891 0.05625 0.0179687 0.0430556 0.446707
8 0.478125 0.376389 0.0203125 0.0833333 0.452809
1 0.762109 0.21875 0.0507812 0.159722 0.51068
3 0.662891 0.248611 0.0695312 0.191667 0.540266
10 0.477734 0.375694 0.0195312 0.0819444 0.548814
1 0.961328 0.100694 0.0539063 0.165278 0.637173
4 0.45 0.111806 0.015625 0.0513889 0.677886
1 0.835938 0.604167 0.053125 0.155556 0.689687
4 0.560938 0.109028 0.015625 0.0486111 0.75366
10 0.533594 0.383333 0.0203125 0.0722222 0.78594
4 0.396094 0.110417 0.015625 0.0458333 0.80632
4 0.5875 0.109028 0.0171875 0.0513889 0.819348
4 0.423438 0.109722 0.015625 0.05 0.833865
4 0.533594 0.110417 0.015625 0.0486111 0.868927
4 0.477734 0.109028 0.0164062 0.0513889 0.876794
