4 0.688281 0.0229167 0.021875 0.0375 0.270405
1 0.533594 0.0465278 0.0171875 0.0541667 0.280372
9 0.416406 0.715278 0.0453125 0.15 0.28716
7 0.646094 0.726389 0.0453125 0.147222 0.288521
1 0.71875 0.114583 0.0484375 0.184722 0.293504
1 0.533203 0.1125 0.0148437 0.0527778 0.307753
4 0.422656 0.249306 0.0140625 0.0513889 0.328923
10 0.505859 0.254861 0.0148437 0.0375 0.337134
4 0.942187 0.929861 0.0234375 0.0486111 0.386528
10 0.423047 0.357639 0.0132813 0.0458333 0.409557
1 0.962109 0.101389 0.0507812 0.161111 0.414484
4 0.532812 0.0444444 0.015625 0.0611111 0.416628
2 0.834766 0.605556 0.0554687 0.166667 0.423501
4 0.396484 0.0451389 0.0164062 0.0569444 0.456781
10 0.396484 0.354167 0.0148437 0.0527778 0.466767
10 0.477344 0.377778 0.01875 0.0777778 0.497806
4 0.844531 0.886111 0.0234375 0.0388889 0.517011
4 0.505469 0.20625 0.0140625 0.0402778 0.534382
6 0.723828 0.0229167 0.0335938 0.0402778 0.555439
10 0.450391 0.154861 0.0148437 0.0458333 0.567215
1 0.476172 0.0381944 0.0195312 0.0625 0.577981
1 0.835547 0.602083 0.0554687 0.165278 0.578414
4 0.560547 0.0555556 0.0179687 0.0388889 0.586403
4 0.45 0.104861 0.015625 0.0458333 0.695452
1 0.533203 0.131944 0.0179687 0.0805556 0.730888
4 0.560156 0.109028 0.0140625 0.0486111 0.791653
4 0.423047 0.107639 0.0164062 0.0513889 0.820179
4 0.476953 0.109028 0.0148437 0.0486111 0.826766
4 0.5875 0.108333 0.015625 0.0472222 0.838396
4 0.395703 0.111111 0.0148437 0.0472222 0.856055
