4 0.944531 0.932639 0.0265625 0.0430556 0.252472
4 0.560156 0.0576389 0.01875 0.0458333 0.28338
1 0.534375 0.122917 0.0171875 0.0708333 0.325818
1 0.828125 0.571528 0.053125 0.145833 0.333777
3 0.978906 0.0368056 0.0359375 0.0597222 0.34216
1 0.474219 0.0201389 0.0203125 0.0319444 0.377653
4 0.683203 0.0284722 0.0179687 0.0486111 0.402876
4 0.397656 0.05625 0.0171875 0.0986111 0.454391
10 0.397266 0.354861 0.0148437 0.0513889 0.510246
8 0.590234 0.811111 0.0429688 0.155556 0.605964
4 0.451953 0.158333 0.0164062 0.0472222 0.611141
4 0.45 0.109028 0.0140625 0.0486111 0.698431
4 0.560938 0.108333 0.015625 0.05 0.715421
10 0.529688 0.777778 0.0296875 0.0916667 0.763838
4 0.396484 0.111806 0.0148437 0.0486111 0.786319
4 0.587891 0.109028 0.0164062 0.0486111 0.799214
4 0.533594 0.110417 0.015625 0.0541667 0.810634
11 0.488281 0.752778 0.0375 0.130556 0.823507
4 0.423438 0.108333 0.015625 0.05 0.831347
