10 0.521484 0.7125 0.0289063 0.0944444 0.25459
4 0.844531 0.885417 0.025 0.0402778 0.262955
1 0.472656 0.0194444 0.0203125 0.025 0.267715
3 0.658594 0.247222 0.0625 0.188889 0.272855
6 0.0382813 0.916667 0.0453125 0.102778 0.273927
3 0.219141 0.0722222 0.0445312 0.122222 0.279267
1 0.786719 0.55 0.053125 0.147222 0.303174
10 0.00898437 0.244444 0.0164062 0.163889 0.324635
6 0.763281 0.0472222 0.03125 0.0861111 0.343936
3 0.969531 0.115278 0.0515625 0.205556 0.351353
10 0.4125 0.688889 0.04375 0.138889 0.370829
3 0.978125 0.281944 0.04375 0.166667 0.370978
4 0.396484 0.0611111 0.0164062 0.108333 0.395129
1 0.341797 0.0430556 0.0351562 0.0722222 0.40082
3 0.761719 0.0493056 0.028125 0.0875 0.419511
2 0.659766 0.253472 0.0632813 0.179167 0.437412
1 0.477344 0.202083 0.0171875 0.0458333 0.450512
6 0.724219 0.0256944 0.03125 0.0458333 0.457701
4 0.423828 0.20625 0.0148437 0.0458333 0.474648
11 0.589844 0.806944 0.04375 0.152778 0.58462
11 0.341016 0.6 0.0585938 0.180556 0.599379
1 0.970312 0.111111 0.0515625 0.183333 0.630974
1 0.721484 0.474306 0.0523437 0.190278 0.632187
11 0.490625 0.755556 0.034375 0.127778 0.645491
4 0.560547 0.110417 0.0148437 0.0486111 0.661605
10 0.397266 0.355556 0.0164062 0.0472222 0.687645
4 0.450781 0.161111 0.015625 0.0472222 0.694538
4 0.45 0.109028 0.0140625 0.0486111 0.786417
4 0.396094 0.109722 0.015625 0.05 0.803998
4 0.5875 0.109722 0.015625 0.05 0.827375
4 0.533984 0.109028 0.0148437 0.0486111 0.849423
