1 0.115625 0.948611 0.0578125 0.102778 0.251805
4 0.560156 0.0590278 0.0203125 0.0486111 0.259724
11 0.590234 0.807639 0.0429688 0.156944 0.303303
3 0.762891 0.0423611 0.0242187 0.0736111 0.304794
3 0.975 0.247222 0.040625 0.119444 0.359879
4 0.844922 0.886806 0.0273438 0.0430556 0.364536
4 0.505859 0.0597222 0.0179687 0.05 0.393014
10 0.620313 0.75625 0.034375 0.134722 0.418722
3 0.978125 0.292361 0.0421875 0.143056 0.441225
4 0.451562 0.156944 0.0140625 0.0472222 0.474105
10 0.396875 0.354167 0.0140625 0.05 0.50696
8 0.592578 0.810417 0.0414063 0.159722 0.63291
11 0.492188 0.756944 0.034375 0.127778 0.713807
4 0.450391 0.107639 0.0148437 0.0486111 0.7346
4 0.560547 0.109028 0.0164062 0.0486111 0.739924
10 0.469922 0.644444 0.0273438 0.0833333 0.79919
4 0.396094 0.109722 0.015625 0.0527778 0.806673
4 0.587891 0.109722 0.0164062 0.05 0.830872
4 0.533594 0.109722 0.015625 0.0472222 0.880258
