10 0.417188 0.0166667 0.0171875 0.0333333 0.253469
4 0.504297 0.0541667 0.0164062 0.0472222 0.264339
1 0.45 0.157639 0.01875 0.0458333 0.282653
4 0.746094 0.920833 0.0203125 0.05 0.283096
4 0.587109 0.0569444 0.0179687 0.0527778 0.287781
4 0.506641 0.2125 0.0148437 0.0611111 0.291514
10 0.505859 0.254861 0.0148437 0.0402778 0.334815
4 0.397656 0.0659722 0.0171875 0.104167 0.358893
4 0.844141 0.884722 0.0242187 0.0388889 0.359174
8 0.477734 0.377778 0.0195312 0.0805556 0.36683
10 0.396875 0.355556 0.015625 0.0555556 0.381193
4 0.945312 0.931944 0.0234375 0.0444444 0.414553
1 0.532812 0.15 0.0171875 0.0555556 0.513377
1 0.841016 0.613194 0.0617188 0.181944 0.535038
3 0.45 0.15625 0.01875 0.0458333 0.561781
4 0.45 0.1125 0.015625 0.0527778 0.620519
4 0.533203 0.113194 0.0148437 0.0513889 0.624072
1 0.960156 0.102083 0.0546875 0.173611 0.635821
10 0.477734 0.375694 0.0195312 0.0791667 0.721344
4 0.396094 0.110417 0.015625 0.0458333 0.7888
4 0.587891 0.109028 0.0164062 0.0486111 0.803248
4 0.560938 0.110417 0.015625 0.0458333 0.82254
4 0.423438 0.109028 0.015625 0.0486111 0.82701
10 0.533594 0.382639 0.0203125 0.0736111 0.831728
4 0.477344 0.109028 0.0171875 0.0513889 0.87212
