3 0.835547 0.586806 0.0507812 0.115278 0.25811
1 0.533594 0.0465278 0.0171875 0.0541667 0.28043
1 0.719141 0.1125 0.0492188 0.183333 0.287991
10 0.507812 0.744444 0.0296875 0.0944444 0.29476
4 0.423047 0.249306 0.0148437 0.0513889 0.294803
10 0.505859 0.254167 0.0148437 0.0361111 0.30446
6 0.976172 0.0368056 0.0398437 0.0625 0.306245
8 0.594531 0.804861 0.0453125 0.151389 0.325878
10 0.419141 0.7125 0.0367187 0.130556 0.337743
4 0.942187 0.930556 0.0234375 0.0472222 0.344993
1 0.8375 0.583333 0.0515625 0.122222 0.368022
1 0.963672 0.102083 0.0492188 0.1625 0.375313
10 0.423047 0.357639 0.0132813 0.0458333 0.38432
4 0.532812 0.0444444 0.015625 0.0611111 0.415577
11 0.529297 0.766667 0.0335938 0.108333 0.415666
4 0.396484 0.0444444 0.0164062 0.0583333 0.454267
10 0.477344 0.377778 0.01875 0.0777778 0.482964
10 0.396484 0.354861 0.0148437 0.0513889 0.510888
6 0.724219 0.0236111 0.034375 0.0416667 0.529228
4 0.505469 0.20625 0.0140625 0.0402778 0.534337
4 0.844531 0.886111 0.0234375 0.0388889 0.542707
10 0.450391 0.154861 0.0148437 0.0458333 0.554512
4 0.560547 0.0555556 0.0179687 0.0388889 0.575853
1 0.476562 0.0381944 0.01875 0.0625 0.579645
4 0.45 0.104861 0.015625 0.0458333 0.684624
11 0.648047 0.729167 0.0429688 0.141667 0.706144
1 0.533203 0.131944 0.0179687 0.0805556 0.729712
4 0.560156 0.109028 0.0140625 0.0486111 0.785899
4 0.423047 0.107639 0.0164062 0.0513889 0.813878
4 0.476953 0.109028 0.0148437 0.0486111 0.822316
4 0.5875 0.108333 0.015625 0.0472222 0.828521
4 0.395703 0.110417 0.0148437 0.0486111 0.851388
