4 0.846094 0.892361 0.03125 0.0569444 0.254551
10 0.557813 0.688889 0.0265625 0.0805556 0.255041
6 0.0511719 0.929861 0.0414063 0.0958333 0.266858
11 0.491406 0.756944 0.0359375 0.122222 0.272346
4 0.50625 0.0590278 0.01875 0.0486111 0.302597
8 0.591016 0.809028 0.0429688 0.148611 0.363496
1 0.760547 0.0840278 0.0257812 0.120833 0.367365
1 0.476953 0.201389 0.0164062 0.0472222 0.38734
10 0.619141 0.754861 0.0335938 0.131944 0.467958
4 0.450781 0.160417 0.0140625 0.0458333 0.618403
4 0.560938 0.106944 0.015625 0.05 0.707408
4 0.45 0.109028 0.0140625 0.0486111 0.721239
4 0.5875 0.109028 0.015625 0.0486111 0.79658
4 0.396484 0.109028 0.0148437 0.0513889 0.822756
4 0.533594 0.109722 0.015625 0.05 0.879909
