11 0.593359 0.803472 0.0476562 0.154167 0.288703
4 0.423438 0.20625 0.0125 0.0430556 0.326303
3 0.505859 0.0604167 0.0179687 0.0458333 0.331281
4 0.560156 0.0590278 0.01875 0.0458333 0.33672
4 0.845312 0.886111 0.0265625 0.0416667 0.354775
4 0.451172 0.15625 0.0148437 0.0486111 0.392839
10 0.603516 0.707639 0.0335938 0.1375 0.412994
10 0.397266 0.353472 0.0148437 0.0513889 0.416537
11 0.491406 0.759722 0.034375 0.125 0.54777
3 0.652734 0.260417 0.0585938 0.165278 0.637859
8 0.590625 0.808333 0.0453125 0.155556 0.667622
10 0.469531 0.645833 0.028125 0.0805556 0.676393
4 0.450391 0.109722 0.0148437 0.05 0.72551
4 0.560938 0.106944 0.015625 0.05 0.747437
4 0.395703 0.158333 0.0148437 0.0527778 0.81746
4 0.5875 0.110417 0.015625 0.0486111 0.833074
4 0.533594 0.109722 0.015625 0.0472222 0.882628
