4 0.533984 0.203472 0.0148437 0.0513889 0.25182
4 0.417969 0.0194444 0.0171875 0.0333333 0.280575
4 0.684375 0.0291667 0.01875 0.0472222 0.290042
4 0.560156 0.05625 0.01875 0.0430556 0.290381
10 0.617969 0.717361 0.03125 0.0875 0.307252
11 0.251563 0.889583 0.0671875 0.173611 0.33499
1 0.533594 0.126389 0.0171875 0.0722222 0.398653
8 0.591406 0.811111 0.0421875 0.152778 0.460217
10 0.534766 0.357639 0.0148437 0.0430556 0.479462
4 0.397656 0.0548611 0.0171875 0.0958333 0.499399
10 0.397656 0.354167 0.015625 0.05 0.517882
4 0.451953 0.157639 0.0164062 0.0458333 0.631738
4 0.560547 0.10625 0.0148437 0.0513889 0.644938
4 0.844531 0.885417 0.0234375 0.0402778 0.708509
4 0.450391 0.108333 0.0148437 0.0472222 0.730138
10 0.530469 0.777083 0.0296875 0.0930556 0.73174
4 0.5875 0.108333 0.015625 0.05 0.74603
4 0.423438 0.106944 0.015625 0.05 0.790718
4 0.396484 0.110417 0.0148437 0.0486111 0.794113
4 0.533203 0.109722 0.0148437 0.0527778 0.796749
11 0.489062 0.754167 0.0375 0.125 0.84537
3 0.963672 0.493056 0.0679687 0.197222 0.894374
