4 0.449609 0.0798611 0.0164062 0.0791667 0.265945
11 0.528516 0.773611 0.0335938 0.1 0.301302
4 0.560156 0.0576389 0.0203125 0.0458333 0.313686
1 0.476172 0.0486111 0.0195312 0.05 0.352765
10 0.528906 0.775694 0.0328125 0.0958333 0.364592
4 0.746094 0.919444 0.021875 0.0555556 0.38331
11 0.589453 0.805556 0.0476562 0.144444 0.385978
4 0.397656 0.0666667 0.0171875 0.111111 0.39597
10 0.423828 0.358333 0.0132813 0.0472222 0.404263
11 0.642969 0.726389 0.046875 0.147222 0.408899
4 0.843359 0.885417 0.0242187 0.0347222 0.417711
3 0.710547 0.107639 0.0507812 0.179167 0.423306
7 0.647656 0.724306 0.0421875 0.143056 0.424778
4 0.945312 0.931944 0.0234375 0.0444444 0.426639
3 0.7625 0.252083 0.0578125 0.176389 0.4448
1 0.835547 0.58125 0.0570313 0.143056 0.472733
10 0.51875 0.665278 0.0328125 0.113889 0.541405
1 0.653906 0.254861 0.05625 0.184722 0.586094
1 0.533594 0.129861 0.01875 0.0819444 0.62314
1 0.710156 0.113194 0.0515625 0.195833 0.643022
4 0.532812 0.113194 0.015625 0.0541667 0.667306
4 0.50625 0.0604167 0.01875 0.0486111 0.689198
10 0.478125 0.378472 0.01875 0.0736111 0.727939
8 0.589844 0.806944 0.04375 0.15 0.729958
4 0.560547 0.109028 0.0148437 0.0486111 0.73733
4 0.450391 0.158333 0.0164062 0.05 0.743103
4 0.45 0.109028 0.015625 0.0486111 0.757576
4 0.5875 0.109722 0.015625 0.05 0.79114
4 0.395703 0.111806 0.0148437 0.0486111 0.80756
4 0.423438 0.109028 0.015625 0.0486111 0.853746
