10 0.532422 0.297917 0.0148437 0.0347222 0.253321
6 0.972266 0.0409722 0.0445312 0.0597222 0.25602
4 0.506641 0.211806 0.0148437 0.0597222 0.260556
10 0.50625 0.252083 0.0140625 0.0402778 0.266974
3 0.45 0.155556 0.01875 0.0444444 0.268409
10 0.396875 0.0451389 0.0171875 0.0597222 0.269783
10 0.419531 0.0173611 0.0171875 0.0347222 0.272943
10 0.507812 0.745139 0.0296875 0.0958333 0.2972
10 0.423828 0.356944 0.0132813 0.0472222 0.298685
11 0.639844 0.734028 0.05 0.154167 0.300619
1 0.961328 0.0861111 0.0570313 0.152778 0.340394
10 0.397266 0.354167 0.0148437 0.0555556 0.344243
4 0.746094 0.920139 0.021875 0.0541667 0.375543
1 0.476562 0.0444444 0.0171875 0.0527778 0.376114
4 0.397266 0.0611111 0.0164062 0.105556 0.406188
4 0.942578 0.929861 0.0242187 0.0486111 0.427271
10 0.533984 0.354861 0.0148437 0.0458333 0.435397
1 0.6625 0.245139 0.0625 0.181944 0.437126
1 0.45 0.157639 0.0171875 0.0430556 0.443519
10 0.476953 0.378472 0.0179687 0.0736111 0.530372
4 0.84375 0.884028 0.025 0.0375 0.535956
4 0.506641 0.0527778 0.0148437 0.0472222 0.553913
4 0.5875 0.0576389 0.0171875 0.0430556 0.576754
4 0.450391 0.111111 0.0148437 0.05 0.644095
1 0.533984 0.129167 0.0179687 0.0805556 0.713396
4 0.396484 0.111806 0.0148437 0.0486111 0.824042
4 0.560938 0.108333 0.0140625 0.0472222 0.824677
4 0.423438 0.107639 0.015625 0.0486111 0.830426
4 0.587891 0.107639 0.0164062 0.0486111 0.855162
4 0.477734 0.108333 0.0164062 0.05 0.876383
