4 0.450391 0.0631944 0.0164062 0.0625 0.281522
4 0.417578 0.01875 0.0164062 0.0347222 0.296241
10 0.423828 0.358333 0.0132813 0.05 0.297519
4 0.945703 0.931944 0.0257812 0.0444444 0.299812
10 0.416797 0.0173611 0.0164062 0.0347222 0.328467
10 0.450781 0.297222 0.0125 0.0472222 0.380994
1 0.476562 0.0472222 0.01875 0.0527778 0.389321
11 0.587109 0.806944 0.0476562 0.141667 0.398166
1 0.657422 0.26875 0.0617188 0.1625 0.433368
4 0.397656 0.0604167 0.0171875 0.104167 0.435913
11 0.640625 0.728472 0.0453125 0.1375 0.572277
4 0.844922 0.883333 0.0257812 0.0361111 0.573357
4 0.451172 0.157639 0.0164062 0.0486111 0.585967
1 0.964453 0.103472 0.0554687 0.168056 0.596859
1 0.533594 0.129861 0.01875 0.0819444 0.610235
4 0.507031 0.0583333 0.01875 0.05 0.642396
4 0.533203 0.1125 0.0148437 0.0555556 0.672483
10 0.478125 0.377778 0.0203125 0.0777778 0.683695
1 0.708203 0.113889 0.0539063 0.194444 0.685714
4 0.560547 0.108333 0.0148437 0.05 0.711486
4 0.450391 0.108333 0.0164062 0.0472222 0.772344
8 0.589063 0.807639 0.04375 0.148611 0.77781
4 0.5875 0.109722 0.015625 0.05 0.787333
4 0.396094 0.110417 0.015625 0.0458333 0.814442
4 0.423438 0.109028 0.015625 0.0486111 0.834801
