4 0.562891 0.0847222 0.0148437 0.0916667 0.264449
10 0.421875 0.693056 0.0328125 0.108333 0.287948
11 0.590625 0.804167 0.0421875 0.15 0.304865
4 0.945312 0.932639 0.0234375 0.0430556 0.305294
4 0.449609 0.0576389 0.0148437 0.0458333 0.313943
10 0.477734 0.375694 0.0195312 0.0819444 0.349265
8 0.478125 0.375694 0.01875 0.0819444 0.371148
1 0.969531 0.113194 0.053125 0.176389 0.383879
10 0.50625 0.201389 0.015625 0.0416667 0.396921
10 0.424219 0.357639 0.0125 0.0458333 0.442765
7 0.645312 0.725 0.0375 0.133333 0.448531
4 0.478516 0.0534722 0.0179687 0.0347222 0.479504
4 0.683203 0.0291667 0.0164062 0.0444444 0.497661
3 0.969531 0.115972 0.0515625 0.179167 0.503651
4 0.396875 0.0458333 0.0171875 0.0583333 0.535592
4 0.533594 0.123611 0.015625 0.0777778 0.551414
4 0.560938 0.0527778 0.01875 0.0416667 0.5785
11 0.639844 0.729861 0.040625 0.134722 0.591806
10 0.519141 0.669444 0.0257812 0.108333 0.600451
4 0.451172 0.155556 0.0148437 0.05 0.644031
1 0.533594 0.128472 0.0171875 0.0847222 0.644639
4 0.560547 0.106944 0.0148437 0.0527778 0.675761
4 0.844141 0.885417 0.0242187 0.0402778 0.676284
4 0.45 0.107639 0.015625 0.0513889 0.687112
4 0.533203 0.0548611 0.0179687 0.0375 0.723486
4 0.587891 0.107639 0.0164062 0.0513889 0.73887
4 0.423828 0.10625 0.0148437 0.0513889 0.761078
4 0.396875 0.110417 0.0140625 0.0486111 0.796025
8 0.589844 0.807639 0.040625 0.148611 0.852363
