10 0.417969 0.0180556 0.015625 0.0361111 0.269786
8 0.594141 0.805556 0.0460938 0.15 0.273121
1 0.477344 0.0423611 0.01875 0.0625 0.305387
4 0.449609 0.0604167 0.0148437 0.0541667 0.334991
4 0.944531 0.931944 0.0234375 0.0444444 0.361592
10 0.477344 0.377778 0.0203125 0.0833333 0.371042
10 0.423438 0.358333 0.0125 0.0472222 0.384241
4 0.521875 0.668056 0.0265625 0.113889 0.392479
10 0.50625 0.250694 0.0140625 0.0513889 0.412051
4 0.397266 0.0652778 0.0164062 0.105556 0.418026
10 0.396484 0.354861 0.0148437 0.0541667 0.431859
6 0.724609 0.0256944 0.0335938 0.0430556 0.483831
4 0.532812 0.0458333 0.015625 0.0611111 0.601138
4 0.533203 0.1125 0.0148437 0.0555556 0.612677
1 0.825 0.604861 0.053125 0.148611 0.624163
1 0.533203 0.130556 0.0179687 0.0805556 0.641747
11 0.646875 0.729861 0.0453125 0.143056 0.657135
4 0.560547 0.05625 0.0179687 0.0402778 0.65796
10 0.505859 0.202778 0.0164062 0.0388889 0.682392
4 0.450781 0.158333 0.015625 0.0472222 0.74606
4 0.45 0.107639 0.015625 0.0486111 0.770492
4 0.560547 0.109028 0.0148437 0.0486111 0.801313
4 0.5875 0.109028 0.015625 0.0486111 0.833569
4 0.396094 0.111806 0.015625 0.0486111 0.836613
4 0.423438 0.108333 0.015625 0.05 0.839408
