4 0.50625 0.0590278 0.01875 0.0486111 0.274396
4 0.846094 0.891667 0.03125 0.0555556 0.279077
10 0.557813 0.688889 0.0265625 0.0777778 0.318251
6 0.0511719 0.929861 0.0414063 0.0958333 0.321897
1 0.477344 0.201389 0.015625 0.0472222 0.357849
11 0.491406 0.756944 0.0359375 0.122222 0.365885
1 0.760547 0.0833333 0.0257812 0.122222 0.392727
8 0.591016 0.808333 0.0429688 0.15 0.40389
10 0.619141 0.754861 0.0335938 0.131944 0.489336
4 0.450781 0.160417 0.0140625 0.0458333 0.597812
4 0.560938 0.106944 0.015625 0.05 0.696236
4 0.45 0.109028 0.0140625 0.0486111 0.712789
4 0.5875 0.108333 0.015625 0.05 0.794369
4 0.396484 0.109028 0.0148437 0.0513889 0.820842
4 0.533594 0.109722 0.015625 0.05 0.878009
