10 0.423828 0.357639 0.0132813 0.0486111 0.26411
4 0.944922 0.931944 0.0257812 0.0444444 0.275003
10 0.00820312 0.24375 0.0164062 0.151389 0.276737
3 0.881641 0.284028 0.0554687 0.195833 0.286952
3 0.757422 0.0631944 0.0289063 0.115278 0.325228
4 0.417969 0.0201389 0.0171875 0.0347222 0.353586
3 0.533203 0.152778 0.0210938 0.0555556 0.364178
6 0.758594 0.0444444 0.025 0.0777778 0.38108
10 0.397266 0.354167 0.0148437 0.0555556 0.406108
4 0.50625 0.0583333 0.0203125 0.0555556 0.421352
4 0.450781 0.0611111 0.015625 0.0527778 0.437363
4 0.844922 0.884722 0.0257812 0.0416667 0.4411
1 0.758203 0.15 0.0367187 0.136111 0.449216
11 0.646094 0.721528 0.0328125 0.115278 0.475654
1 0.533594 0.13125 0.01875 0.0791667 0.514739
4 0.397266 0.0555556 0.0179687 0.0972222 0.560068
4 0.451172 0.158333 0.0164062 0.05 0.572324
8 0.588672 0.809028 0.0429688 0.145833 0.600089
10 0.529688 0.778472 0.0296875 0.0902778 0.629354
4 0.450391 0.108333 0.0164062 0.05 0.713594
4 0.560547 0.109028 0.0164062 0.0513889 0.716092
4 0.533203 0.111806 0.0164062 0.0541667 0.793029
4 0.5875 0.110417 0.0171875 0.0513889 0.801945
4 0.396094 0.109722 0.015625 0.0472222 0.813357
4 0.423438 0.107639 0.015625 0.0513889 0.832932
