3 0.507812 0.354861 0.01875 0.0458333 0.276916
10 0.533984 0.359028 0.0132813 0.0402778 0.278182
1 0.534375 0.150694 0.0171875 0.0486111 0.292117
4 0.396484 0.0583333 0.0179687 0.05 0.294136
10 0.534766 0.243056 0.0164062 0.0611111 0.344255
7 0.455859 0.744444 0.0382813 0.147222 0.345515
4 0.560547 0.05625 0.0179687 0.0430556 0.356545
10 0.424609 0.357639 0.0132813 0.0402778 0.360965
7 0.494141 0.758333 0.0335938 0.119444 0.393777
4 0.533984 0.204167 0.0148437 0.05 0.401001
10 0.397266 0.354861 0.0148437 0.0458333 0.432617
11 0.250391 0.880556 0.0648438 0.177778 0.457529
3 0.397266 0.0993056 0.0164062 0.0541667 0.474008
1 0.533984 0.126389 0.0164062 0.0722222 0.47766
10 0.533984 0.777083 0.0320312 0.0986111 0.502069
11 0.533594 0.775694 0.0328125 0.101389 0.53904
9 0.405469 0.695833 0.0375 0.147222 0.545565
4 0.396484 0.109028 0.0148437 0.0486111 0.589888
3 0.396484 0.0541667 0.0195312 0.0444444 0.645626
11 0.593359 0.810417 0.0445312 0.151389 0.683557
4 0.560938 0.109722 0.0140625 0.0472222 0.702912
4 0.450391 0.108333 0.0148437 0.0472222 0.717587
4 0.451953 0.15625 0.0148437 0.0486111 0.720985
4 0.533594 0.109722 0.0140625 0.0527778 0.805273
11 0.494531 0.759028 0.0328125 0.123611 0.807119
4 0.5875 0.109028 0.015625 0.0486111 0.808384
4 0.423828 0.106944 0.0148437 0.05 0.814533
3 0.969922 0.503472 0.0585938 0.179167 0.868833
