10 0.219141 0.358333 0.0210938 0.0861111 0.267154
1 0.661328 0.259722 0.0648438 0.163889 0.267541
4 0.942187 0.930556 0.028125 0.0472222 0.27627
4 0.845312 0.884722 0.0265625 0.0388889 0.290904
1 0.534766 0.205556 0.0179687 0.05 0.293754
11 0.232422 0.877083 0.0570313 0.168056 0.300493
4 0.560547 0.0576389 0.0179687 0.0430556 0.337352
11 0.593359 0.803472 0.0476562 0.148611 0.374025
3 0.50625 0.0604167 0.0171875 0.0458333 0.387683
4 0.451562 0.15625 0.015625 0.0486111 0.389231
10 0.396875 0.354861 0.0140625 0.0486111 0.390749
4 0.423438 0.205556 0.0125 0.0416667 0.417329
8 0.590234 0.806944 0.0460938 0.152778 0.525088
10 0.603516 0.707639 0.0367187 0.151389 0.54703
11 0.432422 0.708333 0.0367187 0.113889 0.585786
4 0.560938 0.110417 0.015625 0.0486111 0.714474
10 0.490234 0.757639 0.0351562 0.118056 0.73233
4 0.450391 0.109722 0.0148437 0.05 0.770496
4 0.395703 0.158333 0.0148437 0.0527778 0.840733
4 0.587891 0.110417 0.0164062 0.0486111 0.863788
4 0.533984 0.110417 0.0148437 0.0486111 0.886923
