10 0.417188 0.01875 0.0171875 0.0347222 0.25586
4 0.474219 0.0180556 0.0171875 0.025 0.265458
9 0.584375 0.682639 0.0453125 0.165278 0.268232
7 0.587891 0.697917 0.0476562 0.1625 0.284304
10 0.423828 0.356944 0.0132813 0.0444444 0.284442
11 0.533594 0.773611 0.034375 0.105556 0.303147
3 0.450781 0.157639 0.0171875 0.0513889 0.345135
8 0.592188 0.809722 0.04375 0.152778 0.349335
4 0.45 0.0618056 0.015625 0.0625 0.367776
3 0.9875 0.505556 0.0234375 0.177778 0.371168
11 0.590625 0.809028 0.0453125 0.145833 0.415164
3 0.9625 0.127778 0.0578125 0.205556 0.415392
4 0.450781 0.158333 0.0171875 0.05 0.420909
3 0.967969 0.289583 0.0546875 0.170833 0.492159
4 0.396094 0.05 0.01875 0.0638889 0.501246
4 0.50625 0.0583333 0.0203125 0.0527778 0.596777
1 0.533984 0.130556 0.0195312 0.0833333 0.621534
10 0.396875 0.354167 0.015625 0.0555556 0.640825
4 0.45 0.108333 0.015625 0.05 0.681857
4 0.533203 0.1125 0.0164062 0.0555556 0.708731
4 0.560547 0.107639 0.0164062 0.0513889 0.760404
4 0.396094 0.110417 0.015625 0.0486111 0.788283
4 0.5875 0.109722 0.0171875 0.05 0.812757
4 0.423438 0.108333 0.015625 0.05 0.844636
