11 0.616016 0.763194 0.0382813 0.134722 0.252154
1 0.959766 0.0923611 0.0554687 0.165278 0.259321
4 0.944922 0.932639 0.0257812 0.0430556 0.264898
10 0.338672 0.733333 0.0507812 0.169444 0.271302
1 0.659766 0.246528 0.0632813 0.181944 0.272453
10 0.423438 0.358333 0.0125 0.0472222 0.280328
3 0.533984 0.153472 0.0195312 0.0458333 0.304731
4 0.473437 0.01875 0.01875 0.0263889 0.309234
8 0.586328 0.808333 0.0414063 0.144444 0.337142
10 0.412891 0.716667 0.0445312 0.161111 0.346734
11 0.413281 0.711111 0.046875 0.166667 0.353697
4 0.678906 0.0256944 0.0171875 0.0430556 0.353876
4 0.844922 0.884028 0.0257812 0.0375 0.382351
4 0.50625 0.05625 0.01875 0.0569444 0.38503
4 0.417188 0.01875 0.0171875 0.0347222 0.386551
10 0.526172 0.759722 0.0335938 0.127778 0.394673
7 0.645703 0.720833 0.0335938 0.119444 0.475472
4 0.396875 0.05625 0.0171875 0.101389 0.490261
4 0.45 0.106944 0.015625 0.05 0.512626
10 0.396875 0.354861 0.015625 0.0569444 0.52185
4 0.451172 0.157639 0.0164062 0.0486111 0.541521
11 0.644531 0.721528 0.0359375 0.120833 0.671276
4 0.560938 0.107639 0.015625 0.0486111 0.713861
4 0.396094 0.109722 0.015625 0.0472222 0.792745
4 0.423438 0.107639 0.015625 0.0513889 0.803191
4 0.5875 0.109722 0.015625 0.05 0.803442
4 0.533203 0.111806 0.0148437 0.0541667 0.811129
