4 0.423438 0.213194 0.0140625 0.0680556 0.268955
3 0.505469 0.0597222 0.01875 0.0472222 0.307159
1 0.691016 0.0861111 0.0429688 0.155556 0.329589
4 0.846484 0.893056 0.0304688 0.0583333 0.336638
10 0.397266 0.354167 0.0148437 0.05 0.347797
3 0.656641 0.265972 0.0539063 0.173611 0.415185
4 0.664062 0.0263889 0.0265625 0.0416667 0.426377
10 0.605469 0.709722 0.034375 0.141667 0.460615
4 0.450781 0.15625 0.0140625 0.0486111 0.465138
11 0.491406 0.760417 0.034375 0.126389 0.52011
8 0.591016 0.809028 0.0445312 0.154167 0.595349
5 0.692187 0.0875 0.04375 0.158333 0.608777
10 0.469141 0.646528 0.0273438 0.0819444 0.677711
4 0.450391 0.109722 0.0148437 0.05 0.720021
4 0.560547 0.107639 0.0164062 0.0486111 0.723087
4 0.395703 0.159028 0.0148437 0.0513889 0.816135
4 0.587109 0.109722 0.0164062 0.05 0.818211
4 0.533594 0.109722 0.015625 0.0472222 0.87762
