4 0.45 0.0618056 0.0140625 0.0569444 0.259468
4 0.449609 0.0847222 0.0148437 0.0777778 0.265339
1 0.476953 0.0416667 0.0179687 0.0638889 0.283213
1 0.976953 0.0375 0.0382813 0.0638889 0.287626
4 0.506641 0.209722 0.0148437 0.0527778 0.352693
10 0.397266 0.354167 0.0148437 0.0555556 0.364566
3 0.96875 0.113889 0.05 0.172222 0.380047
4 0.396484 0.0451389 0.0164062 0.0569444 0.390967
4 0.533203 0.113194 0.0148437 0.0569444 0.396774
10 0.477344 0.377778 0.0203125 0.0805556 0.398514
4 0.687109 0.0236111 0.0179687 0.0416667 0.403115
10 0.423828 0.357639 0.0132813 0.0458333 0.40762
4 0.532812 0.04375 0.015625 0.0625 0.425361
8 0.596094 0.800694 0.0453125 0.154167 0.440746
4 0.844531 0.886111 0.0234375 0.0388889 0.463929
6 0.724609 0.025 0.0335938 0.0416667 0.553437
4 0.560938 0.0555556 0.0171875 0.0388889 0.604062
1 0.967188 0.10625 0.0515625 0.168056 0.617576
4 0.451172 0.156944 0.0148437 0.0472222 0.62827
11 0.649219 0.728472 0.04375 0.143056 0.667949
1 0.534375 0.129861 0.0171875 0.0791667 0.681332
4 0.450391 0.10625 0.0148437 0.0458333 0.751049
4 0.560547 0.109028 0.0148437 0.0486111 0.767717
4 0.423828 0.107639 0.0148437 0.0486111 0.810381
4 0.5875 0.109028 0.015625 0.0486111 0.833109
4 0.396094 0.111111 0.0140625 0.0472222 0.837837
