4 0.397656 0.08125 0.015625 0.0958333 0.264044
4 0.412109 0.0194444 0.0164062 0.0361111 0.271158
4 0.396875 0.0527778 0.0171875 0.0611111 0.273056
1 0.114453 0.950694 0.0601562 0.0986111 0.28499
4 0.560156 0.0576389 0.01875 0.0458333 0.293226
10 0.424219 0.358333 0.0140625 0.0416667 0.304034
11 0.249609 0.881944 0.0648438 0.177778 0.320737
1 0.533984 0.121528 0.0164062 0.0708333 0.330712
1 0.845312 0.890278 0.0328125 0.0472222 0.332991
3 0.978906 0.263889 0.0390625 0.15 0.344838
11 0.534375 0.771528 0.034375 0.1125 0.354975
3 0.508203 0.35625 0.0210938 0.0458333 0.359368
10 0.221484 0.359028 0.0257812 0.0875 0.367715
1 0.653906 0.24375 0.0640625 0.193056 0.382953
10 0.534375 0.358333 0.015625 0.0416667 0.383903
7 0.494922 0.75625 0.0382813 0.129167 0.413864
11 0.594141 0.807639 0.0460938 0.151389 0.449848
4 0.84375 0.884722 0.028125 0.0361111 0.455186
1 0.705078 0.0930556 0.0539063 0.163889 0.459662
10 0.397656 0.355556 0.015625 0.05 0.471643
4 0.534766 0.204167 0.0164062 0.0444444 0.474118
9 0.40625 0.697222 0.0390625 0.15 0.478855
4 0.419141 0.0194444 0.0164062 0.0361111 0.494325
4 0.451953 0.158333 0.0164062 0.0472222 0.657927
4 0.560938 0.107639 0.015625 0.0486111 0.701793
4 0.450391 0.107639 0.0148437 0.0458333 0.763324
4 0.423828 0.106944 0.0148437 0.05 0.780403
4 0.396484 0.110417 0.0148437 0.0513889 0.790545
4 0.5875 0.109028 0.015625 0.0513889 0.800289
11 0.494922 0.756944 0.0351562 0.133333 0.810199
4 0.533594 0.109722 0.0140625 0.0527778 0.825412
