1 0.343359 0.0416667 0.0320312 0.0638889 0.274284
4 0.682031 0.025 0.0171875 0.0444444 0.283898
3 0.721094 0.0305556 0.0328125 0.0472222 0.285273
3 0.758203 0.0819444 0.0289063 0.133333 0.309005
10 0.423438 0.356944 0.0140625 0.0416667 0.342464
4 0.841016 0.883333 0.0304688 0.0388889 0.379941
3 0.50625 0.0583333 0.0171875 0.0472222 0.395788
10 0.555859 0.686806 0.0257812 0.0791667 0.409289
4 0.944922 0.932639 0.0257812 0.0430556 0.411744
6 0.723047 0.0243056 0.0289063 0.0430556 0.450524
1 0.768359 0.316667 0.0242187 0.1 0.452531
6 0.757031 0.0368056 0.021875 0.0652778 0.480423
10 0.521094 0.707639 0.03125 0.101389 0.483483
1 0.476953 0.201389 0.0164062 0.0472222 0.509933
6 0.0507812 0.925694 0.0421875 0.104167 0.552979
11 0.489844 0.753472 0.0359375 0.126389 0.590825
8 0.589063 0.806944 0.0421875 0.15 0.622026
10 0.396875 0.354167 0.015625 0.0472222 0.643017
4 0.450781 0.160417 0.0140625 0.0458333 0.659477
4 0.560938 0.106944 0.015625 0.05 0.67682
4 0.45 0.109028 0.0140625 0.0486111 0.742801
4 0.5875 0.109028 0.015625 0.0486111 0.835056
4 0.396484 0.109028 0.0148437 0.0513889 0.840493
4 0.533594 0.109028 0.015625 0.0486111 0.887958
