8 0.562109 0.379167 0.0226563 0.0888889 0.251248
4 0.560156 0.0583333 0.01875 0.0472222 0.280221
4 0.45 0.0618056 0.0140625 0.0569444 0.287168
11 0.586719 0.804861 0.046875 0.148611 0.291855
4 0.944922 0.931944 0.0242187 0.0444444 0.295808
4 0.756641 0.0375 0.0195312 0.0638889 0.306675
1 0.65625 0.261806 0.0578125 0.179167 0.306942
10 0.424219 0.357639 0.0125 0.0458333 0.329474
3 0.50625 0.254167 0.01875 0.0472222 0.338511
10 0.414844 0.721528 0.040625 0.148611 0.348078
4 0.844141 0.884722 0.0257812 0.0388889 0.355076
10 0.231641 0.863194 0.0429688 0.151389 0.39371
4 0.746875 0.920139 0.0203125 0.0486111 0.405607
4 0.398828 0.0395833 0.0195312 0.0708333 0.416282
3 0.708984 0.113889 0.0492188 0.188889 0.429832
1 0.477344 0.0451389 0.01875 0.0569444 0.450151
7 0.644531 0.725694 0.0421875 0.134722 0.49064
1 0.959375 0.104167 0.0546875 0.180556 0.552588
1 0.832031 0.610417 0.05625 0.165278 0.570739
4 0.507422 0.0597222 0.0179687 0.05 0.660688
11 0.641016 0.727778 0.0445312 0.138889 0.724855
4 0.560938 0.108333 0.015625 0.0472222 0.748773
4 0.451953 0.157639 0.0164062 0.0486111 0.764623
4 0.45 0.107639 0.015625 0.0486111 0.768886
4 0.396484 0.110417 0.0148437 0.0458333 0.80157
8 0.5875 0.806944 0.04375 0.15 0.803254
4 0.423828 0.108333 0.0148437 0.05 0.826441
4 0.587891 0.110417 0.0164062 0.0486111 0.833245
4 0.533594 0.110417 0.015625 0.0486111 0.876557
