4 0.746094 0.920139 0.0203125 0.0486111 0.251603
6 0.866016 0.45 0.0632813 0.188889 0.253293
4 0.945312 0.93125 0.0234375 0.0430556 0.260338
4 0.45 0.0833333 0.015625 0.0777778 0.267161
11 0.588281 0.806944 0.0484375 0.141667 0.295036
10 0.417578 0.0173611 0.0164062 0.0347222 0.329638
10 0.00820312 0.246528 0.0164062 0.148611 0.346627
1 0.476562 0.0472222 0.01875 0.0527778 0.372083
4 0.397656 0.0625 0.0171875 0.108333 0.408106
10 0.424219 0.35625 0.0140625 0.0486111 0.467652
1 0.653125 0.253472 0.0578125 0.195833 0.493501
11 0.640625 0.73125 0.04375 0.1375 0.597053
1 0.533984 0.129861 0.0179687 0.0819444 0.600735
4 0.84375 0.884722 0.021875 0.0333333 0.635685
4 0.506641 0.0583333 0.0179687 0.05 0.643814
8 0.589063 0.809028 0.04375 0.148611 0.659069
4 0.533203 0.113194 0.0148437 0.0541667 0.677934
4 0.560547 0.108333 0.0148437 0.05 0.711186
1 0.709375 0.114583 0.053125 0.193056 0.728925
10 0.478125 0.378472 0.01875 0.0736111 0.735384
4 0.451172 0.157639 0.0164062 0.0486111 0.764092
4 0.45 0.108333 0.015625 0.0472222 0.76678
4 0.5875 0.109722 0.015625 0.05 0.787125
4 0.396094 0.110417 0.015625 0.0458333 0.811881
4 0.423438 0.109028 0.015625 0.0486111 0.846397
