4 0.682031 0.0243056 0.0171875 0.0402778 0.260308
1 0.533984 0.205556 0.0195312 0.0555556 0.261187
6 0.0355469 0.915972 0.0445312 0.104167 0.274854
3 0.980469 0.28125 0.0390625 0.156944 0.279019
9 0.405078 0.691667 0.0429688 0.152778 0.284525
11 0.589844 0.809028 0.04375 0.151389 0.287035
8 0.591406 0.811806 0.0421875 0.156944 0.317149
4 0.417969 0.01875 0.015625 0.0319444 0.337313
1 0.342578 0.0430556 0.0367187 0.075 0.345547
1 0.473047 0.0208333 0.0195312 0.0277778 0.37099
1 0.969922 0.108333 0.0523437 0.177778 0.397174
3 0.757812 0.0548611 0.025 0.0958333 0.402215
1 0.476953 0.203472 0.0164062 0.0430556 0.435542
10 0.00859375 0.244444 0.015625 0.155556 0.451849
4 0.560156 0.0576389 0.01875 0.0458333 0.453762
4 0.397266 0.0604167 0.0164062 0.106944 0.484796
10 0.397266 0.355556 0.0164062 0.05 0.496197
6 0.722656 0.025 0.0296875 0.0444444 0.503517
11 0.339844 0.599306 0.0578125 0.176389 0.564551
6 0.758984 0.0520833 0.0273438 0.0958333 0.576495
3 0.659375 0.258333 0.059375 0.169444 0.660343
4 0.560938 0.107639 0.015625 0.0486111 0.716889
11 0.490625 0.754861 0.0375 0.134722 0.725296
4 0.451172 0.159028 0.0148437 0.0458333 0.740432
4 0.844531 0.884028 0.0234375 0.0402778 0.767161
4 0.45 0.108333 0.0140625 0.0444444 0.795876
4 0.423047 0.107639 0.0148437 0.0486111 0.835926
4 0.587891 0.109722 0.0164062 0.05 0.838791
4 0.396094 0.109722 0.015625 0.0472222 0.841873
4 0.533984 0.109028 0.0148437 0.0486111 0.854797
