10 0.535156 0.238194 0.015625 0.0680556 0.252494
10 0.396875 0.354167 0.015625 0.05 0.279369
10 0.0105469 0.245833 0.0195312 0.161111 0.285098
1 0.476953 0.204861 0.0148437 0.0430556 0.295648
3 0.978516 0.279167 0.0414063 0.166667 0.314007
11 0.453906 0.74375 0.0359375 0.1375 0.322863
4 0.560156 0.0576389 0.01875 0.0458333 0.325194
10 0.424219 0.35625 0.0140625 0.0430556 0.340897
1 0.967188 0.103472 0.0546875 0.1625 0.351059
3 0.507812 0.354167 0.01875 0.0472222 0.367579
1 0.771484 0.565278 0.0570313 0.133333 0.419092
4 0.844531 0.884722 0.025 0.0388889 0.42641
4 0.396094 0.0506944 0.0171875 0.0625 0.484933
9 0.404297 0.691667 0.0414063 0.152778 0.5229
11 0.591016 0.807639 0.0445312 0.151389 0.568999
11 0.491016 0.754167 0.0335938 0.119444 0.585757
4 0.450781 0.160417 0.0140625 0.0430556 0.634095
4 0.560938 0.108333 0.015625 0.0472222 0.650213
4 0.45 0.107639 0.0140625 0.0458333 0.740452
4 0.395703 0.110417 0.0148437 0.0458333 0.793699
4 0.5875 0.109028 0.015625 0.0486111 0.797656
4 0.423438 0.107639 0.0140625 0.0486111 0.800325
4 0.533594 0.109028 0.0140625 0.0486111 0.859013
