1 0.474609 0.0201389 0.0195312 0.0291667 0.278026
10 0.558984 0.8125 0.0382813 0.113889 0.281775
11 0.199219 0.852083 0.0546875 0.1625 0.282158
4 0.745703 0.920139 0.0210938 0.0486111 0.318836
4 0.417969 0.0194444 0.0171875 0.0333333 0.327788
4 0.559766 0.0569444 0.0195312 0.0444444 0.328777
10 0.617969 0.713194 0.0328125 0.0930556 0.345559
4 0.450391 0.0611111 0.0148437 0.0555556 0.368509
1 0.198047 0.844444 0.0507812 0.158333 0.372129
1 0.757422 0.0909722 0.0226563 0.104167 0.380678
1 0.821484 0.591667 0.0523437 0.119444 0.396697
4 0.683594 0.0284722 0.01875 0.0458333 0.422425
4 0.396875 0.04375 0.0171875 0.0625 0.556852
4 0.451562 0.157639 0.0171875 0.0486111 0.574679
8 0.589063 0.809028 0.04375 0.145833 0.592472
4 0.533203 0.110417 0.0148437 0.0569444 0.627536
4 0.45 0.107639 0.015625 0.0486111 0.64908
4 0.560938 0.106944 0.015625 0.0527778 0.686216
1 0.533984 0.13125 0.0179687 0.0847222 0.708141
10 0.530078 0.777778 0.0289063 0.0861111 0.70878
4 0.423438 0.107639 0.015625 0.0513889 0.788221
4 0.396094 0.109722 0.015625 0.0472222 0.797573
4 0.587891 0.108333 0.0164062 0.05 0.815603
