4 0.560156 0.0583333 0.01875 0.0444444 0.271276
4 0.845703 0.8875 0.0273438 0.0416667 0.28327
10 0.396875 0.354167 0.015625 0.0527778 0.283282
3 0.505859 0.0590278 0.0179687 0.0458333 0.292573
4 0.423438 0.211806 0.0140625 0.0652778 0.294967
9 0.403125 0.667361 0.0296875 0.120833 0.30736
11 0.593359 0.804167 0.0476562 0.152778 0.309358
4 0.451172 0.15625 0.0148437 0.0486111 0.377242
10 0.603516 0.707639 0.0335938 0.134722 0.414294
10 0.469141 0.644444 0.0289063 0.0777778 0.421486
11 0.491406 0.759028 0.0328125 0.120833 0.465622
11 0.229687 0.88125 0.0546875 0.170833 0.540596
3 0.652734 0.263194 0.0554687 0.154167 0.592452
10 0.435547 0.681944 0.0257812 0.0833333 0.623289
4 0.45 0.110417 0.0140625 0.0513889 0.673529
4 0.560938 0.108333 0.015625 0.0472222 0.710287
8 0.590234 0.808333 0.0460938 0.155556 0.721814
4 0.395703 0.158333 0.0148437 0.0527778 0.795255
4 0.5875 0.109028 0.015625 0.0486111 0.834175
10 0.217187 0.361111 0.0234375 0.0888889 0.840156
4 0.533984 0.109722 0.0148437 0.0472222 0.883441
