4 0.752734 0.920139 0.0195312 0.0486111 0.258251
1 0.533203 0.1125 0.0148437 0.0527778 0.272786
3 0.836719 0.588194 0.0515625 0.115278 0.275785
1 0.719141 0.1125 0.0492188 0.183333 0.280686
1 0.533594 0.0465278 0.0171875 0.0541667 0.285382
4 0.422656 0.249306 0.0140625 0.0513889 0.289214
10 0.507812 0.745139 0.0296875 0.0958333 0.293301
10 0.505859 0.254167 0.0148437 0.0361111 0.299385
10 0.419141 0.711806 0.0367187 0.131944 0.319216
8 0.594922 0.804861 0.0445312 0.151389 0.31949
3 0.767578 0.582639 0.0351562 0.104167 0.353297
4 0.942187 0.930556 0.0234375 0.0472222 0.358127
1 0.963281 0.102778 0.05 0.161111 0.362
10 0.423047 0.357639 0.0132813 0.0458333 0.379307
1 0.837891 0.584722 0.0507812 0.122222 0.394628
11 0.529297 0.766667 0.0335938 0.108333 0.409782
4 0.532812 0.0444444 0.015625 0.0611111 0.412176
4 0.396484 0.0444444 0.0164062 0.0583333 0.454053
10 0.477344 0.377778 0.01875 0.0777778 0.475932
6 0.724219 0.0229167 0.034375 0.0402778 0.483673
10 0.396484 0.354167 0.0148437 0.0527778 0.514413
4 0.505469 0.20625 0.0140625 0.0402778 0.529097
10 0.450391 0.154167 0.0148437 0.0444444 0.54734
4 0.844531 0.886111 0.0234375 0.0388889 0.561587
1 0.476562 0.0381944 0.01875 0.0625 0.580504
4 0.560547 0.0555556 0.0179687 0.0388889 0.58112
4 0.45 0.104861 0.015625 0.0458333 0.686731
11 0.648047 0.729167 0.0429688 0.141667 0.714062
1 0.533203 0.131944 0.0179687 0.0805556 0.729534
4 0.560156 0.109028 0.0140625 0.0486111 0.788254
4 0.423047 0.107639 0.0164062 0.0513889 0.814847
4 0.476953 0.109028 0.0148437 0.0486111 0.821901
4 0.5875 0.108333 0.015625 0.0472222 0.83097
4 0.395703 0.110417 0.0148437 0.0486111 0.853873
