1 0.769531 0.204167 0.0546875 0.163889 0.250679
4 0.504687 0.0534722 0.015625 0.0458333 0.271066
7 0.649609 0.722222 0.0382813 0.133333 0.288022
10 0.423438 0.357639 0.0140625 0.0486111 0.288361
9 0.415625 0.714583 0.04375 0.151389 0.292284
4 0.746094 0.920833 0.0203125 0.05 0.302139
10 0.415625 0.0173611 0.0171875 0.0347222 0.303528
4 0.506641 0.2125 0.0148437 0.0611111 0.315944
8 0.477734 0.377083 0.0195312 0.0819444 0.320213
10 0.505859 0.254861 0.0148437 0.0402778 0.346003
4 0.397656 0.0666667 0.0171875 0.105556 0.359597
4 0.945312 0.931944 0.0234375 0.0444444 0.381756
1 0.45 0.157639 0.01875 0.0458333 0.385229
3 0.195312 0.932639 0.08125 0.1125 0.427079
4 0.844141 0.884722 0.0242187 0.0388889 0.43501
3 0.45 0.15625 0.01875 0.0458333 0.503218
1 0.841016 0.613194 0.0617188 0.181944 0.51087
10 0.396875 0.355556 0.015625 0.0555556 0.541581
1 0.532812 0.150694 0.0171875 0.0541667 0.549261
4 0.45 0.1125 0.015625 0.0527778 0.633024
1 0.960938 0.100694 0.0546875 0.170833 0.637911
4 0.533203 0.1125 0.0148437 0.05 0.646208
12 0.189453 0.54375 0.0664062 0.231944 0.676205
10 0.477734 0.375694 0.0195312 0.0791667 0.743981
4 0.396094 0.110417 0.015625 0.0458333 0.787495
4 0.587891 0.109028 0.0164062 0.0486111 0.809123
4 0.560938 0.110417 0.015625 0.0458333 0.831784
10 0.533594 0.383333 0.0203125 0.075 0.839105
4 0.423438 0.109028 0.015625 0.0486111 0.839108
4 0.477344 0.109028 0.0171875 0.0513889 0.87537
