4 0.761328 0.0409722 0.0210938 0.0736111 0.274196
3 0.50625 0.0597222 0.01875 0.0472222 0.312437
4 0.413672 0.0173611 0.0164062 0.0347222 0.331938
11 0.491016 0.757639 0.0382813 0.126389 0.363094
4 0.50625 0.0597222 0.01875 0.05 0.365289
3 0.981641 0.282639 0.0367187 0.159722 0.401451
4 0.845312 0.886806 0.0265625 0.0430556 0.424887
11 0.591016 0.809722 0.0445312 0.155556 0.43492
8 0.592969 0.811111 0.0421875 0.161111 0.452449
10 0.619141 0.756944 0.0351562 0.136111 0.46648
4 0.451562 0.158333 0.0140625 0.0472222 0.56357
4 0.396484 0.109722 0.0148437 0.0527778 0.602185
4 0.450391 0.108333 0.0148437 0.0472222 0.714528
4 0.560547 0.108333 0.0164062 0.05 0.733262
10 0.469922 0.647222 0.0289063 0.0861111 0.765414
4 0.587891 0.109722 0.0164062 0.05 0.809758
4 0.533594 0.109722 0.015625 0.0472222 0.87592
