3 0.763281 0.0430556 0.025 0.075 0.257703
3 0.975 0.244444 0.040625 0.119444 0.315824
4 0.845312 0.886806 0.0265625 0.0430556 0.391762
3 0.978516 0.290972 0.0414063 0.143056 0.400418
4 0.50625 0.0590278 0.01875 0.0486111 0.406678
10 0.620313 0.755556 0.034375 0.136111 0.414161
10 0.396875 0.354167 0.0140625 0.05 0.436928
4 0.451562 0.156944 0.0140625 0.0472222 0.47475
11 0.591406 0.809028 0.04375 0.151389 0.529624
8 0.592578 0.811111 0.0414063 0.158333 0.559133
11 0.491797 0.757639 0.0335938 0.126389 0.655748
4 0.560547 0.108333 0.0164062 0.05 0.733407
4 0.450391 0.107639 0.0148437 0.0486111 0.738005
10 0.470313 0.644444 0.028125 0.0833333 0.768176
4 0.396094 0.109722 0.015625 0.0527778 0.805994
4 0.587891 0.109722 0.0164062 0.05 0.826855
4 0.533594 0.109722 0.015625 0.0472222 0.880439
