4 0.50625 0.211806 0.015625 0.0597222 0.255225
10 0.560938 0.354167 0.015625 0.0527778 0.255506
4 0.752734 0.91875 0.0210938 0.0486111 0.26448
10 0.50625 0.253472 0.0140625 0.0402778 0.276439
7 0.324609 0.611806 0.0648438 0.190278 0.287053
10 0.396484 0.0444444 0.0164062 0.0583333 0.291468
11 0.469141 0.663889 0.0351562 0.119444 0.296295
1 0.475781 0.0458333 0.0171875 0.0527778 0.309949
7 0.957422 0.0902778 0.0601562 0.155556 0.32606
10 0.419531 0.0173611 0.0171875 0.0347222 0.334812
5 0.657812 0.267361 0.05625 0.156944 0.35981
1 0.7625 0.0881944 0.03125 0.129167 0.370323
1 0.662891 0.113194 0.0554687 0.195833 0.372753
10 0.533984 0.355556 0.0148437 0.0472222 0.387545
4 0.944922 0.931944 0.0242187 0.0444444 0.4057
4 0.533594 0.1125 0.015625 0.0555556 0.407766
4 0.397266 0.0583333 0.0164062 0.0972222 0.418305
10 0.476953 0.377778 0.0179687 0.075 0.438637
1 0.698438 0.0298611 0.046875 0.0569444 0.443811
11 0.645703 0.728472 0.0445312 0.140278 0.455322
4 0.5875 0.0569444 0.01875 0.0444444 0.462546
4 0.506641 0.0527778 0.0164062 0.05 0.477249
1 0.657422 0.264583 0.0554687 0.156944 0.50886
10 0.422656 0.204167 0.015625 0.0472222 0.548221
1 0.958594 0.09375 0.0640625 0.159722 0.657772
4 0.84375 0.884722 0.025 0.0388889 0.675647
4 0.45 0.109722 0.015625 0.05 0.683977
1 0.533594 0.129861 0.01875 0.0819444 0.686319
4 0.560938 0.107639 0.015625 0.0486111 0.793482
4 0.396094 0.111111 0.0140625 0.0472222 0.79736
4 0.423047 0.106944 0.0164062 0.05 0.821583
4 0.5875 0.106944 0.0171875 0.05 0.83749
4 0.477344 0.108333 0.0171875 0.05 0.862891
