11 0.529688 0.777778 0.03125 0.1 0.250432
10 0.00820312 0.247222 0.0164062 0.158333 0.252728
11 0.199609 0.850694 0.0570313 0.170833 0.271392
1 0.763672 0.136806 0.0429688 0.145833 0.274387
4 0.473828 0.0194444 0.0195312 0.0305556 0.325103
4 0.945312 0.932639 0.0234375 0.0430556 0.333686
4 0.450391 0.0618056 0.0164062 0.0625 0.40018
4 0.683594 0.0277778 0.01875 0.0472222 0.414214
10 0.396875 0.354861 0.015625 0.0513889 0.475298
4 0.397656 0.0555556 0.0171875 0.0972222 0.496083
4 0.451562 0.157639 0.0171875 0.0486111 0.501869
8 0.590625 0.811111 0.0421875 0.155556 0.578911
4 0.45 0.108333 0.015625 0.05 0.623359
4 0.560938 0.107639 0.015625 0.0513889 0.670096
4 0.533203 0.110417 0.0148437 0.0569444 0.675543
1 0.533984 0.13125 0.0179687 0.0847222 0.679313
10 0.529688 0.778472 0.0296875 0.0930556 0.706117
4 0.587891 0.109028 0.0164062 0.0513889 0.769696
4 0.396094 0.111111 0.015625 0.0472222 0.782526
4 0.423438 0.108333 0.015625 0.05 0.813482
11 0.488281 0.752778 0.0390625 0.133333 0.830786
