4 0.534766 0.0486111 0.0132813 0.05 0.287521
10 0.00976562 0.243056 0.0179687 0.152778 0.312121
4 0.944531 0.931944 0.021875 0.0444444 0.336445
1 0.450781 0.158333 0.01875 0.0444444 0.343215
1 0.559766 0.0576389 0.0179687 0.0430556 0.357751
10 0.406641 0.645833 0.0273438 0.0777778 0.386481
10 0.50625 0.255556 0.015625 0.0388889 0.387699
4 0.397656 0.0597222 0.0171875 0.102778 0.395977
4 0.560156 0.0576389 0.0171875 0.0430556 0.420242
8 0.477734 0.377083 0.0195312 0.0791667 0.433912
1 0.560156 0.103472 0.0171875 0.0541667 0.448203
3 0.661719 0.25 0.06875 0.186111 0.485973
4 0.587891 0.05625 0.0179687 0.0430556 0.502169
4 0.505859 0.0472222 0.0164062 0.0583333 0.520512
1 0.960156 0.100694 0.053125 0.1625 0.52134
3 0.45 0.15625 0.01875 0.0458333 0.53716
10 0.477344 0.375694 0.01875 0.0763889 0.563302
4 0.45 0.111806 0.015625 0.0513889 0.6148
1 0.838281 0.601389 0.0484375 0.158333 0.627801
11 0.651172 0.725694 0.0382813 0.129167 0.67314
4 0.560547 0.109028 0.0148437 0.0486111 0.739431
10 0.533984 0.385417 0.0195312 0.0680556 0.765804
4 0.396094 0.110417 0.015625 0.0458333 0.811317
4 0.5875 0.109722 0.0171875 0.05 0.820733
4 0.423438 0.108333 0.015625 0.05 0.82344
4 0.533594 0.110417 0.015625 0.0486111 0.861258
4 0.477734 0.109028 0.0164062 0.0513889 0.871759
