2 0.657422 0.254861 0.0648438 0.176389 0.252849
1 0.958984 0.109722 0.0554687 0.186111 0.257949
4 0.50625 0.0576389 0.01875 0.0569444 0.265527
10 0.231641 0.863889 0.0414063 0.144444 0.269021
3 0.713281 0.105556 0.0484375 0.169444 0.269705
3 0.505859 0.254861 0.0179687 0.0458333 0.274477
3 0.533984 0.153472 0.0195312 0.0458333 0.285037
10 0.423438 0.358333 0.0125 0.0472222 0.288035
4 0.417578 0.0194444 0.0179687 0.0361111 0.318345
3 0.758203 0.05625 0.0242187 0.106944 0.319039
10 0.414453 0.718056 0.0445312 0.158333 0.332793
11 0.526172 0.760417 0.0351562 0.131944 0.351273
4 0.451172 0.157639 0.0164062 0.0486111 0.486133
4 0.45 0.106944 0.015625 0.05 0.505801
4 0.397266 0.05625 0.0179687 0.0986111 0.512597
10 0.526953 0.759028 0.0335938 0.131944 0.519397
10 0.396875 0.354167 0.015625 0.0555556 0.540889
8 0.586328 0.808333 0.0398437 0.147222 0.557146
4 0.560547 0.107639 0.0148437 0.0486111 0.704923
4 0.396094 0.109722 0.015625 0.0472222 0.759746
4 0.423438 0.107639 0.015625 0.0513889 0.790164
4 0.5875 0.109722 0.015625 0.05 0.790285
4 0.533203 0.111806 0.0148437 0.0541667 0.805782
