7 0.610547 0.795833 0.0382813 0.122222 0.259006
3 0.838672 0.590278 0.0570313 0.138889 0.271105
10 0.416797 0.0166667 0.0164062 0.0333333 0.279869
6 0.896875 0.895833 0.0359375 0.0555556 0.281935
4 0.50625 0.213194 0.015625 0.0625 0.288079
10 0.505859 0.252778 0.0148437 0.0416667 0.291227
11 0.609766 0.794444 0.0382813 0.125 0.291411
4 0.745703 0.919444 0.0210938 0.05 0.301147
6 0.978125 0.0444444 0.0390625 0.0638889 0.304077
3 0.45 0.154861 0.01875 0.0458333 0.314971
1 0.642969 0.0319444 0.040625 0.0527778 0.316711
10 0.476953 0.379167 0.0179687 0.075 0.324725
10 0.561328 0.354861 0.0148437 0.0513889 0.33246
10 0.396875 0.354861 0.015625 0.0541667 0.341488
10 0.423828 0.357639 0.0132813 0.0458333 0.34256
10 0.423047 0.201389 0.0148437 0.0472222 0.344294
10 0.533984 0.35625 0.0148437 0.0458333 0.345282
4 0.944531 0.93125 0.0234375 0.0458333 0.352109
10 0.396484 0.0444444 0.0179687 0.0611111 0.375257
11 0.641406 0.727778 0.040625 0.133333 0.408798
10 0.419141 0.706944 0.0382813 0.133333 0.410977
4 0.396875 0.0604167 0.0171875 0.104167 0.421063
1 0.642969 0.0819444 0.040625 0.113889 0.425824
1 0.450391 0.156944 0.0179687 0.0444444 0.43133
1 0.839844 0.599306 0.0546875 0.173611 0.463299
7 0.320312 0.611111 0.0625 0.194444 0.527487
4 0.533203 0.113194 0.0164062 0.0486111 0.552537
4 0.45 0.1125 0.015625 0.05 0.581494
1 0.532812 0.149306 0.01875 0.0569444 0.606147
4 0.396094 0.111806 0.015625 0.0486111 0.768041
4 0.587891 0.109028 0.0164062 0.0486111 0.774136
4 0.560938 0.110417 0.015625 0.0458333 0.812264
4 0.423438 0.108333 0.015625 0.0472222 0.830587
4 0.477734 0.109722 0.0164062 0.05 0.874977
