4 0.410937 0.0201389 0.015625 0.0375 0.265864
4 0.745313 0.920833 0.0203125 0.05 0.283207
1 0.757422 0.0895833 0.0226563 0.106944 0.298683
4 0.560156 0.0569444 0.01875 0.0444444 0.310274
4 0.450391 0.0611111 0.0148437 0.0555556 0.344519
1 0.821094 0.590972 0.053125 0.118056 0.370195
4 0.417969 0.0194444 0.0171875 0.0333333 0.381056
4 0.683984 0.0284722 0.0195312 0.0458333 0.388696
8 0.590234 0.811806 0.0429688 0.154167 0.46316
10 0.397266 0.355556 0.0148437 0.05 0.507458
4 0.396875 0.04375 0.0171875 0.0625 0.583479
4 0.451953 0.157639 0.0164062 0.0486111 0.59619
4 0.450391 0.107639 0.0148437 0.0486111 0.636031
4 0.533203 0.110417 0.0148437 0.0569444 0.640722
4 0.560938 0.107639 0.015625 0.0513889 0.687045
1 0.533984 0.13125 0.0179687 0.0847222 0.698838
10 0.530469 0.779167 0.0296875 0.0888889 0.701079
4 0.423828 0.106944 0.0148437 0.05 0.78219
4 0.396484 0.110417 0.0148437 0.0458333 0.797811
4 0.587891 0.109028 0.0164062 0.0513889 0.809537
