3 0.506641 0.0576389 0.0179687 0.0486111 0.257325
4 0.423828 0.20625 0.0148437 0.0458333 0.258517
10 0.396875 0.354861 0.015625 0.0513889 0.275402
3 0.0730469 0.115972 0.0820312 0.231944 0.280619
10 0.521094 0.7125 0.0296875 0.0916667 0.291306
4 0.50625 0.0576389 0.01875 0.0486111 0.30291
10 0.61875 0.754861 0.0328125 0.131944 0.323215
9 0.405859 0.689583 0.0414063 0.140278 0.331553
1 0.478125 0.201389 0.0171875 0.0472222 0.356202
10 0.555078 0.6875 0.0257812 0.0777778 0.357131
11 0.617578 0.754167 0.0335938 0.136111 0.362748
4 0.944922 0.932639 0.0257812 0.0430556 0.386449
6 0.722656 0.0256944 0.03125 0.0458333 0.394298
1 0.977734 0.290278 0.0445312 0.161111 0.42491
4 0.451172 0.160417 0.0148437 0.0486111 0.560894
11 0.490234 0.755556 0.0351562 0.127778 0.675902
4 0.450781 0.109028 0.0140625 0.0513889 0.677641
8 0.589844 0.808333 0.04375 0.152778 0.69462
4 0.560938 0.106944 0.015625 0.05 0.704873
4 0.844531 0.885417 0.0265625 0.0402778 0.72927
4 0.396484 0.109722 0.0148437 0.0527778 0.792272
4 0.5875 0.109028 0.015625 0.0486111 0.820641
4 0.533594 0.109028 0.015625 0.0486111 0.880541
