10 0.506641 0.252778 0.0132813 0.0472222 0.277515
4 0.752344 0.91875 0.0203125 0.0486111 0.280175
4 0.425391 0.0201389 0.0210938 0.0263889 0.289656
10 0.424219 0.359028 0.0125 0.0486111 0.331728
1 0.478125 0.0555556 0.01875 0.0305556 0.353069
3 0.967578 0.121528 0.0492188 0.173611 0.362124
8 0.478125 0.376389 0.0203125 0.0833333 0.362299
4 0.449609 0.0604167 0.0148437 0.0458333 0.369326
1 0.505469 0.0618056 0.01875 0.0375 0.40945
4 0.944922 0.931944 0.0242187 0.0444444 0.420407
4 0.396875 0.0555556 0.01875 0.05 0.441527
1 0.533594 0.131944 0.0171875 0.0861111 0.456372
4 0.683203 0.0284722 0.0164062 0.0458333 0.503129
4 0.478125 0.0548611 0.01875 0.0347222 0.523647
10 0.50625 0.203472 0.0140625 0.0375 0.538167
4 0.844531 0.884722 0.025 0.0388889 0.556739
4 0.50625 0.0611111 0.01875 0.0416667 0.559942
1 0.832031 0.602083 0.0546875 0.165278 0.565589
11 0.645703 0.729861 0.0445312 0.140278 0.571174
4 0.560547 0.05625 0.0195312 0.0430556 0.590653
10 0.528516 0.773611 0.0320312 0.0972222 0.609194
4 0.451172 0.156944 0.0148437 0.05 0.665308
4 0.533594 0.122222 0.015625 0.0694444 0.708832
4 0.450391 0.107639 0.0148437 0.0486111 0.712519
4 0.560547 0.108333 0.0148437 0.05 0.744418
10 0.516797 0.661806 0.0320312 0.115278 0.761815
4 0.587109 0.110417 0.0148437 0.0541667 0.773662
4 0.423828 0.106944 0.0148437 0.05 0.797777
4 0.396875 0.110417 0.0140625 0.0486111 0.800512
8 0.589844 0.807639 0.0421875 0.148611 0.809741
