1 0.191797 0.940278 0.0695312 0.119444 0.272729
4 0.50625 0.0611111 0.01875 0.0472222 0.291709
3 0.505859 0.0604167 0.0179687 0.0458333 0.341751
4 0.844922 0.885417 0.0257812 0.0402778 0.354023
4 0.560156 0.0590278 0.01875 0.0458333 0.36315
4 0.423438 0.20625 0.0125 0.0430556 0.368689
4 0.451172 0.15625 0.0148437 0.0486111 0.431314
10 0.397266 0.353472 0.0148437 0.0513889 0.437929
10 0.604688 0.709722 0.034375 0.138889 0.459829
3 0.657812 0.252778 0.0671875 0.177778 0.560985
11 0.491797 0.759722 0.0335938 0.125 0.657047
10 0.469531 0.645139 0.028125 0.0791667 0.674646
8 0.591016 0.808333 0.0445312 0.152778 0.688837
4 0.450391 0.109722 0.0148437 0.05 0.73085
4 0.560938 0.107639 0.015625 0.0486111 0.74857
4 0.395703 0.158333 0.0148437 0.0527778 0.823441
4 0.5875 0.110417 0.015625 0.0486111 0.832425
4 0.533594 0.109722 0.015625 0.0472222 0.880398
