10 0.553906 0.686111 0.0234375 0.0833333 0.25297
2 0.664453 0.253472 0.0632813 0.170833 0.254707
4 0.560156 0.0583333 0.01875 0.0472222 0.25897
1 0.844922 0.884722 0.0257812 0.0388889 0.26646
4 0.418359 0.01875 0.0164062 0.0319444 0.297201
4 0.944141 0.932639 0.0242187 0.0402778 0.30185
1 0.473047 0.0201389 0.0195312 0.0291667 0.309525
3 0.508203 0.351389 0.0210938 0.0472222 0.319066
1 0.766016 0.0881944 0.0398437 0.156944 0.32492
10 0.419922 0.0180556 0.0164062 0.0361111 0.328511
4 0.746484 0.920139 0.0210938 0.0513889 0.346569
1 0.477734 0.201389 0.0164062 0.0472222 0.358185
10 0.520312 0.713194 0.0265625 0.0930556 0.365508
1 0.808203 0.599306 0.0648438 0.176389 0.409974
3 0.769922 0.0895833 0.0414063 0.154167 0.427209
4 0.396875 0.0569444 0.015625 0.0972222 0.463221
4 0.423828 0.206944 0.0148437 0.0472222 0.515396
6 0.724219 0.0236111 0.03125 0.0416667 0.594443
11 0.489844 0.753472 0.0359375 0.131944 0.701334
4 0.560547 0.106944 0.0164062 0.05 0.729774
4 0.451172 0.160417 0.0148437 0.0486111 0.744509
4 0.450391 0.109028 0.0148437 0.0486111 0.765298
8 0.589063 0.803472 0.04375 0.156944 0.81279
4 0.395703 0.109722 0.0148437 0.0472222 0.812987
4 0.587891 0.109722 0.0164062 0.05 0.833991
4 0.533984 0.109028 0.0148437 0.0486111 0.860301
