11 0.451172 0.745833 0.0335938 0.125 0.265895
10 0.533984 0.359028 0.0148437 0.0430556 0.276601
9 0.288281 0.356944 0.0609375 0.180556 0.280087
11 0.269141 0.896528 0.0585938 0.159722 0.286211
8 0.591406 0.8125 0.040625 0.152778 0.292657
3 0.508203 0.354167 0.0195312 0.0472222 0.295672
1 0.476953 0.203472 0.0148437 0.0430556 0.309066
11 0.590234 0.809722 0.0414063 0.147222 0.375875
4 0.559766 0.05625 0.0195312 0.0430556 0.449881
4 0.397656 0.0569444 0.015625 0.0972222 0.450454
4 0.844531 0.884722 0.025 0.0388889 0.520148
10 0.397266 0.354167 0.0148437 0.0472222 0.580463
4 0.451172 0.161111 0.0148437 0.0444444 0.687191
4 0.560938 0.109028 0.015625 0.0486111 0.721717
11 0.489453 0.753472 0.0335938 0.120833 0.77407
4 0.396875 0.111806 0.0140625 0.0486111 0.785371
4 0.450391 0.108333 0.0148437 0.0444444 0.789903
4 0.423828 0.107639 0.0148437 0.0486111 0.800639
4 0.5875 0.109028 0.015625 0.0486111 0.818353
4 0.533594 0.109028 0.0140625 0.0486111 0.838509
