6 0.759375 0.0444444 0.0203125 0.0888889 0.251076
4 0.449609 0.0611111 0.0148437 0.0555556 0.262735
4 0.684375 0.0284722 0.01875 0.0486111 0.277409
4 0.751953 0.91875 0.0195312 0.0486111 0.318679
4 0.945312 0.931944 0.0234375 0.0444444 0.320394
3 0.758594 0.0576389 0.0203125 0.0930556 0.335978
10 0.00898437 0.245833 0.0164062 0.163889 0.339402
11 0.587891 0.805556 0.0476562 0.147222 0.353989
4 0.559766 0.0583333 0.0195312 0.0444444 0.367105
10 0.476953 0.376389 0.0195312 0.0805556 0.388947
3 0.967969 0.123611 0.05 0.172222 0.416181
1 0.476562 0.0451389 0.01875 0.0541667 0.425604
11 0.645703 0.728472 0.0460938 0.143056 0.490218
10 0.528516 0.775694 0.0320312 0.0930556 0.500454
4 0.396484 0.0611111 0.0179687 0.05 0.533674
4 0.844531 0.884028 0.025 0.0375 0.550381
1 0.833984 0.601389 0.0554687 0.152778 0.582964
4 0.506641 0.0576389 0.0179687 0.0486111 0.622633
1 0.533984 0.129861 0.0179687 0.0819444 0.646571
4 0.560547 0.107639 0.0148437 0.0486111 0.653288
4 0.533594 0.111806 0.015625 0.0541667 0.658831
4 0.396875 0.111111 0.0125 0.0472222 0.671107
10 0.51875 0.6625 0.0328125 0.113889 0.729718
4 0.450781 0.157639 0.015625 0.0486111 0.738445
8 0.589844 0.806944 0.04375 0.15 0.761596
4 0.5875 0.109028 0.015625 0.0513889 0.781823
4 0.45 0.108333 0.015625 0.0472222 0.788775
4 0.423828 0.107639 0.0148437 0.0486111 0.834266
