8 0.477344 0.377083 0.01875 0.0791667 0.258557
3 0.981641 0.283333 0.0367187 0.183333 0.268428
4 0.746094 0.920139 0.0203125 0.0486111 0.27697
6 0.896094 0.895139 0.0359375 0.0569444 0.27886
4 0.533203 0.134722 0.0179687 0.0861111 0.305275
4 0.397656 0.0701389 0.015625 0.106944 0.320609
1 0.450781 0.156944 0.01875 0.0444444 0.320747
4 0.942187 0.929861 0.025 0.0486111 0.324178
10 0.397266 0.354167 0.0148437 0.0583333 0.375994
6 0.624609 0.0222222 0.0195312 0.0388889 0.379772
4 0.505859 0.0458333 0.0164062 0.0583333 0.402488
4 0.589453 0.0479167 0.0179687 0.0541667 0.437492
1 0.839063 0.603472 0.05625 0.173611 0.448113
3 0.450781 0.154861 0.01875 0.0458333 0.566538
1 0.533203 0.150694 0.0179687 0.0569444 0.600011
10 0.477734 0.376389 0.0195312 0.0777778 0.620418
4 0.533203 0.1125 0.0148437 0.05 0.629926
4 0.450391 0.113194 0.0148437 0.0513889 0.653438
1 0.961328 0.101389 0.0554687 0.172222 0.716912
10 0.533984 0.384028 0.0195312 0.0708333 0.792994
4 0.587891 0.109028 0.0164062 0.0486111 0.806375
4 0.560938 0.110417 0.015625 0.0458333 0.823468
4 0.423438 0.108333 0.015625 0.0472222 0.824566
4 0.396094 0.109722 0.015625 0.0472222 0.83039
4 0.477734 0.109722 0.0164062 0.05 0.871063
