3 0.649609 0.24375 0.0539063 0.195833 0.267028
10 0.449609 0.347917 0.0179687 0.0513889 0.267849
11 0.241797 0.888889 0.0664062 0.169444 0.276161
4 0.944922 0.932639 0.0257812 0.0430556 0.298171
3 0.767187 0.172222 0.0515625 0.188889 0.359769
4 0.844922 0.884722 0.0257812 0.0388889 0.36911
10 0.21875 0.356944 0.0203125 0.0833333 0.388319
1 0.65 0.243056 0.0546875 0.186111 0.389086
10 0.469141 0.645139 0.0273438 0.0819444 0.395774
4 0.423438 0.205556 0.0125 0.0444444 0.426254
10 0.605078 0.699306 0.0304688 0.126389 0.438404
10 0.397266 0.352778 0.0164062 0.05 0.499593
10 0.436719 0.704167 0.0390625 0.130556 0.501523
4 0.505078 0.0597222 0.0179687 0.0472222 0.584041
3 0.770703 0.0708333 0.0382813 0.130556 0.603511
11 0.591406 0.804861 0.046875 0.156944 0.677948
11 0.651172 0.725694 0.0320312 0.0958333 0.687514
4 0.560156 0.107639 0.015625 0.0486111 0.719386
4 0.450391 0.107639 0.0132813 0.0486111 0.740552
4 0.586719 0.109028 0.015625 0.0513889 0.748152
4 0.451172 0.157639 0.0148437 0.0486111 0.7641
4 0.395703 0.158333 0.0148437 0.0527778 0.823425
4 0.533203 0.109028 0.0164062 0.0486111 0.869773
