4 0.751562 0.91875 0.0203125 0.0486111 0.271984
1 0.961328 0.104861 0.0570313 0.176389 0.292572
1 0.560547 0.104167 0.0179687 0.0555556 0.325674
3 0.827734 0.588889 0.0570313 0.141667 0.330818
4 0.397266 0.0604167 0.0164062 0.1125 0.371591
10 0.423828 0.379861 0.0179687 0.0875 0.38229
2 0.6625 0.255556 0.071875 0.172222 0.396927
10 0.478125 0.376389 0.0203125 0.0888889 0.418991
4 0.587891 0.0569444 0.0179687 0.0444444 0.461896
1 0.825781 0.583333 0.0578125 0.166667 0.528063
8 0.478516 0.378472 0.0226563 0.0902778 0.571073
3 0.661719 0.255556 0.06875 0.175 0.577634
10 0.533984 0.381944 0.0226563 0.0833333 0.732431
4 0.505469 0.1125 0.01875 0.0444444 0.778146
4 0.560547 0.109722 0.0164062 0.05 0.778465
4 0.5875 0.109722 0.0171875 0.05 0.793417
4 0.450391 0.107639 0.0179687 0.0486111 0.814968
4 0.396094 0.110417 0.0171875 0.0458333 0.816904
4 0.423047 0.109028 0.0179687 0.0513889 0.82929
4 0.533594 0.111111 0.0171875 0.0472222 0.841539
4 0.476953 0.1125 0.0179687 0.0472222 0.865409
