7 0.454688 0.732639 0.0421875 0.165278 0.2537
4 0.397656 0.08125 0.015625 0.0958333 0.256112
4 0.412109 0.01875 0.0164062 0.0347222 0.256363
4 0.560156 0.0576389 0.01875 0.0458333 0.270901
1 0.114453 0.950694 0.0601562 0.0986111 0.272048
4 0.396875 0.0527778 0.0171875 0.0611111 0.275429
8 0.595703 0.809722 0.0445312 0.158333 0.291543
10 0.424219 0.358333 0.0140625 0.0416667 0.316564
3 0.653906 0.245139 0.0640625 0.193056 0.325872
11 0.249609 0.881944 0.0648438 0.177778 0.330175
1 0.533984 0.121528 0.0164062 0.0708333 0.3366
3 0.976172 0.29375 0.0445312 0.156944 0.360306
3 0.507812 0.35625 0.0203125 0.0458333 0.366899
10 0.58125 0.708333 0.0328125 0.102778 0.381822
4 0.764063 0.0291667 0.0171875 0.0555556 0.388681
7 0.494531 0.75625 0.0375 0.129167 0.413984
11 0.534375 0.770833 0.034375 0.111111 0.419793
10 0.533984 0.358333 0.0148437 0.0416667 0.421931
4 0.534375 0.203472 0.015625 0.0486111 0.454907
10 0.221484 0.358333 0.0242187 0.0861111 0.455613
10 0.397656 0.355556 0.015625 0.05 0.459823
9 0.406641 0.695833 0.0398437 0.15 0.462611
11 0.59375 0.808333 0.0453125 0.15 0.471767
4 0.419141 0.0194444 0.0164062 0.0361111 0.481588
4 0.451953 0.158333 0.0164062 0.0472222 0.677855
4 0.560938 0.107639 0.015625 0.0486111 0.698051
4 0.450391 0.107639 0.0148437 0.0458333 0.765027
4 0.423438 0.106944 0.015625 0.0527778 0.778111
4 0.5875 0.109028 0.015625 0.0486111 0.789551
4 0.844531 0.884722 0.025 0.0388889 0.79052
4 0.396484 0.111111 0.0148437 0.05 0.792907
11 0.494922 0.756944 0.0351562 0.133333 0.815998
4 0.533594 0.109722 0.0140625 0.0527778 0.826161
