11 0.714453 0.0354167 0.0539063 0.0708333 0.254866
1 0.971094 0.0847222 0.05 0.147222 0.259825
1 0.658984 0.247917 0.0648438 0.181944 0.266593
6 0.896875 0.895139 0.0359375 0.0569444 0.272066
10 0.418359 0.0173611 0.0164062 0.0347222 0.276789
10 0.0105469 0.243056 0.0195312 0.169444 0.283048
4 0.587891 0.0576389 0.0179687 0.0458333 0.294465
1 0.764063 0.163889 0.040625 0.147222 0.295399
9 0.416797 0.713889 0.0445312 0.152778 0.299543
10 0.505859 0.253472 0.0148437 0.0402778 0.299905
4 0.745703 0.920139 0.0210938 0.0486111 0.302003
11 0.323047 0.613194 0.0585938 0.179167 0.305969
10 0.422656 0.201389 0.0140625 0.0472222 0.3178
4 0.50625 0.211806 0.015625 0.0597222 0.323436
10 0.476953 0.379861 0.0179687 0.0736111 0.325367
3 0.45 0.154861 0.01875 0.0458333 0.330644
10 0.560938 0.354167 0.015625 0.0527778 0.340911
4 0.944531 0.93125 0.0234375 0.0458333 0.343976
10 0.396484 0.04375 0.0179687 0.0597222 0.360156
10 0.533984 0.35625 0.0148437 0.0458333 0.365319
10 0.423828 0.35625 0.0148437 0.0513889 0.368255
6 0.975781 0.0430556 0.0421875 0.0638889 0.383462
1 0.450391 0.156944 0.0179687 0.0444444 0.402485
7 0.323047 0.613889 0.0664062 0.191667 0.446344
4 0.396875 0.0597222 0.0171875 0.102778 0.460614
10 0.396875 0.354861 0.015625 0.0541667 0.466981
1 0.841016 0.604167 0.0539063 0.172222 0.49099
4 0.533594 0.113194 0.015625 0.0486111 0.572289
4 0.45 0.113194 0.015625 0.0513889 0.595771
1 0.533203 0.133333 0.0179687 0.075 0.596753
4 0.396094 0.110417 0.015625 0.0458333 0.796583
4 0.587891 0.109028 0.0164062 0.0486111 0.809292
4 0.423438 0.107639 0.015625 0.0486111 0.826541
4 0.561328 0.110417 0.0148437 0.0458333 0.840084
4 0.477734 0.109722 0.0164062 0.05 0.881231
