11 0.532422 0.774306 0.0335938 0.104167 0.280508
3 0.507422 0.355556 0.0195312 0.0472222 0.295958
10 0.532812 0.776389 0.03125 0.0972222 0.313046
4 0.533203 0.203472 0.0148437 0.0486111 0.33065
12 0.407031 0.681944 0.040625 0.144444 0.339007
10 0.0109375 0.246528 0.0203125 0.1625 0.352771
10 0.423438 0.356944 0.0140625 0.0416667 0.361414
9 0.404297 0.691667 0.0414063 0.152778 0.392761
4 0.844922 0.883333 0.0242187 0.0388889 0.404589
4 0.396875 0.0402778 0.01875 0.0666667 0.415208
4 0.451172 0.156944 0.0164062 0.0472222 0.461496
4 0.560156 0.05625 0.01875 0.0430556 0.528635
1 0.533594 0.124306 0.0171875 0.0736111 0.547226
11 0.591797 0.809722 0.0445312 0.15 0.574114
10 0.396875 0.354167 0.015625 0.05 0.588962
3 0.978125 0.286806 0.0421875 0.168056 0.676351
11 0.492188 0.757639 0.0328125 0.123611 0.693129
4 0.45 0.108333 0.0140625 0.0472222 0.722962
4 0.560547 0.106944 0.0148437 0.05 0.737048
4 0.533203 0.109722 0.0148437 0.0527778 0.749751
4 0.5875 0.108333 0.015625 0.05 0.814899
4 0.396094 0.111806 0.0140625 0.0486111 0.818691
4 0.423047 0.107639 0.0148437 0.0513889 0.823923
