6 0.758984 0.0451389 0.0210938 0.0875 0.250471
10 0.424219 0.357639 0.0140625 0.0430556 0.250537
10 0.417578 0.0180556 0.0164062 0.0361111 0.254095
1 0.970703 0.275694 0.0507812 0.156944 0.26812
4 0.842188 0.884722 0.0234375 0.0333333 0.281709
4 0.944922 0.931944 0.0242187 0.0444444 0.298099
3 0.974219 0.267361 0.0453125 0.134722 0.309801
1 0.758594 0.08125 0.0234375 0.109722 0.324078
4 0.45 0.0618056 0.015625 0.0569444 0.365943
3 0.843359 0.597222 0.0585938 0.147222 0.369553
8 0.589453 0.810417 0.0429688 0.148611 0.408275
4 0.397656 0.0583333 0.0171875 0.102778 0.409946
4 0.683203 0.0291667 0.0179687 0.05 0.427723
4 0.451562 0.157639 0.0171875 0.0486111 0.487124
10 0.396875 0.354861 0.015625 0.0513889 0.535409
10 0.530469 0.779861 0.03125 0.0902778 0.559611
4 0.45 0.108333 0.015625 0.05 0.623759
4 0.533203 0.110417 0.0148437 0.0569444 0.632137
4 0.560547 0.107639 0.0148437 0.0513889 0.657351
1 0.533594 0.131944 0.01875 0.0861111 0.713485
1 0.844922 0.598611 0.0554687 0.158333 0.758024
4 0.587891 0.108333 0.0164062 0.05 0.78226
4 0.396094 0.111111 0.015625 0.0472222 0.784198
4 0.423438 0.108333 0.015625 0.05 0.815199
