4 0.410937 0.01875 0.015625 0.0375 0.254677
3 0.508203 0.354861 0.0195312 0.0458333 0.256622
11 0.528125 0.778472 0.03125 0.0986111 0.258631
4 0.746094 0.919444 0.021875 0.05 0.263092
4 0.533594 0.202778 0.015625 0.0527778 0.296763
1 0.533984 0.122222 0.0164062 0.0694444 0.29837
4 0.416406 0.01875 0.015625 0.0319444 0.300331
4 0.560156 0.0569444 0.01875 0.0444444 0.306198
1 0.756641 0.0888889 0.0242187 0.108333 0.310544
10 0.396875 0.354861 0.015625 0.0513889 0.461682
4 0.397656 0.0395833 0.01875 0.0680556 0.500931
11 0.587891 0.809028 0.0445312 0.151389 0.593402
4 0.451953 0.157639 0.0164062 0.0458333 0.642144
4 0.450391 0.107639 0.0148437 0.0458333 0.704306
4 0.560938 0.106944 0.015625 0.05 0.710693
11 0.488281 0.755556 0.0375 0.127778 0.747068
10 0.528906 0.778472 0.0296875 0.0930556 0.774877
4 0.396484 0.109722 0.0148437 0.0472222 0.775128
4 0.423828 0.106944 0.0148437 0.05 0.778968
4 0.533203 0.109722 0.0148437 0.0527778 0.78503
1 0.825781 0.594444 0.0515625 0.133333 0.78657
4 0.587891 0.108333 0.0164062 0.05 0.811579
