4 0.505469 0.0597222 0.01875 0.0472222 0.295834
4 0.845703 0.8875 0.0273438 0.0444444 0.309308
4 0.450781 0.15625 0.0140625 0.0486111 0.385478
10 0.605469 0.710417 0.034375 0.140278 0.38783
4 0.423047 0.209722 0.0148437 0.0583333 0.405362
10 0.396484 0.354861 0.0148437 0.0486111 0.497319
8 0.591016 0.809028 0.0460938 0.154167 0.50355
11 0.491797 0.759722 0.0351562 0.127778 0.541792
10 0.469531 0.647222 0.028125 0.0833333 0.644349
4 0.560547 0.106944 0.0164062 0.0472222 0.696876
4 0.45 0.109722 0.0140625 0.05 0.698408
4 0.5875 0.108333 0.0171875 0.0472222 0.77434
4 0.395703 0.159028 0.0148437 0.0513889 0.804838
4 0.533594 0.109028 0.015625 0.0458333 0.869558
