2 0.658594 0.251389 0.0640625 0.180556 0.258193
4 0.945312 0.932639 0.025 0.0430556 0.259494
11 0.644922 0.719444 0.0335938 0.113889 0.29808
6 0.717578 0.0277778 0.0335938 0.0472222 0.298881
3 0.772266 0.0923611 0.0429688 0.1625 0.315807
10 0.423828 0.358333 0.0132813 0.0472222 0.318127
4 0.678516 0.0256944 0.0179687 0.0430556 0.332677
3 0.532812 0.151389 0.0203125 0.0555556 0.352085
4 0.450391 0.0611111 0.0148437 0.0555556 0.353389
4 0.533594 0.134722 0.01875 0.0916667 0.363926
4 0.415625 0.01875 0.0171875 0.0375 0.439053
10 0.527734 0.778472 0.0289063 0.0902778 0.469286
10 0.396875 0.354167 0.015625 0.0555556 0.486486
1 0.533594 0.13125 0.01875 0.0819444 0.5174
4 0.396484 0.04375 0.0195312 0.0736111 0.521586
4 0.505859 0.0569444 0.0195312 0.0583333 0.535626
11 0.585547 0.807639 0.0445312 0.148611 0.548668
4 0.844922 0.883333 0.0257812 0.0388889 0.597232
4 0.450781 0.158333 0.0171875 0.05 0.6112
7 0.644922 0.71875 0.0335938 0.106944 0.641887
4 0.450391 0.109028 0.0164062 0.0513889 0.675404
4 0.560547 0.108333 0.0164062 0.0527778 0.712492
4 0.533203 0.111806 0.0164062 0.0541667 0.785595
4 0.5875 0.109028 0.0171875 0.0513889 0.800705
4 0.395703 0.110417 0.0164062 0.0486111 0.825127
4 0.423438 0.109028 0.015625 0.0513889 0.832091
