3 0.758984 0.0673611 0.0210938 0.101389 0.261014
11 0.59375 0.804167 0.046875 0.152778 0.263223
4 0.559766 0.0590278 0.0179687 0.0458333 0.26757
4 0.846094 0.891667 0.0296875 0.0555556 0.268434
4 0.423438 0.20625 0.0125 0.0430556 0.29506
1 0.534766 0.204861 0.0179687 0.0513889 0.295717
4 0.451172 0.15625 0.0148437 0.0486111 0.368301
10 0.603125 0.706944 0.0328125 0.133333 0.404688
3 0.505859 0.0597222 0.0179687 0.0444444 0.425772
10 0.396875 0.354167 0.015625 0.0527778 0.466844
11 0.491797 0.761111 0.0320312 0.119444 0.51026
3 0.652344 0.2625 0.05625 0.158333 0.547385
11 0.230078 0.884028 0.0585938 0.176389 0.554357
8 0.591016 0.808333 0.0460938 0.155556 0.663194
4 0.45 0.110417 0.0140625 0.0513889 0.697128
4 0.560938 0.108333 0.015625 0.0472222 0.70583
10 0.468359 0.645833 0.0273438 0.0805556 0.740822
4 0.395703 0.158333 0.0148437 0.0527778 0.803
4 0.5875 0.109028 0.015625 0.0486111 0.838099
4 0.533594 0.109722 0.015625 0.0472222 0.883445
