10 0.41875 0.0180556 0.015625 0.0361111 0.270323
4 0.688672 0.0222222 0.0226563 0.0388889 0.275481
8 0.594922 0.805556 0.0460938 0.15 0.297057
1 0.477344 0.0416667 0.01875 0.0638889 0.311814
4 0.449609 0.0604167 0.0148437 0.0541667 0.33768
4 0.521875 0.668056 0.0265625 0.113889 0.360642
4 0.944531 0.931944 0.0234375 0.0444444 0.362416
10 0.477344 0.377778 0.0203125 0.0861111 0.373041
10 0.423438 0.358333 0.0125 0.0472222 0.387833
10 0.50625 0.250694 0.0140625 0.0513889 0.415881
4 0.397266 0.0638889 0.0164062 0.105556 0.43516
10 0.396484 0.354861 0.0148437 0.0541667 0.451372
6 0.724609 0.0256944 0.0335938 0.0430556 0.513745
1 0.824609 0.605556 0.0539063 0.15 0.596422
4 0.532812 0.0458333 0.015625 0.0611111 0.602097
4 0.533203 0.1125 0.0148437 0.0555556 0.613276
1 0.533203 0.130556 0.0179687 0.0805556 0.641422
4 0.560547 0.05625 0.0179687 0.0402778 0.653199
11 0.646875 0.729861 0.0453125 0.143056 0.660641
10 0.505859 0.202778 0.0164062 0.0388889 0.683232
4 0.450781 0.158333 0.015625 0.0472222 0.751937
4 0.45 0.107639 0.015625 0.0486111 0.77112
4 0.560547 0.109028 0.0148437 0.0486111 0.800775
4 0.5875 0.109028 0.015625 0.0486111 0.833248
4 0.396094 0.111806 0.015625 0.0486111 0.838501
4 0.423438 0.108333 0.015625 0.05 0.840468
