11 0.2625 0.891667 0.059375 0.163889 0.289887
4 0.505859 0.0576389 0.0179687 0.0486111 0.301627
4 0.423828 0.20625 0.0148437 0.0458333 0.3145
10 0.520703 0.7125 0.0289063 0.0916667 0.318569
9 0.404687 0.691667 0.0390625 0.136111 0.344321
10 0.61875 0.755556 0.0328125 0.130556 0.350003
1 0.477344 0.201389 0.0171875 0.0472222 0.354575
11 0.617969 0.754861 0.0328125 0.134722 0.390241
4 0.944922 0.932639 0.0257812 0.0430556 0.39741
10 0.554688 0.6875 0.025 0.0777778 0.399106
10 0.396875 0.354167 0.015625 0.05 0.411821
6 0.722656 0.0256944 0.03125 0.0458333 0.45836
1 0.972656 0.290972 0.05 0.179167 0.465303
4 0.450781 0.160417 0.0140625 0.0486111 0.602428
4 0.450391 0.109028 0.0148437 0.0513889 0.701427
4 0.560547 0.106944 0.0164062 0.05 0.710844
8 0.589453 0.807639 0.0429688 0.151389 0.718235
4 0.844922 0.885417 0.0273438 0.0402778 0.732071
11 0.490234 0.754861 0.0351562 0.126389 0.737411
4 0.396094 0.108333 0.015625 0.0527778 0.804543
4 0.5875 0.108333 0.015625 0.05 0.827162
4 0.533594 0.109028 0.015625 0.0486111 0.88175
