9 0.442187 0.61875 0.0296875 0.0986111 0.261511
4 0.397656 0.0638889 0.0171875 0.111111 0.320603
4 0.942578 0.929861 0.0242187 0.0486111 0.331689
9 0.655078 0.715278 0.0414063 0.127778 0.332792
3 0.759375 0.222222 0.0578125 0.147222 0.333056
10 0.506641 0.255556 0.0148437 0.0416667 0.35375
1 0.560156 0.103472 0.0171875 0.0541667 0.355273
3 0.661328 0.245139 0.0664062 0.190278 0.391226
4 0.559766 0.0576389 0.0179687 0.0430556 0.401843
10 0.00976562 0.249306 0.0179687 0.159722 0.404192
6 0.719141 0.0277778 0.0382813 0.05 0.405174
1 0.762109 0.216667 0.0507812 0.158333 0.466743
4 0.587891 0.05625 0.0179687 0.0430556 0.467276
8 0.478125 0.376389 0.021875 0.0833333 0.491229
10 0.423828 0.378472 0.0226563 0.0902778 0.519645
10 0.478125 0.375694 0.0203125 0.0819444 0.528592
2 0.662109 0.25 0.0695312 0.186111 0.545393
4 0.844141 0.884722 0.0226563 0.0388889 0.558283
10 0.533984 0.384028 0.0210938 0.0708333 0.735484
1 0.961328 0.0993056 0.0554687 0.168056 0.737218
4 0.560938 0.109028 0.015625 0.0486111 0.763352
4 0.396484 0.110417 0.0164062 0.0458333 0.816696
4 0.5875 0.109722 0.0171875 0.05 0.830468
4 0.423438 0.109028 0.0171875 0.0513889 0.832212
4 0.450781 0.108333 0.0171875 0.0472222 0.832849
4 0.533594 0.110417 0.015625 0.0486111 0.871098
4 0.477344 0.110417 0.0171875 0.0486111 0.877407
