7 0.649609 0.722222 0.0382813 0.130556 0.26915
4 0.506641 0.213194 0.0148437 0.0652778 0.274719
3 0.195703 0.93125 0.0804688 0.115278 0.287025
4 0.397656 0.0694444 0.0171875 0.105556 0.294711
4 0.746094 0.920833 0.0203125 0.05 0.306286
10 0.505859 0.254167 0.0148437 0.0416667 0.331677
1 0.450391 0.157639 0.0195312 0.0458333 0.358941
10 0.416016 0.0173611 0.0179687 0.0347222 0.366305
4 0.945312 0.931944 0.0234375 0.0444444 0.392586
8 0.477734 0.377083 0.0195312 0.0819444 0.406024
4 0.844141 0.884722 0.0242187 0.0388889 0.465345
3 0.450391 0.155556 0.0195312 0.0472222 0.501655
1 0.841016 0.6125 0.0617188 0.180556 0.524977
1 0.532812 0.150694 0.0171875 0.0541667 0.551137
4 0.45 0.1125 0.015625 0.0527778 0.619344
4 0.533203 0.1125 0.0148437 0.05 0.628695
1 0.961328 0.100694 0.0539063 0.170833 0.646612
10 0.477734 0.375694 0.0195312 0.0791667 0.677637
4 0.396094 0.109722 0.015625 0.0472222 0.769251
4 0.587891 0.109028 0.0164062 0.0486111 0.803005
4 0.423438 0.108333 0.015625 0.05 0.813864
4 0.560938 0.110417 0.015625 0.0458333 0.821258
10 0.533594 0.383333 0.0203125 0.0722222 0.842839
4 0.477344 0.109028 0.0171875 0.0513889 0.872038
