3 0.505469 0.0597222 0.01875 0.0472222 0.256015
4 0.423438 0.213194 0.0140625 0.0680556 0.26394
3 0.655859 0.26875 0.0523437 0.173611 0.326349
4 0.846484 0.892361 0.0304688 0.0569444 0.354104
10 0.397266 0.353472 0.0148437 0.0486111 0.362323
10 0.605469 0.710417 0.034375 0.143056 0.447785
4 0.450781 0.15625 0.0140625 0.0486111 0.451469
11 0.491406 0.760417 0.034375 0.126389 0.506449
8 0.591016 0.809028 0.0445312 0.154167 0.559776
10 0.469141 0.646528 0.0273438 0.0819444 0.681499
4 0.560547 0.107639 0.0164062 0.0486111 0.711426
4 0.45 0.109722 0.0140625 0.05 0.715913
4 0.5875 0.109722 0.015625 0.05 0.800282
4 0.395703 0.159028 0.0148437 0.0513889 0.815005
4 0.533594 0.109722 0.015625 0.0472222 0.877218
