6 0.758594 0.04375 0.0203125 0.0847222 0.261946
10 0.418359 0.0180556 0.0164062 0.0361111 0.262819
10 0.424219 0.357639 0.0140625 0.0430556 0.265001
4 0.944922 0.93125 0.0226563 0.0430556 0.280384
3 0.974609 0.264583 0.0445312 0.134722 0.289862
2 0.844922 0.595833 0.0507812 0.127778 0.353529
4 0.45 0.0618056 0.015625 0.0569444 0.371422
4 0.683594 0.0284722 0.0171875 0.0486111 0.403059
8 0.590625 0.8125 0.0421875 0.155556 0.437104
4 0.397656 0.0569444 0.0171875 0.1 0.440484
3 0.842969 0.598611 0.053125 0.133333 0.450977
10 0.530859 0.779861 0.0304688 0.0930556 0.451202
11 0.589453 0.810417 0.0445312 0.148611 0.482226
4 0.451562 0.157639 0.0171875 0.0486111 0.49489
10 0.397266 0.354861 0.0148437 0.0513889 0.523029
4 0.45 0.108333 0.015625 0.05 0.631364
4 0.533203 0.110417 0.0148437 0.0569444 0.638821
4 0.560547 0.107639 0.0148437 0.0513889 0.674547
1 0.844141 0.599306 0.0523437 0.148611 0.699527
1 0.533594 0.131944 0.01875 0.0861111 0.709912
4 0.587891 0.109028 0.0164062 0.0513889 0.781383
4 0.396094 0.111111 0.015625 0.0472222 0.784601
4 0.423438 0.108333 0.015625 0.05 0.819053
