11 0.590234 0.802778 0.0445312 0.155556 0.276608
4 0.397266 0.0791667 0.0164062 0.102778 0.291464
10 0.424219 0.357639 0.0125 0.0458333 0.293795
4 0.45 0.0847222 0.015625 0.0777778 0.29756
4 0.45 0.0618056 0.0140625 0.0569444 0.299822
4 0.944922 0.931944 0.0242187 0.0444444 0.315634
7 0.398438 0.485417 0.0328125 0.109722 0.336498
4 0.844141 0.884722 0.0257812 0.0388889 0.338005
1 0.476953 0.0458333 0.0179687 0.0555556 0.37895
1 0.50625 0.254861 0.01875 0.0458333 0.418676
4 0.756641 0.0368056 0.0195312 0.0652778 0.425398
4 0.746484 0.920139 0.0195312 0.0486111 0.426538
1 0.960938 0.104167 0.0546875 0.177778 0.437964
7 0.644141 0.725 0.0414063 0.133333 0.456118
1 0.708594 0.114583 0.05 0.190278 0.461335
1 0.65625 0.263889 0.0578125 0.172222 0.462055
1 0.831641 0.613889 0.0554687 0.175 0.561667
4 0.507031 0.0597222 0.0171875 0.05 0.613158
4 0.560938 0.108333 0.015625 0.0472222 0.742804
11 0.641406 0.727778 0.04375 0.138889 0.761763
4 0.451172 0.157639 0.0164062 0.0486111 0.768544
8 0.587109 0.806944 0.0429688 0.15 0.768833
4 0.45 0.108333 0.015625 0.0472222 0.785188
4 0.396094 0.110417 0.015625 0.0458333 0.826508
4 0.587891 0.110417 0.0164062 0.0486111 0.83985
4 0.423438 0.108333 0.015625 0.05 0.84495
4 0.533594 0.110417 0.015625 0.0486111 0.875227
