10 0.00898437 0.245833 0.0164062 0.163889 0.28063
11 0.589063 0.805556 0.046875 0.147222 0.310003
3 0.759375 0.0576389 0.0203125 0.0958333 0.31358
4 0.684766 0.0284722 0.0179687 0.0486111 0.316714
4 0.945312 0.931944 0.0234375 0.0444444 0.336031
4 0.751953 0.91875 0.0195312 0.0486111 0.341817
1 0.477344 0.0479167 0.01875 0.0486111 0.368795
4 0.449609 0.0611111 0.0148437 0.05 0.381486
4 0.559766 0.0583333 0.0195312 0.0444444 0.410391
10 0.477344 0.376389 0.0203125 0.0833333 0.410632
3 0.967969 0.122222 0.05 0.177778 0.461582
10 0.529297 0.774306 0.0320312 0.0958333 0.464285
4 0.844531 0.884028 0.025 0.0375 0.513368
11 0.646875 0.727778 0.0453125 0.141667 0.514386
1 0.533984 0.129861 0.0179687 0.0819444 0.635527
4 0.560547 0.107639 0.0148437 0.0486111 0.651444
4 0.533594 0.111806 0.015625 0.0541667 0.659758
4 0.507031 0.0583333 0.01875 0.0472222 0.659924
1 0.833984 0.601389 0.0554687 0.152778 0.663946
4 0.396875 0.0604167 0.01875 0.0486111 0.734379
4 0.450781 0.157639 0.015625 0.0486111 0.738594
4 0.397266 0.111806 0.0132813 0.0458333 0.741371
10 0.51875 0.6625 0.0328125 0.113889 0.741623
8 0.589844 0.807639 0.04375 0.148611 0.747642
4 0.5875 0.109028 0.015625 0.0513889 0.77588
4 0.45 0.109028 0.015625 0.0458333 0.795284
4 0.423438 0.107639 0.0140625 0.0486111 0.839052
