6 0.00664063 0.19375 0.0117188 0.0986111 0.265186
1 0.476953 0.202778 0.0148437 0.0444444 0.26621
3 0.508203 0.354167 0.0195312 0.0472222 0.284452
3 0.765625 0.0486111 0.028125 0.0888889 0.322291
3 0.777344 0.565278 0.0453125 0.136111 0.326925
1 0.778125 0.558333 0.05 0.138889 0.371991
4 0.559766 0.05625 0.0195312 0.0458333 0.393777
4 0.397266 0.0388889 0.0179687 0.0666667 0.438485
3 0.659375 0.249306 0.0671875 0.184722 0.448047
4 0.844922 0.884722 0.0257812 0.0388889 0.494713
10 0.396875 0.354167 0.015625 0.05 0.535931
11 0.589453 0.809722 0.0429688 0.147222 0.589113
4 0.451172 0.161111 0.0148437 0.0444444 0.662946
11 0.489844 0.753472 0.0359375 0.126389 0.714999
4 0.560547 0.106944 0.0164062 0.05 0.724695
4 0.450391 0.107639 0.0148437 0.0458333 0.780648
4 0.396875 0.110417 0.0140625 0.0486111 0.785752
4 0.423828 0.106944 0.0148437 0.05 0.793871
4 0.5875 0.108333 0.015625 0.05 0.803937
4 0.533594 0.109028 0.0140625 0.0486111 0.860646
