11 0.532812 0.775694 0.0359375 0.115278 0.250668
10 0.533203 0.776389 0.0335938 0.1 0.275271
3 0.507812 0.354861 0.0203125 0.0458333 0.311851
4 0.560547 0.05625 0.0179687 0.0430556 0.317965
4 0.5125 0.0236111 0.0203125 0.0222222 0.327115
9 0.407031 0.688194 0.0453125 0.156944 0.328657
4 0.396875 0.0520833 0.0171875 0.0625 0.337034
4 0.533594 0.204167 0.015625 0.05 0.352654
10 0.423828 0.356944 0.0132813 0.0416667 0.368291
4 0.844922 0.892361 0.0304688 0.0569444 0.406233
1 0.533984 0.122917 0.0164062 0.0708333 0.442548
10 0.397266 0.354167 0.0148437 0.05 0.599182
11 0.592188 0.810417 0.0484375 0.151389 0.613577
11 0.492969 0.758333 0.034375 0.127778 0.626035
4 0.451562 0.157639 0.015625 0.0486111 0.663173
3 0.973437 0.503472 0.0484375 0.170833 0.693599
4 0.560547 0.107639 0.0148437 0.0486111 0.725142
4 0.450391 0.108333 0.0148437 0.0472222 0.748759
4 0.587109 0.111111 0.0148437 0.0527778 0.799357
4 0.396094 0.109722 0.015625 0.0472222 0.803574
4 0.533203 0.109722 0.0148437 0.0527778 0.807643
4 0.423438 0.107639 0.015625 0.0513889 0.810238
