4 0.50625 0.0576389 0.01875 0.0569444 0.256794
4 0.417578 0.0194444 0.0179687 0.0361111 0.260316
1 0.791797 0.565278 0.0601562 0.130556 0.27487
10 0.423438 0.358333 0.0125 0.0472222 0.277365
2 0.657422 0.254167 0.0648438 0.177778 0.280633
3 0.505859 0.254861 0.0179687 0.0458333 0.286816
1 0.958984 0.110417 0.0539063 0.184722 0.305477
3 0.533984 0.153472 0.0195312 0.0458333 0.318017
10 0.414844 0.718056 0.04375 0.155556 0.319573
10 0.231641 0.863889 0.0414063 0.144444 0.345806
3 0.758984 0.0548611 0.0242187 0.104167 0.355281
4 0.397656 0.0576389 0.0171875 0.101389 0.478387
4 0.451172 0.157639 0.0164062 0.0486111 0.492408
4 0.45 0.106944 0.015625 0.05 0.500366
10 0.396875 0.354861 0.015625 0.0569444 0.524323
10 0.527734 0.759028 0.0335938 0.134722 0.525511
11 0.526953 0.759028 0.0335938 0.131944 0.566093
8 0.587109 0.808333 0.0398437 0.147222 0.644726
4 0.560547 0.107639 0.0148437 0.0486111 0.708671
4 0.396094 0.109722 0.015625 0.0472222 0.757844
4 0.423438 0.107639 0.015625 0.0513889 0.79203
4 0.5875 0.109722 0.015625 0.05 0.792885
4 0.533203 0.111806 0.0148437 0.0541667 0.80312
