10 0.398047 0.354167 0.0164062 0.0555556 0.260318
6 0.623438 0.0208333 0.0203125 0.0361111 0.266229
10 0.416406 0.0166667 0.015625 0.0333333 0.270375
4 0.746094 0.920139 0.0203125 0.0486111 0.2818
6 0.896094 0.895139 0.0359375 0.0569444 0.284914
4 0.398047 0.0722222 0.0164062 0.105556 0.28718
4 0.942187 0.929861 0.025 0.0486111 0.320064
3 0.839063 0.592361 0.0578125 0.148611 0.334047
4 0.505859 0.0458333 0.0164062 0.0583333 0.374781
10 0.477344 0.378472 0.0203125 0.0791667 0.392433
1 0.841406 0.594444 0.0546875 0.158333 0.396927
4 0.589453 0.0479167 0.0179687 0.0513889 0.421176
1 0.450781 0.157639 0.01875 0.0430556 0.472421
3 0.450391 0.155556 0.0195312 0.0444444 0.530839
10 0.533203 0.384722 0.0195312 0.0722222 0.57687
4 0.533203 0.113194 0.0148437 0.0486111 0.626232
4 0.450391 0.113194 0.0148437 0.0513889 0.638481
1 0.533203 0.152083 0.0179687 0.0541667 0.666747
1 0.961719 0.102083 0.0546875 0.170833 0.681575
4 0.587891 0.109028 0.0164062 0.0486111 0.815375
4 0.396094 0.109722 0.015625 0.0472222 0.816615
4 0.423438 0.109028 0.015625 0.0486111 0.832441
4 0.560938 0.110417 0.015625 0.0458333 0.833864
4 0.477734 0.109722 0.0164062 0.05 0.863128
