10 0.449609 0.347917 0.0179687 0.0513889 0.251767
1 0.716016 0.509722 0.0445312 0.133333 0.259918
1 0.626562 0.0284722 0.028125 0.0513889 0.270236
6 0.0488281 0.924306 0.0445312 0.1125 0.274543
3 0.649609 0.240972 0.0539063 0.1875 0.27908
11 0.592578 0.804167 0.0476562 0.158333 0.301647
1 0.673437 0.517361 0.0421875 0.134722 0.328083
3 0.978516 0.289583 0.0429688 0.154167 0.329957
3 0.209766 0.0902778 0.0273438 0.125 0.344842
3 0.760156 0.0631944 0.0203125 0.0930556 0.371534
4 0.844922 0.885417 0.0273438 0.0402778 0.371701
11 0.248437 0.883333 0.0640625 0.180556 0.374797
10 0.21875 0.359028 0.0203125 0.0819444 0.410612
4 0.423438 0.204861 0.0125 0.0430556 0.432561
10 0.469141 0.645833 0.0273438 0.0805556 0.434525
1 0.649609 0.236806 0.0507812 0.190278 0.439085
10 0.396875 0.352778 0.015625 0.05 0.506981
10 0.436328 0.704861 0.0382813 0.129167 0.532665
4 0.505078 0.0597222 0.0179687 0.0472222 0.558357
4 0.560156 0.107639 0.015625 0.0486111 0.717717
4 0.45 0.107639 0.0140625 0.0486111 0.741103
8 0.590625 0.807639 0.046875 0.156944 0.741711
4 0.587109 0.109722 0.0148437 0.0527778 0.744637
4 0.451172 0.157639 0.0148437 0.0486111 0.748902
4 0.395703 0.158333 0.0148437 0.0527778 0.821036
4 0.533203 0.109028 0.0164062 0.0486111 0.869219
