11 0.59375 0.802083 0.04375 0.148611 0.255089
4 0.418359 0.0180556 0.0179687 0.0333333 0.26446
10 0.519141 0.669444 0.0257812 0.108333 0.284323
8 0.534766 0.376389 0.0210938 0.0833333 0.293862
10 0.573047 0.714583 0.0304688 0.101389 0.297201
10 0.50625 0.250694 0.0140625 0.0513889 0.30285
4 0.746094 0.920833 0.0203125 0.05 0.307736
4 0.478125 0.0520833 0.0171875 0.0430556 0.321112
10 0.419141 0.0173611 0.0164062 0.0347222 0.327117
10 0.420703 0.691667 0.0320312 0.108333 0.328521
4 0.449609 0.0597222 0.0148437 0.0527778 0.33322
10 0.478125 0.376389 0.0171875 0.075 0.391439
4 0.941797 0.929861 0.0257812 0.0486111 0.3984
4 0.398047 0.0597222 0.0164062 0.102778 0.399638
4 0.844141 0.886111 0.0273438 0.0416667 0.40436
8 0.592578 0.805556 0.0445312 0.15 0.414735
10 0.50625 0.202083 0.015625 0.0402778 0.480082
10 0.424219 0.357639 0.0125 0.0458333 0.500723
4 0.683203 0.0284722 0.0164062 0.0458333 0.562742
4 0.560547 0.0513889 0.0179687 0.0388889 0.572561
4 0.533594 0.123611 0.015625 0.075 0.632514
1 0.533594 0.129861 0.01875 0.0847222 0.637783
1 0.825781 0.597222 0.053125 0.155556 0.676892
11 0.644141 0.729167 0.0445312 0.141667 0.698679
4 0.451562 0.157639 0.015625 0.0486111 0.738117
4 0.45 0.108333 0.015625 0.05 0.741446
4 0.533984 0.0541667 0.0179687 0.0388889 0.759655
4 0.560547 0.108333 0.0148437 0.0527778 0.76054
4 0.396484 0.111806 0.0148437 0.0486111 0.806657
4 0.423438 0.106944 0.015625 0.05 0.818765
4 0.587891 0.108333 0.0164062 0.05 0.825722
