4 0.745703 0.920833 0.0210938 0.0472222 0.265041
1 0.694922 0.0736111 0.0226563 0.0916667 0.278834
4 0.840625 0.884028 0.0265625 0.0375 0.29399
3 0.0972656 0.274306 0.0585938 0.181944 0.308303
1 0.669531 0.0868056 0.03125 0.104167 0.356989
1 0.450391 0.159722 0.0148437 0.0472222 0.378676
1 0.0429688 0.958333 0.034375 0.0583333 0.387615
1 0.968359 0.177083 0.0585938 0.176389 0.39425
6 0.967969 0.172222 0.059375 0.172222 0.459792
10 0.56875 0.627778 0.0234375 0.0861111 0.484571
4 0.451172 0.156944 0.0148437 0.05 0.492983
4 0.559375 0.0569444 0.01875 0.0361111 0.521112
4 0.422656 0.20625 0.0125 0.0430556 0.557496
4 0.560156 0.10625 0.015625 0.0486111 0.653988
10 0.396094 0.353472 0.015625 0.0458333 0.664227
6 0.0253906 0.20625 0.0492188 0.215278 0.737341
4 0.395703 0.159722 0.0148437 0.05 0.802677
4 0.586719 0.109028 0.015625 0.0513889 0.807828
4 0.533594 0.108333 0.0140625 0.0472222 0.846787
