11 0.592969 0.804861 0.046875 0.151389 0.25069
4 0.845703 0.8875 0.0273438 0.0444444 0.300223
1 0.534766 0.204861 0.0164062 0.0486111 0.320935
4 0.505469 0.0611111 0.01875 0.0472222 0.330649
3 0.637109 0.463889 0.0601562 0.188889 0.346633
10 0.605859 0.709722 0.0335938 0.138889 0.356632
4 0.423047 0.209722 0.0148437 0.0583333 0.406103
4 0.450781 0.156944 0.0140625 0.0472222 0.424468
8 0.591016 0.809028 0.0460938 0.154167 0.47977
10 0.396875 0.354861 0.0140625 0.0486111 0.500232
11 0.491797 0.759722 0.0351562 0.127778 0.567464
10 0.469922 0.646528 0.0273438 0.0819444 0.577877
4 0.45 0.109722 0.0140625 0.05 0.739428
4 0.560938 0.108333 0.015625 0.0472222 0.761758
4 0.395703 0.159028 0.0148437 0.0513889 0.808199
4 0.5875 0.109722 0.015625 0.0472222 0.833009
4 0.533594 0.110417 0.015625 0.0458333 0.876187
