11 0.526563 0.772917 0.0328125 0.0958333 0.255336
10 0.50625 0.251389 0.0140625 0.05 0.266534
8 0.478125 0.377083 0.0203125 0.0819444 0.267124
4 0.745703 0.920833 0.0210938 0.05 0.2703
4 0.844531 0.886806 0.0265625 0.0402778 0.338955
4 0.942187 0.930556 0.0265625 0.05 0.345988
11 0.591016 0.804167 0.0429688 0.15 0.346575
4 0.396484 0.05 0.0164062 0.0666667 0.34917
10 0.477734 0.376389 0.0210938 0.0833333 0.366086
10 0.573828 0.711806 0.0320312 0.0902778 0.367822
4 0.45 0.05625 0.015625 0.0458333 0.409463
4 0.683594 0.0277778 0.01875 0.0472222 0.437512
10 0.50625 0.202778 0.015625 0.0388889 0.457796
4 0.478516 0.0541667 0.0179687 0.0333333 0.458241
3 0.970312 0.116667 0.05 0.177778 0.474621
10 0.424219 0.356944 0.0125 0.0444444 0.493961
11 0.640234 0.730556 0.0414063 0.136111 0.5368
4 0.533594 0.122917 0.015625 0.0736111 0.566128
4 0.560938 0.0534722 0.0171875 0.0402778 0.609757
4 0.532812 0.0548611 0.0171875 0.0402778 0.637068
3 0.489453 0.490972 0.0476562 0.118056 0.640675
1 0.533594 0.129167 0.0171875 0.0833333 0.668546
4 0.451172 0.156944 0.0148437 0.0472222 0.674271
4 0.560547 0.108333 0.0148437 0.05 0.714214
4 0.450391 0.107639 0.0148437 0.0486111 0.741954
8 0.589844 0.808333 0.0421875 0.147222 0.74697
4 0.587109 0.109722 0.0148437 0.0527778 0.772734
4 0.423828 0.106944 0.0148437 0.05 0.799281
4 0.396875 0.110417 0.0140625 0.0486111 0.809384
