1 0.192188 0.845139 0.0484375 0.154167 0.256477
8 0.593359 0.807639 0.0445312 0.159722 0.266908
4 0.474219 0.0180556 0.0171875 0.0277778 0.271491
1 0.963281 0.130556 0.0546875 0.194444 0.271803
10 0.410156 0.0201389 0.0171875 0.0375 0.291615
10 0.533594 0.772917 0.03125 0.0986111 0.296043
4 0.844922 0.884722 0.0257812 0.0388889 0.296752
10 0.417188 0.0180556 0.0171875 0.0361111 0.30521
3 0.451172 0.157639 0.0179687 0.0513889 0.35938
9 0.651563 0.718056 0.03125 0.111111 0.365857
3 0.962109 0.134028 0.0554687 0.190278 0.372645
4 0.45 0.0618056 0.015625 0.0625 0.386093
4 0.450781 0.156944 0.0171875 0.05 0.405529
7 0.653516 0.716667 0.0304688 0.108333 0.419689
4 0.396484 0.05 0.0179687 0.0666667 0.481324
4 0.50625 0.0583333 0.0203125 0.0527778 0.593665
10 0.397266 0.353472 0.0164062 0.0541667 0.623857
11 0.592578 0.802083 0.0445312 0.154167 0.643487
1 0.533984 0.129861 0.0195312 0.0819444 0.65256
4 0.45 0.108333 0.015625 0.05 0.688277
4 0.533203 0.1125 0.0164062 0.0555556 0.694988
4 0.560547 0.107639 0.0164062 0.0513889 0.747573
4 0.396094 0.110417 0.015625 0.0486111 0.788193
4 0.5875 0.109028 0.0171875 0.0513889 0.813867
4 0.423438 0.108333 0.015625 0.05 0.841645
