3 0.96875 0.304167 0.05 0.133333 0.26848
1 0.533984 0.204861 0.0195312 0.0569444 0.275457
3 0.508594 0.352083 0.0203125 0.0486111 0.322405
4 0.560156 0.0569444 0.01875 0.05 0.348572
1 0.476953 0.202778 0.0164062 0.0444444 0.35794
10 0.396875 0.354167 0.015625 0.05 0.415965
4 0.397656 0.0402778 0.01875 0.0694444 0.484184
4 0.844922 0.884028 0.0242187 0.0402778 0.56617
3 0.651172 0.25625 0.0539063 0.165278 0.630797
11 0.489453 0.754861 0.0351562 0.129167 0.669814
11 0.589063 0.809722 0.04375 0.15 0.676962
4 0.451172 0.160417 0.0148437 0.0458333 0.696023
4 0.560938 0.106944 0.015625 0.05 0.711288
4 0.45 0.107639 0.0140625 0.0458333 0.775694
4 0.423047 0.107639 0.0148437 0.0486111 0.808444
4 0.396484 0.109722 0.0148437 0.0472222 0.813524
4 0.587109 0.109028 0.0164062 0.0513889 0.817024
4 0.533594 0.109028 0.0140625 0.0486111 0.853592
