4 0.945312 0.932639 0.025 0.0430556 0.268366
4 0.473828 0.01875 0.0179687 0.0263889 0.274201
6 0.716016 0.0277778 0.0289063 0.0444444 0.295845
10 0.423828 0.358333 0.0132813 0.0472222 0.318244
4 0.679297 0.025 0.0179687 0.0416667 0.34085
3 0.772656 0.0909722 0.040625 0.156944 0.344811
4 0.533594 0.135417 0.01875 0.0902778 0.353064
4 0.414844 0.01875 0.0171875 0.0375 0.360262
3 0.533203 0.152083 0.0210938 0.0569444 0.365853
4 0.45 0.0604167 0.015625 0.0541667 0.404896
11 0.644922 0.719444 0.0335938 0.113889 0.448424
4 0.396875 0.0604167 0.0171875 0.106944 0.465396
10 0.396875 0.354167 0.015625 0.0555556 0.466292
10 0.527734 0.777083 0.0289063 0.0902778 0.48551
1 0.533594 0.13125 0.01875 0.0819444 0.517462
11 0.585547 0.807639 0.0445312 0.145833 0.552948
4 0.450781 0.158333 0.0171875 0.05 0.568644
4 0.505859 0.0569444 0.0195312 0.0583333 0.572482
4 0.844922 0.883333 0.0257812 0.0388889 0.624302
4 0.450391 0.109028 0.0164062 0.0513889 0.676062
4 0.560547 0.108333 0.0164062 0.0527778 0.708646
7 0.645312 0.71875 0.0328125 0.106944 0.745324
4 0.533203 0.111806 0.0164062 0.0541667 0.794426
4 0.5875 0.109722 0.0171875 0.0527778 0.794975
4 0.395703 0.109722 0.0164062 0.0472222 0.824466
4 0.423438 0.107639 0.015625 0.0513889 0.830284
