4 0.942969 0.929861 0.0265625 0.0486111 0.255631
9 0.416406 0.713889 0.04375 0.155556 0.273025
6 0.898047 0.892361 0.0382813 0.0513889 0.308799
10 0.41875 0.0173611 0.0171875 0.0347222 0.328296
10 0.50625 0.254861 0.0140625 0.0402778 0.332421
7 0.651953 0.717361 0.0367187 0.126389 0.35949
1 0.560156 0.103472 0.0171875 0.0541667 0.359548
1 0.764453 0.217361 0.0507812 0.165278 0.363197
1 0.450391 0.157639 0.0195312 0.0458333 0.363573
8 0.477734 0.377778 0.0195312 0.0805556 0.446692
4 0.397656 0.0583333 0.0171875 0.0972222 0.468382
4 0.559766 0.0576389 0.0179687 0.0430556 0.492909
4 0.587891 0.05625 0.0179687 0.0430556 0.49687
4 0.505078 0.0472222 0.0164062 0.0583333 0.497032
3 0.661719 0.25 0.06875 0.186111 0.526875
3 0.450391 0.15625 0.0195312 0.0458333 0.535807
10 0.477734 0.376389 0.0195312 0.0777778 0.591477
4 0.45 0.1125 0.015625 0.0527778 0.623534
4 0.843359 0.885417 0.0226563 0.0375 0.646335
1 0.960156 0.1 0.0578125 0.169444 0.703343
4 0.560547 0.109028 0.0148437 0.0486111 0.750843
10 0.533984 0.384722 0.0195312 0.0694444 0.783978
4 0.396094 0.110417 0.015625 0.0458333 0.791477
4 0.587109 0.109722 0.0164062 0.05 0.810591
4 0.423438 0.108333 0.015625 0.05 0.831209
4 0.533594 0.110417 0.015625 0.0486111 0.859338
4 0.477734 0.109028 0.0164062 0.0513889 0.872514
