3 0.720703 0.03125 0.0320312 0.0486111 0.27673
1 0.342969 0.04375 0.0328125 0.0625 0.28112
10 0.620703 0.75625 0.0320312 0.129167 0.28147
4 0.423828 0.222917 0.0164062 0.0847222 0.298762
3 0.758203 0.08125 0.0304688 0.134722 0.30315
4 0.682813 0.025 0.0171875 0.0444444 0.327218
10 0.423438 0.356944 0.0140625 0.0416667 0.336447
3 0.505859 0.0590278 0.0179687 0.0486111 0.394919
10 0.55625 0.686111 0.0265625 0.0805556 0.42225
6 0.723047 0.025 0.0289063 0.0444444 0.450242
6 0.757031 0.0361111 0.021875 0.0666667 0.470558
10 0.520703 0.708333 0.0304688 0.1 0.479007
1 0.477344 0.201389 0.0171875 0.0472222 0.540565
6 0.0511719 0.925694 0.0429688 0.104167 0.545583
1 0.838672 0.570139 0.0539063 0.156944 0.556678
8 0.589453 0.80625 0.0429688 0.151389 0.573799
10 0.396875 0.354167 0.015625 0.0472222 0.593722
11 0.489844 0.753472 0.0359375 0.126389 0.61526
4 0.450391 0.160417 0.0148437 0.0458333 0.679305
4 0.560938 0.106944 0.015625 0.05 0.681746
4 0.45 0.109028 0.0140625 0.0486111 0.757055
4 0.5875 0.109028 0.015625 0.0486111 0.834742
4 0.396484 0.109028 0.0148437 0.0513889 0.846786
4 0.533594 0.109028 0.015625 0.0486111 0.886702
