10 0.396875 0.354861 0.015625 0.0541667 0.268424
10 0.50625 0.253472 0.0140625 0.0402778 0.270636
4 0.506641 0.211111 0.0148437 0.0583333 0.271028
3 0.450391 0.155556 0.0179687 0.0444444 0.288772
11 0.521484 0.664583 0.0335938 0.120833 0.293808
1 0.708594 0.101389 0.05 0.161111 0.300764
3 0.966406 0.113889 0.053125 0.183333 0.310177
11 0.469141 0.6625 0.0351562 0.119444 0.314737
10 0.423828 0.356944 0.0132813 0.0472222 0.323206
4 0.397656 0.0673611 0.015625 0.106944 0.340691
10 0.396875 0.0451389 0.0171875 0.0597222 0.351076
1 0.476172 0.0444444 0.0164062 0.0527778 0.355222
10 0.419531 0.0173611 0.0171875 0.0347222 0.356505
4 0.746094 0.920139 0.021875 0.0541667 0.369804
9 0.417578 0.714583 0.0429688 0.148611 0.38935
4 0.942187 0.930556 0.025 0.0472222 0.419734
10 0.533984 0.355556 0.0148437 0.0472222 0.41982
11 0.641016 0.733333 0.0492188 0.15 0.424499
1 0.450781 0.157639 0.0171875 0.0430556 0.434835
7 0.289844 0.351389 0.0578125 0.186111 0.446796
4 0.84375 0.884028 0.025 0.0375 0.470642
1 0.765234 0.16875 0.0398437 0.126389 0.493636
10 0.476953 0.377778 0.0179687 0.075 0.50613
1 0.968359 0.104861 0.0539063 0.173611 0.516444
4 0.5875 0.0569444 0.0171875 0.0444444 0.561947
4 0.506641 0.0520833 0.0148437 0.0486111 0.576485
4 0.450391 0.111111 0.0148437 0.05 0.634861
1 0.533984 0.129167 0.0179687 0.0805556 0.716292
4 0.560938 0.108333 0.0140625 0.0472222 0.821197
4 0.396484 0.111806 0.0148437 0.0486111 0.82627
4 0.423438 0.107639 0.015625 0.0486111 0.832889
4 0.587891 0.107639 0.0164062 0.0486111 0.854082
4 0.477734 0.108333 0.0164062 0.05 0.871337
