11 0.603125 0.783333 0.0515625 0.175 0.260606
4 0.451562 0.13125 0.015625 0.0819444 0.263003
4 0.944922 0.932639 0.0257812 0.0430556 0.297078
5 0.122266 0.947917 0.0523437 0.104167 0.29749
10 0.423828 0.357639 0.0132813 0.0486111 0.316649
4 0.416016 0.01875 0.0164062 0.0375 0.324174
4 0.450781 0.0611111 0.015625 0.0555556 0.366262
11 0.644922 0.722222 0.0351562 0.116667 0.382199
4 0.845312 0.884722 0.0265625 0.0416667 0.394222
1 0.710547 0.113889 0.0507812 0.186111 0.414298
4 0.50625 0.0576389 0.01875 0.0569444 0.442609
2 0.658203 0.252083 0.0648438 0.179167 0.442849
7 0.646484 0.721528 0.0335938 0.118056 0.464707
4 0.397266 0.0604167 0.0179687 0.106944 0.468501
10 0.397266 0.354167 0.0148437 0.0555556 0.510209
1 0.533594 0.13125 0.01875 0.0819444 0.542008
11 0.586719 0.808333 0.04375 0.147222 0.591358
4 0.451172 0.158333 0.0179687 0.05 0.635686
4 0.450391 0.109028 0.0164062 0.0513889 0.686505
10 0.528516 0.779861 0.0289063 0.0875 0.688556
4 0.560547 0.108333 0.0164062 0.0527778 0.716991
4 0.533203 0.111806 0.0164062 0.0541667 0.782277
4 0.5875 0.109722 0.0171875 0.0527778 0.805961
4 0.395703 0.110417 0.0164062 0.0486111 0.813889
4 0.423438 0.107639 0.015625 0.0513889 0.828869
