4 0.504687 0.0534722 0.015625 0.0458333 0.25395
6 0.896484 0.896528 0.0367187 0.0569444 0.254835
4 0.588672 0.05 0.0179687 0.0527778 0.268451
6 0.844531 0.890278 0.0265625 0.05 0.273545
10 0.415625 0.0173611 0.0171875 0.0347222 0.281871
11 0.647656 0.727778 0.04375 0.138889 0.288888
10 0.423047 0.357639 0.0132813 0.0486111 0.294773
3 0.759766 0.0618056 0.0226563 0.109722 0.303687
4 0.746094 0.920139 0.021875 0.0541667 0.308853
9 0.415625 0.713194 0.0421875 0.151389 0.325871
7 0.610547 0.79375 0.0367187 0.118056 0.333506
3 0.213281 0.138194 0.0546875 0.226389 0.338617
4 0.50625 0.2125 0.015625 0.0611111 0.350071
3 0.193359 0.933333 0.0820312 0.111111 0.350759
8 0.477344 0.377083 0.0203125 0.0819444 0.360623
10 0.505859 0.254861 0.0148437 0.0402778 0.361543
3 0.839063 0.586111 0.0609375 0.158333 0.375319
1 0.760156 0.08125 0.0265625 0.126389 0.386483
4 0.397266 0.0652778 0.0179687 0.105556 0.386735
4 0.944922 0.932639 0.0242187 0.0458333 0.402495
1 0.843359 0.589583 0.0554687 0.168056 0.43485
1 0.45 0.157639 0.01875 0.0458333 0.444703
3 0.45 0.15625 0.01875 0.0458333 0.486177
1 0.533203 0.151389 0.0179687 0.0555556 0.59983
10 0.396484 0.354861 0.0148437 0.0541667 0.603878
4 0.45 0.1125 0.015625 0.0527778 0.633751
4 0.533203 0.1125 0.0148437 0.05 0.658065
1 0.961719 0.0993056 0.05625 0.170833 0.700579
10 0.477734 0.375694 0.0195312 0.0791667 0.753082
4 0.395703 0.110417 0.0164062 0.0458333 0.786393
4 0.587891 0.109028 0.0164062 0.0486111 0.813004
4 0.560938 0.110417 0.015625 0.0458333 0.837663
4 0.423438 0.109028 0.015625 0.0486111 0.838755
10 0.533594 0.382639 0.0203125 0.0736111 0.842891
4 0.477344 0.109028 0.0171875 0.0513889 0.875741
