1 0.475391 0.0194444 0.0210938 0.025 0.250469
10 0.533203 0.775694 0.0320312 0.0986111 0.251259
1 0.970312 0.285417 0.053125 0.168056 0.260164
3 0.507812 0.355556 0.0203125 0.0472222 0.284323
1 0.689062 0.102778 0.059375 0.169444 0.29556
11 0.532422 0.772917 0.0335938 0.106944 0.297761
7 0.492969 0.758333 0.034375 0.119444 0.311524
4 0.533594 0.204167 0.015625 0.05 0.312978
10 0.423438 0.356944 0.0140625 0.0416667 0.341897
4 0.845312 0.883333 0.025 0.0388889 0.345844
9 0.404297 0.69375 0.0414063 0.154167 0.376672
4 0.396875 0.0388889 0.01875 0.0666667 0.419559
4 0.560156 0.0569444 0.01875 0.0444444 0.427344
4 0.451562 0.156944 0.0171875 0.0472222 0.489018
10 0.396875 0.354167 0.015625 0.05 0.543007
1 0.533984 0.124306 0.0164062 0.0736111 0.553665
11 0.591797 0.809722 0.0445312 0.15 0.55991
4 0.560938 0.106944 0.015625 0.05 0.701914
4 0.450391 0.109028 0.0148437 0.0486111 0.724459
11 0.492969 0.757639 0.0328125 0.123611 0.729696
4 0.533203 0.109722 0.0148437 0.0527778 0.746863
4 0.5875 0.108333 0.015625 0.05 0.792251
4 0.396484 0.111806 0.0148437 0.0486111 0.804892
4 0.423438 0.107639 0.015625 0.0513889 0.819275
