11 0.644922 0.727778 0.0398437 0.136111 0.256527
4 0.942187 0.930556 0.0265625 0.05 0.265251
10 0.0105469 0.244444 0.0195312 0.161111 0.290487
6 0.721094 0.0270833 0.040625 0.0458333 0.29055
10 0.41875 0.0173611 0.0171875 0.0347222 0.292326
3 0.964844 0.10625 0.053125 0.179167 0.315629
6 0.796484 0.740278 0.0648438 0.186111 0.319632
10 0.50625 0.255556 0.015625 0.0388889 0.369283
1 0.560156 0.102778 0.0171875 0.0555556 0.378183
1 0.450391 0.158333 0.0195312 0.0444444 0.381679
8 0.477734 0.377778 0.0195312 0.0805556 0.432417
4 0.505469 0.0472222 0.0171875 0.0583333 0.457114
4 0.559766 0.0576389 0.0179687 0.0430556 0.468026
4 0.397266 0.0569444 0.0179687 0.0972222 0.469771
4 0.587891 0.05625 0.0179687 0.0430556 0.482586
3 0.660547 0.252083 0.0679687 0.181944 0.522588
3 0.450391 0.15625 0.0195312 0.0458333 0.533218
1 0.843359 0.613194 0.0632813 0.179167 0.533705
10 0.477734 0.376389 0.0195312 0.0777778 0.601188
4 0.45 0.1125 0.015625 0.0527778 0.61672
1 0.961328 0.102083 0.0554687 0.168056 0.691707
4 0.560547 0.109028 0.0148437 0.0486111 0.73397
4 0.396094 0.110417 0.015625 0.0458333 0.782738
10 0.533984 0.384722 0.0195312 0.0694444 0.791371
4 0.5875 0.109722 0.0171875 0.05 0.803084
4 0.423438 0.108333 0.015625 0.05 0.828829
4 0.533594 0.110417 0.015625 0.0486111 0.862103
4 0.477734 0.109028 0.0164062 0.0513889 0.873529
