4 0.682031 0.0243056 0.0171875 0.0402778 0.251992
3 0.980469 0.28125 0.0390625 0.159722 0.256419
6 0.0363281 0.915972 0.0445312 0.104167 0.264681
1 0.533984 0.205556 0.0195312 0.0555556 0.266143
9 0.405078 0.691667 0.0429688 0.152778 0.274136
8 0.591406 0.811111 0.0421875 0.158333 0.282188
11 0.589844 0.809028 0.04375 0.151389 0.309534
1 0.342578 0.0430556 0.0367187 0.075 0.333419
4 0.417969 0.01875 0.015625 0.0319444 0.334574
1 0.473047 0.0208333 0.0195312 0.0277778 0.394669
3 0.757422 0.0548611 0.0257812 0.0958333 0.416607
1 0.969531 0.110417 0.0515625 0.179167 0.416752
10 0.00859375 0.244444 0.015625 0.155556 0.432593
1 0.476953 0.203472 0.0164062 0.0430556 0.440907
4 0.560156 0.0576389 0.01875 0.0458333 0.457635
4 0.397266 0.0611111 0.0164062 0.108333 0.480604
6 0.722656 0.025 0.0296875 0.0444444 0.483406
10 0.397266 0.355556 0.0164062 0.05 0.511281
11 0.339844 0.599306 0.0578125 0.176389 0.556359
6 0.758594 0.0520833 0.028125 0.0958333 0.601985
3 0.658594 0.259028 0.0578125 0.168056 0.675932
11 0.490625 0.754861 0.0375 0.134722 0.715184
4 0.560938 0.107639 0.015625 0.0486111 0.719394
4 0.450781 0.161111 0.015625 0.0444444 0.742068
4 0.844531 0.884028 0.0234375 0.0402778 0.763947
4 0.45 0.107639 0.0140625 0.0458333 0.795647
4 0.423047 0.107639 0.0148437 0.0486111 0.83593
4 0.587891 0.109722 0.0164062 0.05 0.838302
4 0.396094 0.109722 0.015625 0.0472222 0.84191
4 0.533984 0.109028 0.0148437 0.0486111 0.855489
