10 0.55625 0.684028 0.0265625 0.0819444 0.301163
10 0.396875 0.354167 0.015625 0.05 0.31098
4 0.423438 0.205556 0.0140625 0.0444444 0.318494
6 0.969141 0.4625 0.0585938 0.105556 0.320201
6 0.722656 0.0256944 0.03125 0.0458333 0.328518
10 0.424219 0.357639 0.0140625 0.0430556 0.337009
1 0.972656 0.290278 0.05 0.186111 0.365359
11 0.490234 0.751389 0.0335938 0.122222 0.368456
4 0.944922 0.932639 0.0257812 0.0430556 0.379949
1 0.477344 0.201389 0.015625 0.0472222 0.412041
9 0.401563 0.692361 0.034375 0.126389 0.412267
10 0.520312 0.709722 0.0296875 0.1 0.446875
4 0.450781 0.160417 0.0140625 0.0458333 0.574539
4 0.450781 0.108333 0.0140625 0.05 0.68348
4 0.560938 0.10625 0.015625 0.0486111 0.687539
8 0.589844 0.80625 0.0421875 0.151389 0.755003
4 0.844531 0.886111 0.0265625 0.0416667 0.762349
4 0.396484 0.109028 0.0148437 0.0513889 0.800062
4 0.5875 0.107639 0.015625 0.0486111 0.813122
4 0.533984 0.109028 0.0148437 0.0486111 0.880582
