4 0.845703 0.886111 0.0289063 0.0416667 0.252261
4 0.560156 0.0576389 0.01875 0.0458333 0.271582
11 0.491406 0.755556 0.0359375 0.122222 0.278075
6 0.0511719 0.930556 0.0414063 0.0944444 0.285046
1 0.760547 0.0826389 0.0257812 0.120833 0.285112
4 0.505859 0.0590278 0.0179687 0.0486111 0.33701
8 0.590625 0.808333 0.04375 0.15 0.378439
1 0.477344 0.201389 0.015625 0.0472222 0.392571
10 0.619922 0.754167 0.0335938 0.133333 0.436581
4 0.450781 0.161111 0.0140625 0.0444444 0.642273
4 0.560938 0.106944 0.015625 0.05 0.705632
4 0.45 0.109028 0.0140625 0.0486111 0.730751
4 0.5875 0.109028 0.015625 0.0486111 0.80002
4 0.396484 0.109722 0.0148437 0.05 0.829317
4 0.533594 0.110417 0.015625 0.0486111 0.882578
