10 0.419141 0.01875 0.0164062 0.0347222 0.259624
11 0.199219 0.845833 0.0484375 0.158333 0.261414
10 0.233984 0.860417 0.0414063 0.148611 0.271067
4 0.417969 0.0194444 0.0171875 0.0333333 0.275007
10 0.397266 0.354861 0.0164062 0.0541667 0.275288
4 0.745313 0.920139 0.0203125 0.0486111 0.302497
4 0.560156 0.0576389 0.01875 0.0458333 0.31283
11 0.278125 0.898611 0.053125 0.155556 0.326289
1 0.823438 0.606944 0.053125 0.147222 0.32928
4 0.450781 0.0625 0.015625 0.0583333 0.335279
4 0.684375 0.0284722 0.01875 0.0458333 0.362711
1 0.757812 0.0895833 0.0234375 0.104167 0.37018
10 0.616797 0.716667 0.0304688 0.0916667 0.499807
4 0.397656 0.0555556 0.0171875 0.0944444 0.54631
4 0.451562 0.157639 0.0171875 0.0486111 0.594658
4 0.450781 0.108333 0.015625 0.05 0.629565
8 0.589453 0.809028 0.0445312 0.148611 0.656545
4 0.533594 0.111111 0.015625 0.0555556 0.676281
4 0.560938 0.107639 0.015625 0.0513889 0.68706
10 0.530469 0.778472 0.0296875 0.0902778 0.700986
1 0.533594 0.13125 0.01875 0.0847222 0.709863
4 0.396484 0.111111 0.0148437 0.0472222 0.788519
4 0.423438 0.108333 0.015625 0.05 0.789078
4 0.587891 0.109028 0.0164062 0.0513889 0.80416
