4 0.45 0.0618056 0.0140625 0.0569444 0.257744
4 0.449609 0.0847222 0.0148437 0.0777778 0.263522
10 0.418359 0.0166667 0.0148437 0.0333333 0.267381
10 0.477734 0.377083 0.0210938 0.0902778 0.28074
4 0.397266 0.0402778 0.0179687 0.0694444 0.287154
1 0.476953 0.0409722 0.0179687 0.0625 0.287927
4 0.689062 0.0222222 0.021875 0.0388889 0.292088
4 0.397656 0.0736111 0.015625 0.105556 0.292888
10 0.423438 0.358333 0.0125 0.0472222 0.323676
4 0.506641 0.210417 0.0148437 0.0541667 0.325907
1 0.964063 0.104167 0.0515625 0.166667 0.342178
4 0.944531 0.931944 0.0234375 0.0444444 0.342881
9 0.335156 0.722917 0.0421875 0.154167 0.359537
8 0.596875 0.800694 0.0453125 0.156944 0.36854
10 0.521484 0.664583 0.0273438 0.115278 0.378648
4 0.533203 0.113194 0.0148437 0.0569444 0.388338
10 0.397266 0.354167 0.0148437 0.0555556 0.397557
4 0.532812 0.04375 0.015625 0.0625 0.453382
6 0.724609 0.025 0.0335938 0.0444444 0.492809
1 0.827344 0.600694 0.053125 0.148611 0.519023
4 0.560938 0.0555556 0.0171875 0.0388889 0.611756
4 0.451172 0.156944 0.0148437 0.0472222 0.623708
11 0.646875 0.727778 0.0453125 0.144444 0.635269
1 0.533984 0.129861 0.0179687 0.0819444 0.692443
4 0.450391 0.10625 0.0148437 0.0458333 0.746021
4 0.560547 0.109028 0.0148437 0.0486111 0.769601
4 0.423828 0.107639 0.0148437 0.0486111 0.808325
4 0.396094 0.111111 0.0140625 0.0472222 0.83614
4 0.5875 0.109028 0.015625 0.0486111 0.840247
