1 0.533984 0.204167 0.0179687 0.0527778 0.251144
10 0.521094 0.7125 0.028125 0.0916667 0.258478
9 0.403906 0.69375 0.040625 0.148611 0.282348
3 0.508594 0.352083 0.0203125 0.0486111 0.304542
1 0.477734 0.201389 0.0164062 0.0472222 0.324621
4 0.4125 0.0180556 0.0171875 0.0361111 0.325592
4 0.560156 0.0583333 0.01875 0.0472222 0.336142
3 0.7875 0.570139 0.05625 0.131944 0.341797
4 0.424219 0.205556 0.0140625 0.0472222 0.358522
4 0.397266 0.0361111 0.0195312 0.0638889 0.367535
1 0.473047 0.0208333 0.0210938 0.0277778 0.38049
6 0.722266 0.025 0.0304688 0.0444444 0.429839
11 0.590625 0.809028 0.04375 0.151389 0.438869
10 0.397266 0.354167 0.0164062 0.05 0.464408
6 0.762109 0.0597222 0.0320312 0.108333 0.46542
3 0.761719 0.0590278 0.03125 0.106944 0.483984
4 0.844141 0.883333 0.0242187 0.0388889 0.564152
4 0.451172 0.161111 0.0148437 0.0472222 0.606088
3 0.976172 0.2875 0.0476562 0.166667 0.60916
1 0.785156 0.566667 0.059375 0.127778 0.624057
4 0.560938 0.106944 0.015625 0.05 0.668141
4 0.450391 0.109028 0.0148437 0.0513889 0.705608
11 0.490625 0.75625 0.034375 0.126389 0.707973
4 0.396484 0.109028 0.0148437 0.0513889 0.796443
4 0.587891 0.109028 0.0164062 0.0486111 0.809262
4 0.533984 0.109028 0.0148437 0.0486111 0.816254
