10 0.416797 0.0159722 0.0164062 0.0319444 0.256791
4 0.945312 0.931944 0.025 0.0444444 0.267937
11 0.469922 0.666667 0.0335938 0.119444 0.268889
10 0.505859 0.254861 0.0148437 0.0375 0.290026
10 0.561719 0.375694 0.01875 0.0791667 0.292634
4 0.745313 0.919444 0.021875 0.05 0.296725
4 0.533594 0.0513889 0.0171875 0.05 0.319124
10 0.520703 0.665278 0.0335938 0.116667 0.32295
10 0.41875 0.711111 0.0390625 0.136111 0.354533
4 0.505859 0.206944 0.0132813 0.0388889 0.362274
4 0.559766 0.05625 0.0179687 0.0402778 0.385176
4 0.533203 0.1125 0.0148437 0.0555556 0.38969
1 0.476562 0.0409722 0.01875 0.0625 0.390749
4 0.397266 0.0597222 0.0164062 0.102778 0.399982
8 0.59375 0.800694 0.05 0.159722 0.405854
10 0.423828 0.356944 0.0132813 0.0472222 0.413859
3 0.449609 0.15625 0.0179687 0.0430556 0.423282
1 0.450391 0.158333 0.0179687 0.0416667 0.438098
11 0.596484 0.801389 0.0476562 0.163889 0.454992
6 0.720703 0.0284722 0.0382813 0.0486111 0.478436
10 0.396484 0.354861 0.0148437 0.0541667 0.544335
11 0.644141 0.726389 0.0429688 0.138889 0.550931
4 0.45 0.111111 0.015625 0.0527778 0.56062
1 0.961719 0.104167 0.0578125 0.177778 0.563746
10 0.477734 0.376389 0.0195312 0.0777778 0.622933
4 0.84375 0.885417 0.0265625 0.0402778 0.639067
1 0.533203 0.133333 0.0179687 0.0833333 0.650513
4 0.560547 0.109028 0.0148437 0.0486111 0.752627
4 0.395703 0.110417 0.0148437 0.0458333 0.791246
4 0.5875 0.109028 0.015625 0.0486111 0.811615
4 0.477734 0.107639 0.0164062 0.0513889 0.829284
4 0.423438 0.107639 0.015625 0.0486111 0.836157
