10 0.534375 0.239583 0.015625 0.0652778 0.260883
4 0.533594 0.204167 0.015625 0.05 0.262675
10 0.424219 0.357639 0.0140625 0.0402778 0.269545
4 0.418359 0.0194444 0.0179687 0.0333333 0.277461
1 0.473047 0.0201389 0.0210938 0.0291667 0.281696
4 0.559766 0.05625 0.0195312 0.0430556 0.310964
4 0.683984 0.0284722 0.0179687 0.0486111 0.33719
11 0.253125 0.889583 0.0640625 0.170833 0.349723
10 0.617969 0.717361 0.03125 0.0875 0.380639
1 0.533984 0.122917 0.0164062 0.0708333 0.452894
8 0.590625 0.811111 0.0421875 0.152778 0.457071
10 0.534766 0.357639 0.0148437 0.0430556 0.487887
4 0.397266 0.0555556 0.0179687 0.0972222 0.519662
10 0.396875 0.353472 0.015625 0.0486111 0.59353
4 0.451172 0.158333 0.0164062 0.0472222 0.636037
4 0.560547 0.10625 0.0148437 0.0513889 0.665068
4 0.844922 0.885417 0.0226563 0.0402778 0.706529
10 0.530078 0.777083 0.0289063 0.0930556 0.729699
4 0.450391 0.108333 0.0148437 0.0472222 0.737461
9 0.228906 0.299306 0.05625 0.226389 0.748712
4 0.5875 0.108333 0.015625 0.05 0.756135
4 0.533203 0.109722 0.0148437 0.0527778 0.788308
4 0.423438 0.107639 0.015625 0.0513889 0.81646
4 0.396484 0.111111 0.0148437 0.05 0.819321
11 0.489062 0.754167 0.0375 0.125 0.837744
3 0.964063 0.493056 0.0671875 0.197222 0.894639
