11 0.273047 0.897222 0.0601562 0.158333 0.276127
9 0.407813 0.686806 0.0421875 0.140278 0.279399
4 0.560156 0.0590278 0.0203125 0.0486111 0.282547
1 0.477734 0.201389 0.0164062 0.0472222 0.289453
4 0.423828 0.206944 0.0148437 0.0472222 0.31986
10 0.521094 0.7125 0.028125 0.0916667 0.324527
10 0.396875 0.354167 0.015625 0.05 0.34213
1 0.473047 0.0208333 0.0210938 0.0277778 0.352623
6 0.760938 0.0604167 0.0296875 0.106944 0.36288
3 0.760547 0.0590278 0.0304688 0.106944 0.373547
4 0.422266 0.0201389 0.0164062 0.0347222 0.375801
3 0.970703 0.290278 0.0523437 0.158333 0.391887
6 0.722266 0.025 0.0304688 0.0444444 0.432879
4 0.396484 0.0388889 0.0195312 0.0666667 0.494138
11 0.589844 0.808333 0.04375 0.15 0.515504
4 0.451172 0.160417 0.0148437 0.0486111 0.54247
10 0.009375 0.248611 0.0171875 0.155556 0.575111
11 0.490234 0.755556 0.0351562 0.125 0.590798
1 0.784766 0.567361 0.0585938 0.126389 0.605763
4 0.844141 0.882639 0.0242187 0.0375 0.661485
4 0.450391 0.109722 0.0148437 0.0527778 0.721377
4 0.560938 0.106944 0.015625 0.05 0.740485
4 0.396484 0.109722 0.0148437 0.05 0.745822
4 0.587891 0.109722 0.0164062 0.05 0.808052
4 0.533984 0.108333 0.0148437 0.05 0.832806
