1 0.760156 0.0826389 0.0265625 0.129167 0.254514
10 0.50625 0.252778 0.0140625 0.0416667 0.276926
1 0.640234 0.0791667 0.0382813 0.102778 0.282412
1 0.640234 0.0305556 0.0382813 0.0472222 0.282918
4 0.506641 0.2125 0.0148437 0.0611111 0.283023
6 0.896094 0.895139 0.0359375 0.0569444 0.284495
4 0.745703 0.919444 0.0210938 0.05 0.298586
11 0.609766 0.794444 0.0382813 0.125 0.299144
3 0.450391 0.154861 0.0179687 0.0458333 0.303663
10 0.423438 0.201389 0.0140625 0.0472222 0.330183
10 0.561328 0.354861 0.0148437 0.0513889 0.332635
10 0.533984 0.35625 0.0148437 0.0458333 0.339859
6 0.978125 0.0451389 0.0390625 0.0652778 0.342305
10 0.476953 0.379167 0.0179687 0.075 0.342666
4 0.944531 0.93125 0.0234375 0.0458333 0.342757
10 0.419141 0.707639 0.0382813 0.134722 0.350141
10 0.423828 0.356944 0.0132813 0.0472222 0.352569
3 0.839453 0.597222 0.0554687 0.147222 0.353122
10 0.396875 0.354167 0.015625 0.0555556 0.389552
11 0.640625 0.727778 0.040625 0.133333 0.392309
4 0.397656 0.0604167 0.0171875 0.104167 0.399554
1 0.450391 0.156944 0.0179687 0.0444444 0.415708
1 0.839844 0.599306 0.0546875 0.173611 0.462359
10 0.396484 0.0444444 0.0179687 0.0611111 0.479453
7 0.320703 0.608333 0.0617188 0.191667 0.488194
4 0.533594 0.113194 0.015625 0.0486111 0.534361
4 0.45 0.1125 0.015625 0.05 0.581947
1 0.533203 0.15 0.0179687 0.0555556 0.621538
4 0.396094 0.110417 0.015625 0.0458333 0.759669
4 0.587891 0.109028 0.0164062 0.0486111 0.796916
4 0.560938 0.110417 0.015625 0.0458333 0.815628
4 0.423438 0.108333 0.015625 0.0472222 0.829151
4 0.477734 0.109722 0.0164062 0.05 0.876357
