10 0.50625 0.251389 0.015625 0.0472222 0.251883
1 0.560547 0.103472 0.0179687 0.0541667 0.259406
6 0.896094 0.894444 0.0359375 0.0527778 0.273706
9 0.655469 0.718056 0.0390625 0.122222 0.29732
7 0.395703 0.625 0.0460938 0.125 0.314124
6 0.719922 0.0284722 0.0429688 0.0513889 0.320796
4 0.751562 0.91875 0.01875 0.0486111 0.326978
4 0.843359 0.886111 0.0226563 0.0333333 0.375648
1 0.834375 0.594444 0.05625 0.15 0.381694
4 0.397656 0.0583333 0.0171875 0.108333 0.4063
3 0.6625 0.247917 0.0671875 0.190278 0.421885
4 0.559766 0.0590278 0.0179687 0.0430556 0.421965
4 0.942578 0.929861 0.0242187 0.0486111 0.425924
10 0.423828 0.379861 0.0242187 0.0958333 0.463586
8 0.478125 0.376389 0.021875 0.0833333 0.49212
4 0.587891 0.0569444 0.0179687 0.0444444 0.52566
10 0.478125 0.375694 0.0203125 0.0819444 0.596795
2 0.6625 0.251389 0.0703125 0.183333 0.640571
1 0.959375 0.0986111 0.05625 0.166667 0.68472
4 0.560938 0.109722 0.015625 0.05 0.771496
4 0.396484 0.110417 0.0164062 0.0458333 0.818561
10 0.533984 0.38125 0.0210938 0.0791667 0.821678
4 0.450781 0.107639 0.0171875 0.0486111 0.83002
4 0.5875 0.109722 0.0171875 0.05 0.831761
4 0.423047 0.109028 0.0179687 0.0513889 0.835291
4 0.533594 0.110417 0.015625 0.0486111 0.857328
4 0.477344 0.109722 0.0171875 0.05 0.869953
