8 0.562109 0.377778 0.0226563 0.0888889 0.250398
10 0.424219 0.357639 0.0125 0.0458333 0.274783
11 0.590234 0.802778 0.0445312 0.155556 0.289816
4 0.45 0.0847222 0.015625 0.0777778 0.302511
4 0.844141 0.884722 0.0257812 0.0388889 0.303995
4 0.397266 0.0784722 0.0164062 0.104167 0.304097
4 0.944922 0.931944 0.0242187 0.0444444 0.307927
4 0.45 0.0611111 0.0140625 0.0555556 0.317023
1 0.476953 0.0458333 0.0179687 0.0555556 0.398988
4 0.746484 0.920139 0.0195312 0.0486111 0.431419
1 0.708203 0.114583 0.0492188 0.1875 0.433014
1 0.960938 0.104167 0.0546875 0.180556 0.434265
1 0.50625 0.254861 0.01875 0.0458333 0.438979
1 0.65625 0.264583 0.0578125 0.170833 0.458737
4 0.756641 0.0368056 0.0195312 0.0652778 0.460126
7 0.644141 0.725 0.0414063 0.133333 0.481051
1 0.832031 0.605556 0.0546875 0.161111 0.512719
4 0.507031 0.0597222 0.0171875 0.05 0.632746
8 0.586719 0.806944 0.04375 0.15 0.72993
4 0.560938 0.109028 0.015625 0.0486111 0.746106
11 0.641406 0.727778 0.04375 0.138889 0.757308
4 0.451172 0.157639 0.0164062 0.0486111 0.773749
4 0.45 0.108333 0.015625 0.0472222 0.787472
4 0.396094 0.110417 0.015625 0.0458333 0.829894
4 0.587891 0.110417 0.0164062 0.0486111 0.841723
4 0.423438 0.108333 0.015625 0.05 0.847439
4 0.533594 0.110417 0.015625 0.0486111 0.875887
