6 0.0507812 0.929861 0.0421875 0.0958333 0.256538
10 0.396875 0.354167 0.0140625 0.05 0.260869
4 0.560156 0.0576389 0.01875 0.0458333 0.263134
1 0.760547 0.0826389 0.0257812 0.120833 0.276249
10 0.433984 0.680556 0.0304688 0.0888889 0.297086
4 0.50625 0.0597222 0.01875 0.0472222 0.347089
1 0.477344 0.201389 0.015625 0.0472222 0.381254
8 0.590625 0.808333 0.0421875 0.15 0.402312
10 0.619922 0.754167 0.0335938 0.133333 0.43735
4 0.450781 0.161111 0.0140625 0.0444444 0.64371
4 0.560938 0.106944 0.015625 0.05 0.708053
4 0.45 0.109028 0.0140625 0.0486111 0.740016
4 0.5875 0.109028 0.015625 0.0486111 0.804596
4 0.396484 0.109722 0.0148437 0.05 0.828883
4 0.533594 0.110417 0.015625 0.0486111 0.883242
