10 0.699219 0.641667 0.03125 0.111111 0.251885
1 0.534375 0.204167 0.01875 0.0555556 0.254219
3 0.762891 0.0423611 0.0242187 0.0736111 0.258719
4 0.560156 0.0583333 0.0203125 0.0472222 0.268274
4 0.761328 0.0388889 0.0210938 0.0722222 0.276921
11 0.590234 0.807639 0.0429688 0.156944 0.290192
1 0.114453 0.947222 0.0570313 0.102778 0.356385
4 0.845312 0.886806 0.0265625 0.0430556 0.385151
3 0.975 0.246528 0.040625 0.118056 0.385518
10 0.620313 0.755556 0.034375 0.136111 0.394592
4 0.50625 0.0590278 0.01875 0.0486111 0.395851
3 0.978125 0.292361 0.0421875 0.143056 0.443355
4 0.451172 0.156944 0.0148437 0.0472222 0.480601
10 0.396875 0.354167 0.0140625 0.05 0.502358
8 0.592578 0.811111 0.0414063 0.158333 0.617788
11 0.492188 0.757639 0.034375 0.126389 0.710378
4 0.560547 0.109028 0.0164062 0.0486111 0.737348
4 0.450391 0.107639 0.0148437 0.0486111 0.750299
10 0.469922 0.644444 0.0273438 0.0833333 0.794022
4 0.396094 0.109722 0.015625 0.0527778 0.820777
4 0.587891 0.109722 0.0164062 0.05 0.832031
4 0.533594 0.109722 0.015625 0.0472222 0.880542
