4 0.513281 0.0229167 0.01875 0.0208333 0.250333
11 0.257422 0.886806 0.0632813 0.173611 0.254579
7 0.493359 0.759722 0.0351562 0.119444 0.264648
11 0.532812 0.775694 0.034375 0.1125 0.272428
10 0.423047 0.01875 0.0164062 0.0347222 0.274848
9 0.406641 0.689583 0.0445312 0.156944 0.304406
4 0.559766 0.05625 0.0179687 0.0430556 0.306456
3 0.669922 0.115972 0.0617188 0.198611 0.319617
3 0.507812 0.354167 0.0203125 0.0472222 0.329661
1 0.533984 0.122917 0.0164062 0.0708333 0.362577
4 0.533594 0.203472 0.015625 0.0486111 0.366618
10 0.533203 0.776389 0.0320312 0.1 0.369022
10 0.423828 0.35625 0.0132813 0.0430556 0.401153
10 0.00976562 0.247222 0.0179687 0.138889 0.411471
4 0.396875 0.0520833 0.0171875 0.0597222 0.414027
4 0.844531 0.886806 0.0265625 0.0430556 0.493378
3 0.975391 0.502778 0.0460938 0.169444 0.50252
11 0.592969 0.810417 0.046875 0.151389 0.508757
11 0.49375 0.758333 0.0328125 0.125 0.66926
10 0.397266 0.354861 0.0148437 0.0486111 0.679355
4 0.451172 0.157639 0.0164062 0.0486111 0.693061
4 0.560547 0.107639 0.0148437 0.0486111 0.716866
4 0.450391 0.108333 0.0148437 0.0472222 0.749568
4 0.587109 0.111111 0.0148437 0.0527778 0.791666
4 0.396094 0.109722 0.015625 0.0472222 0.810823
4 0.423047 0.107639 0.0148437 0.0513889 0.812732
4 0.533203 0.109722 0.0148437 0.0527778 0.81412
