1 0.473828 0.0208333 0.0210938 0.0277778 0.256
4 0.533984 0.203472 0.0148437 0.0513889 0.256862
4 0.560156 0.0569444 0.01875 0.0444444 0.258253
11 0.232031 0.874306 0.0578125 0.179167 0.263126
4 0.417578 0.0194444 0.0179687 0.0333333 0.290223
11 0.251953 0.892361 0.0679687 0.170833 0.300061
4 0.683203 0.0291667 0.0179687 0.0472222 0.336902
8 0.590625 0.811806 0.0421875 0.154167 0.35189
11 0.589063 0.809028 0.04375 0.148611 0.403313
1 0.533594 0.126389 0.0171875 0.0722222 0.405759
10 0.534766 0.357639 0.0148437 0.0430556 0.465223
4 0.397656 0.0548611 0.0171875 0.0958333 0.50494
10 0.397266 0.354861 0.0164062 0.0486111 0.540943
4 0.560547 0.106944 0.0148437 0.05 0.647404
4 0.451953 0.158333 0.0164062 0.0472222 0.651626
4 0.844531 0.885417 0.0234375 0.0402778 0.709117
4 0.450391 0.108333 0.0148437 0.0472222 0.734414
10 0.529688 0.777778 0.0296875 0.0916667 0.73663
4 0.5875 0.108333 0.015625 0.05 0.745411
4 0.533203 0.109722 0.0148437 0.0527778 0.799334
4 0.423438 0.106944 0.015625 0.05 0.800302
4 0.396484 0.111111 0.0148437 0.0472222 0.810671
11 0.488672 0.755556 0.0382813 0.127778 0.852492
3 0.964844 0.495833 0.0671875 0.194444 0.889217
