1 0.794531 0.573611 0.0359375 0.125 0.255293
1 0.658984 0.246528 0.0648438 0.184722 0.263914
6 0.896875 0.895139 0.0359375 0.0569444 0.272317
1 0.971094 0.0840278 0.05 0.145833 0.272666
10 0.0105469 0.243056 0.0195312 0.169444 0.272821
10 0.418359 0.0173611 0.0164062 0.0347222 0.278591
11 0.714453 0.0354167 0.0523437 0.0708333 0.286636
4 0.587891 0.0576389 0.0179687 0.0458333 0.297039
10 0.505859 0.253472 0.0148437 0.0402778 0.29808
4 0.745703 0.919444 0.0210938 0.05 0.299878
11 0.323047 0.613194 0.0585938 0.179167 0.301794
9 0.416406 0.713889 0.04375 0.152778 0.311498
10 0.422656 0.201389 0.0140625 0.0472222 0.317008
4 0.50625 0.211111 0.015625 0.0583333 0.323869
10 0.476953 0.379861 0.0179687 0.0736111 0.324018
3 0.45 0.154861 0.01875 0.0458333 0.332334
10 0.560938 0.354167 0.015625 0.0527778 0.336998
4 0.944531 0.93125 0.0234375 0.0458333 0.341302
10 0.533984 0.35625 0.0148437 0.0458333 0.346456
10 0.423828 0.35625 0.0148437 0.0513889 0.367762
10 0.396484 0.04375 0.0179687 0.0597222 0.369033
1 0.450391 0.156944 0.0179687 0.0444444 0.399848
7 0.322656 0.613889 0.065625 0.191667 0.445677
4 0.396875 0.0597222 0.0171875 0.102778 0.460507
10 0.396875 0.354861 0.015625 0.0541667 0.469617
1 0.840625 0.604167 0.053125 0.172222 0.483631
6 0.975 0.0423611 0.0421875 0.0625 0.519536
4 0.533594 0.113194 0.015625 0.0486111 0.57394
1 0.533203 0.133333 0.0179687 0.075 0.595741
4 0.45 0.113194 0.015625 0.0513889 0.596365
4 0.396094 0.110417 0.015625 0.0458333 0.796506
4 0.587891 0.109028 0.0164062 0.0486111 0.807357
4 0.423438 0.107639 0.015625 0.0486111 0.826652
4 0.561328 0.110417 0.0148437 0.0458333 0.839346
4 0.477734 0.109722 0.0164062 0.05 0.88174
