1 0.560547 0.104861 0.0179687 0.0541667 0.297732
1 0.960547 0.102083 0.0585938 0.176389 0.363451
10 0.423828 0.379861 0.0179687 0.0875 0.383996
4 0.397266 0.0583333 0.0164062 0.111111 0.387964
10 0.478125 0.376389 0.0203125 0.0888889 0.41393
2 0.662891 0.254861 0.0726563 0.173611 0.424018
4 0.587891 0.0569444 0.0179687 0.0444444 0.459181
3 0.662109 0.254861 0.0695312 0.176389 0.546465
8 0.478516 0.378472 0.0226563 0.0902778 0.569172
4 0.844531 0.884722 0.025 0.0388889 0.574179
10 0.533984 0.381944 0.0226563 0.0833333 0.728341
4 0.560547 0.109722 0.0164062 0.05 0.774384
4 0.505469 0.1125 0.01875 0.0444444 0.776628
4 0.5875 0.109028 0.0171875 0.0513889 0.788212
4 0.450391 0.107639 0.0179687 0.0486111 0.813592
4 0.396094 0.110417 0.0171875 0.0458333 0.819197
4 0.423047 0.109028 0.0179687 0.0513889 0.829883
4 0.533594 0.111111 0.0171875 0.0472222 0.839524
4 0.476953 0.1125 0.0179687 0.0472222 0.865688
