9 0.408984 0.6875 0.0460938 0.147222 0.252971
4 0.683984 0.0277778 0.0179687 0.0472222 0.2605
1 0.473828 0.0201389 0.0195312 0.0263889 0.268181
10 0.533984 0.358333 0.0148437 0.0416667 0.2736
11 0.452734 0.745833 0.0335938 0.127778 0.277544
11 0.258984 0.891667 0.0632813 0.163889 0.280869
4 0.560156 0.0576389 0.01875 0.0458333 0.281832
10 0.618359 0.71875 0.0320312 0.0902778 0.309863
10 0.00976562 0.269444 0.0164062 0.136111 0.30999
4 0.533594 0.203472 0.015625 0.0486111 0.356625
8 0.591797 0.811111 0.0429688 0.155556 0.392237
11 0.590234 0.809028 0.0445312 0.151389 0.410613
1 0.533594 0.126389 0.0171875 0.0722222 0.476981
1 0.419922 0.0194444 0.0257812 0.0333333 0.561105
4 0.451172 0.157639 0.0164062 0.0458333 0.62472
4 0.560938 0.10625 0.015625 0.0513889 0.679406
4 0.45 0.109028 0.0140625 0.0458333 0.691971
4 0.844531 0.885417 0.0234375 0.0402778 0.730552
10 0.530469 0.777083 0.0296875 0.0958333 0.733127
4 0.5875 0.108333 0.015625 0.05 0.753435
4 0.533203 0.109722 0.0148437 0.0527778 0.770765
4 0.396484 0.111806 0.0132813 0.0458333 0.780899
4 0.423438 0.107639 0.0140625 0.0486111 0.79221
11 0.490234 0.75625 0.0351562 0.123611 0.823488
3 0.964063 0.49375 0.0671875 0.198611 0.896733
