10 0.521484 0.713889 0.0289063 0.0944444 0.261424
4 0.844531 0.885417 0.025 0.0402778 0.279314
3 0.219141 0.0729167 0.0445312 0.120833 0.287684
3 0.977734 0.284028 0.0445312 0.168056 0.295943
10 0.00898437 0.244444 0.0164062 0.163889 0.352406
10 0.412891 0.688889 0.0445312 0.138889 0.370308
1 0.341797 0.0430556 0.0351562 0.0722222 0.373214
6 0.757422 0.0381944 0.0320312 0.0708333 0.379471
4 0.396484 0.0625 0.0164062 0.108333 0.38177
2 0.660156 0.255556 0.0640625 0.172222 0.408762
1 0.477344 0.202083 0.0171875 0.0458333 0.437231
6 0.725 0.025 0.03125 0.0444444 0.456645
4 0.423828 0.20625 0.0148437 0.0458333 0.462962
3 0.760547 0.0451389 0.0304688 0.0791667 0.548978
1 0.716406 0.470833 0.053125 0.188889 0.568791
11 0.341406 0.6 0.059375 0.180556 0.611276
1 0.970312 0.113194 0.0515625 0.184722 0.637121
11 0.590234 0.807639 0.0429688 0.151389 0.655503
11 0.491016 0.75625 0.0351562 0.126389 0.658833
4 0.560547 0.110417 0.0148437 0.0486111 0.663846
10 0.397266 0.354861 0.0164062 0.0486111 0.676522
4 0.450781 0.161111 0.015625 0.0472222 0.694597
4 0.45 0.109028 0.0140625 0.0486111 0.783205
4 0.396094 0.109028 0.015625 0.0486111 0.806576
4 0.5875 0.109028 0.015625 0.0486111 0.82969
4 0.533984 0.109028 0.0148437 0.0486111 0.843897
