1 0.534375 0.0472222 0.0171875 0.0527778 0.256601
4 0.783984 0.916667 0.0210938 0.0361111 0.266102
1 0.758594 0.143056 0.034375 0.127778 0.287275
4 0.945703 0.931944 0.0242187 0.0444444 0.287613
10 0.505859 0.254861 0.0148437 0.0375 0.288867
4 0.397656 0.06875 0.015625 0.106944 0.295238
3 0.450391 0.155556 0.0179687 0.0444444 0.307232
1 0.533203 0.111806 0.0148437 0.0513889 0.321031
4 0.505859 0.20625 0.0132813 0.0402778 0.325344
10 0.505859 0.744444 0.0320312 0.0972222 0.338436
1 0.476562 0.0409722 0.01875 0.0625 0.342198
4 0.532812 0.0465278 0.015625 0.0625 0.343267
4 0.746094 0.920139 0.0203125 0.0486111 0.374765
1 0.662891 0.256944 0.0585938 0.163889 0.399488
11 0.755469 0.173611 0.0375 0.133333 0.400446
1 0.842578 0.582639 0.0617188 0.156944 0.401372
8 0.593359 0.799306 0.0507812 0.1625 0.431563
1 0.450781 0.158333 0.0171875 0.0416667 0.437494
10 0.423828 0.354861 0.0148437 0.0486111 0.449447
9 0.334375 0.723611 0.0421875 0.15 0.450808
4 0.560156 0.0555556 0.0171875 0.0388889 0.452366
4 0.770312 0.327083 0.025 0.0986111 0.529426
1 0.960547 0.0916667 0.0539063 0.152778 0.552951
10 0.396875 0.352778 0.015625 0.0527778 0.59121
11 0.595312 0.795139 0.05 0.168056 0.59388
4 0.450391 0.111111 0.0148437 0.0527778 0.593974
10 0.478125 0.375694 0.0203125 0.0763889 0.621482
4 0.84375 0.884722 0.025 0.0388889 0.63464
11 0.641797 0.723611 0.0429688 0.141667 0.640515
1 0.533594 0.131944 0.0171875 0.0777778 0.64528
4 0.560547 0.109028 0.0148437 0.0486111 0.757113
4 0.396094 0.109722 0.015625 0.0444444 0.807063
4 0.423438 0.107639 0.015625 0.0486111 0.811637
4 0.5875 0.109028 0.015625 0.0486111 0.82302
4 0.477734 0.107639 0.0164062 0.0513889 0.845255
