10 0.522266 0.713889 0.0289063 0.0944444 0.253682
6 0.0382813 0.917361 0.04375 0.101389 0.257554
3 0.978516 0.283333 0.0429688 0.163889 0.261218
10 0.411719 0.01875 0.015625 0.0375 0.273491
3 0.219141 0.0722222 0.0460938 0.122222 0.282494
10 0.412891 0.688889 0.0445312 0.138889 0.283097
4 0.844531 0.885417 0.025 0.0402778 0.320586
6 0.761719 0.0423611 0.0328125 0.0791667 0.34923
3 0.660937 0.25625 0.0640625 0.170833 0.349672
4 0.396484 0.0625 0.0164062 0.108333 0.377745
10 0.00898437 0.245139 0.0164062 0.1625 0.389288
1 0.342187 0.0430556 0.0359375 0.0722222 0.4243
1 0.477344 0.201389 0.0171875 0.0472222 0.434739
6 0.724609 0.0256944 0.0320312 0.0458333 0.447202
4 0.423828 0.20625 0.0148437 0.0458333 0.457484
3 0.760547 0.0444444 0.0289063 0.0805556 0.500827
1 0.970703 0.113889 0.0507812 0.186111 0.542102
11 0.491016 0.75625 0.0351562 0.126389 0.581293
11 0.341406 0.599306 0.059375 0.181944 0.591086
11 0.590625 0.807639 0.04375 0.151389 0.617969
4 0.560547 0.109722 0.0148437 0.05 0.656842
10 0.397266 0.355556 0.0164062 0.0472222 0.681694
1 0.783203 0.536806 0.0585938 0.1625 0.69488
4 0.450781 0.161111 0.015625 0.0472222 0.698056
4 0.45 0.109028 0.0140625 0.0486111 0.781771
4 0.396094 0.109028 0.015625 0.0486111 0.807223
4 0.5875 0.109028 0.015625 0.0486111 0.823477
4 0.533984 0.109028 0.0148437 0.0486111 0.855661
