4 0.944922 0.93125 0.0242187 0.0458333 0.252759
1 0.673437 0.240278 0.0609375 0.197222 0.272004
6 0.901172 0.894444 0.0398437 0.0444444 0.276164
4 0.533984 0.0513889 0.0164062 0.05 0.28584
10 0.561719 0.375694 0.01875 0.0791667 0.288607
10 0.505859 0.254167 0.0148437 0.0388889 0.29315
4 0.745313 0.919444 0.021875 0.05 0.296086
4 0.687891 0.0243056 0.0164062 0.0430556 0.310715
4 0.505859 0.206944 0.0132813 0.0388889 0.336179
1 0.840234 0.592361 0.0679687 0.123611 0.341467
4 0.397656 0.0659722 0.015625 0.106944 0.343907
4 0.533203 0.1125 0.0148437 0.0555556 0.346806
1 0.450391 0.157639 0.0179687 0.0430556 0.371354
1 0.476953 0.0416667 0.0195312 0.0611111 0.398503
11 0.595312 0.799306 0.0484375 0.154167 0.398613
10 0.423828 0.356944 0.0132813 0.0472222 0.402934
6 0.720312 0.0291667 0.0375 0.0472222 0.407847
4 0.559766 0.05625 0.0179687 0.0402778 0.417981
10 0.397266 0.354167 0.0148437 0.0555556 0.420372
3 0.450391 0.155556 0.0179687 0.0444444 0.424958
11 0.644531 0.725694 0.0421875 0.140278 0.507876
4 0.843359 0.885417 0.0257812 0.0402778 0.560815
4 0.450391 0.111806 0.0148437 0.0541667 0.571525
1 0.960547 0.109722 0.0601562 0.191667 0.583406
10 0.478516 0.376389 0.0195312 0.0777778 0.59563
1 0.533594 0.13125 0.0171875 0.0791667 0.64862
7 0.294141 0.354167 0.0585938 0.202778 0.726954
4 0.560547 0.109028 0.0148437 0.0486111 0.743833
4 0.396484 0.110417 0.0148437 0.0458333 0.807711
4 0.5875 0.109028 0.015625 0.0486111 0.811247
4 0.423438 0.107639 0.015625 0.0486111 0.831893
4 0.477734 0.107639 0.0164062 0.0513889 0.839548
