11 0.577344 0.838194 0.0453125 0.148611 0.272604
1 0.767578 0.190278 0.0335938 0.130556 0.291032
1 0.660156 0.241667 0.0609375 0.186111 0.301025
1 0.759375 0.125 0.025 0.0972222 0.304161
11 0.324219 0.613889 0.0578125 0.177778 0.307895
11 0.617969 0.74375 0.05 0.151389 0.310179
7 0.648828 0.723611 0.0414063 0.138889 0.318099
10 0.505859 0.254167 0.0148437 0.0388889 0.318341
11 0.558203 0.825694 0.0523437 0.154167 0.318762
4 0.762891 0.0395833 0.0164062 0.0708333 0.320463
4 0.505859 0.206944 0.0132813 0.0388889 0.323194
10 0.476953 0.379861 0.0179687 0.0736111 0.336049
3 0.45 0.155556 0.01875 0.0444444 0.33843
9 0.417188 0.713889 0.04375 0.152778 0.339185
10 0.423828 0.35625 0.0148437 0.0513889 0.339746
10 0.422656 0.201389 0.0140625 0.0472222 0.341912
9 0.575781 0.669444 0.046875 0.158333 0.343896
4 0.587891 0.0576389 0.0179687 0.0458333 0.351614
3 0.962891 0.0888889 0.0585938 0.144444 0.353532
10 0.533984 0.35625 0.0148437 0.0458333 0.357493
10 0.396484 0.0444444 0.0179687 0.0583333 0.358327
10 0.560938 0.353472 0.015625 0.0513889 0.37796
10 0.420312 0.0173611 0.0171875 0.0347222 0.382459
4 0.944531 0.931944 0.0234375 0.0444444 0.385954
1 0.450391 0.157639 0.0179687 0.0430556 0.38762
1 0.843359 0.586111 0.0632813 0.133333 0.388796
10 0.396875 0.354167 0.015625 0.0555556 0.393108
7 0.323828 0.613889 0.0664062 0.191667 0.423767
4 0.844141 0.886806 0.0242187 0.0402778 0.442025
11 0.637891 0.734028 0.0507812 0.154167 0.442828
1 0.773047 0.344444 0.0398437 0.141667 0.445399
4 0.396875 0.0597222 0.0171875 0.1 0.448353
3 0.84375 0.590972 0.0625 0.131944 0.53783
6 0.973437 0.0368056 0.046875 0.0625 0.560224
1 0.533594 0.133333 0.01875 0.075 0.572931
4 0.533594 0.113194 0.015625 0.0486111 0.57381
4 0.45 0.1125 0.015625 0.05 0.60354
4 0.395703 0.111111 0.0148437 0.05 0.791475
4 0.5875 0.109028 0.015625 0.0486111 0.799001
4 0.423438 0.107639 0.015625 0.0486111 0.825681
4 0.561328 0.110417 0.0148437 0.0458333 0.829784
4 0.477734 0.109722 0.0164062 0.05 0.879734
