4 0.423047 0.213194 0.0148437 0.0680556 0.262663
3 0.657812 0.26875 0.053125 0.176389 0.325486
4 0.846484 0.892361 0.0304688 0.0569444 0.355893
10 0.397266 0.353472 0.0148437 0.0486111 0.361866
10 0.605469 0.709722 0.034375 0.141667 0.439546
4 0.450781 0.15625 0.0140625 0.0486111 0.471172
11 0.491406 0.760417 0.034375 0.126389 0.492049
8 0.591016 0.809028 0.0445312 0.154167 0.550591
10 0.469141 0.646528 0.0273438 0.0819444 0.683152
4 0.560938 0.107639 0.015625 0.0486111 0.714186
4 0.45 0.109722 0.0140625 0.05 0.716672
4 0.586719 0.111111 0.015625 0.0527778 0.799938
4 0.395703 0.159028 0.0148437 0.0513889 0.815206
4 0.533594 0.109722 0.015625 0.0472222 0.877292
