6 0.0457031 0.930556 0.0445312 0.0972222 0.250247
3 0.507812 0.355556 0.0203125 0.0472222 0.274665
7 0.493359 0.760417 0.0367187 0.120833 0.276232
10 0.532812 0.777083 0.034375 0.101389 0.301507
11 0.532812 0.777083 0.0359375 0.115278 0.302397
11 0.256641 0.8875 0.0632813 0.166667 0.313671
4 0.560547 0.05625 0.0179687 0.0430556 0.334158
4 0.397656 0.0680556 0.015625 0.105556 0.341651
6 0.971875 0.498611 0.0515625 0.175 0.348588
4 0.512109 0.0243056 0.0195312 0.0208333 0.359025
4 0.533984 0.203472 0.0148437 0.0513889 0.363135
4 0.844922 0.892361 0.0304688 0.0569444 0.386512
10 0.424219 0.35625 0.0140625 0.0430556 0.405419
1 0.533984 0.122917 0.0164062 0.0708333 0.426914
9 0.404687 0.693056 0.04375 0.155556 0.470141
11 0.592188 0.810417 0.0484375 0.151389 0.627574
10 0.397656 0.354861 0.015625 0.0486111 0.653756
4 0.451953 0.157639 0.0164062 0.0486111 0.693152
11 0.49375 0.759028 0.034375 0.129167 0.693661
4 0.560938 0.107639 0.015625 0.0486111 0.705948
3 0.971875 0.497917 0.053125 0.181944 0.757444
4 0.450391 0.108333 0.0148437 0.0472222 0.771061
4 0.5875 0.109028 0.015625 0.0486111 0.788008
4 0.533594 0.109722 0.0140625 0.0527778 0.808688
4 0.423438 0.106944 0.015625 0.05 0.810244
4 0.396484 0.111111 0.0148437 0.05 0.825289
