11 0.592578 0.803472 0.0476562 0.154167 0.251457
4 0.845703 0.888194 0.0273438 0.0430556 0.30258
4 0.560547 0.0576389 0.0195312 0.0486111 0.316963
3 0.972656 0.0930556 0.0515625 0.166667 0.323453
4 0.423438 0.204861 0.0125 0.0430556 0.346536
10 0.605469 0.707639 0.0328125 0.1375 0.385744
1 0.534766 0.204861 0.0179687 0.0513889 0.399274
3 0.985937 0.274306 0.028125 0.159722 0.420336
10 0.470313 0.645833 0.028125 0.0805556 0.431625
4 0.451172 0.156944 0.0148437 0.05 0.446262
3 0.661719 0.265972 0.05625 0.1875 0.453344
4 0.475 0.0166667 0.021875 0.0277778 0.477753
10 0.396484 0.354861 0.0148437 0.0486111 0.486074
4 0.50625 0.0583333 0.01875 0.0472222 0.545156
8 0.591016 0.807639 0.0445312 0.154167 0.566229
11 0.491406 0.757639 0.034375 0.126389 0.573814
4 0.450391 0.110417 0.0148437 0.0541667 0.667964
4 0.560938 0.106944 0.0171875 0.05 0.724505
4 0.395703 0.158333 0.0148437 0.0527778 0.811037
4 0.5875 0.109028 0.0171875 0.0486111 0.83427
4 0.533594 0.109722 0.015625 0.0472222 0.875931
