10 0.00820312 0.243056 0.0164062 0.147222 0.252772
10 0.417188 0.01875 0.0171875 0.0375 0.259886
4 0.945312 0.931944 0.025 0.0444444 0.275206
10 0.423828 0.356944 0.0132813 0.0472222 0.305642
6 0.758984 0.0430556 0.0242187 0.0777778 0.332763
11 0.618359 0.759722 0.0335938 0.127778 0.333261
3 0.88125 0.2875 0.05625 0.202778 0.334341
4 0.50625 0.0576389 0.0203125 0.0541667 0.339879
3 0.757422 0.0638889 0.0289063 0.116667 0.36875
4 0.417969 0.0201389 0.0171875 0.0347222 0.371418
3 0.533203 0.153472 0.0210938 0.0541667 0.382621
4 0.450781 0.0604167 0.015625 0.0513889 0.411607
4 0.844922 0.884722 0.0257812 0.0416667 0.439929
1 0.758984 0.148611 0.0367187 0.133333 0.469468
10 0.397266 0.354167 0.0148437 0.0555556 0.488805
4 0.397266 0.05625 0.0179687 0.0986111 0.518015
1 0.533594 0.13125 0.01875 0.0791667 0.525671
4 0.451172 0.158333 0.0164062 0.05 0.529159
11 0.646094 0.720833 0.0328125 0.116667 0.530948
8 0.588672 0.808333 0.0429688 0.147222 0.694182
4 0.560547 0.108333 0.0164062 0.0527778 0.707552
4 0.450391 0.108333 0.0164062 0.05 0.711731
10 0.529688 0.779167 0.03125 0.0916667 0.742563
4 0.533203 0.111806 0.0164062 0.0541667 0.792922
4 0.5875 0.109722 0.0171875 0.0527778 0.796018
4 0.396094 0.109722 0.015625 0.0472222 0.806012
4 0.423438 0.107639 0.015625 0.0513889 0.823104
