3 0.977734 0.283333 0.0445312 0.166667 0.254774
1 0.533984 0.205556 0.0195312 0.0555556 0.269381
6 0.0355469 0.915972 0.0445312 0.104167 0.269486
3 0.757422 0.0527778 0.0242187 0.0916667 0.290866
4 0.417188 0.01875 0.015625 0.0319444 0.293476
10 0.411328 0.688194 0.0445312 0.143056 0.309381
1 0.473047 0.0208333 0.0195312 0.0277778 0.309709
1 0.342578 0.0430556 0.0351562 0.075 0.338757
8 0.591406 0.811806 0.0421875 0.159722 0.341049
10 0.00859375 0.245833 0.015625 0.155556 0.418759
4 0.560156 0.0569444 0.01875 0.0472222 0.437899
1 0.476953 0.203472 0.0164062 0.0430556 0.443109
10 0.397266 0.355556 0.0164062 0.05 0.494498
4 0.397266 0.0604167 0.0164062 0.106944 0.494779
1 0.970312 0.111111 0.053125 0.183333 0.508248
6 0.759766 0.0506944 0.0273438 0.0930556 0.517114
6 0.722656 0.025 0.0296875 0.0444444 0.530248
11 0.339844 0.6 0.0578125 0.177778 0.545598
3 0.660156 0.259722 0.059375 0.169444 0.601536
4 0.560938 0.107639 0.015625 0.0486111 0.712367
11 0.490625 0.754861 0.0375 0.134722 0.721846
4 0.451172 0.159028 0.0148437 0.0458333 0.744578
4 0.844531 0.884028 0.0234375 0.0402778 0.763834
4 0.45 0.108333 0.0140625 0.0444444 0.79881
4 0.587891 0.109722 0.0164062 0.05 0.838649
4 0.423047 0.107639 0.0148437 0.0486111 0.838968
4 0.396094 0.109722 0.015625 0.0472222 0.841791
4 0.533984 0.109028 0.0148437 0.0486111 0.851648
