10 0.55625 0.688194 0.025 0.0791667 0.257161
1 0.477344 0.200694 0.015625 0.0486111 0.262511
4 0.847266 0.894444 0.0320312 0.0611111 0.293603
10 0.521094 0.70625 0.03125 0.106944 0.301584
8 0.589453 0.807639 0.0429688 0.151389 0.373971
6 0.757031 0.0368056 0.0234375 0.0652778 0.413727
4 0.50625 0.0590278 0.01875 0.0513889 0.452592
11 0.490625 0.756944 0.034375 0.122222 0.487193
6 0.722656 0.025 0.03125 0.0444444 0.494122
1 0.96875 0.293056 0.05625 0.186111 0.514466
6 0.0507812 0.926389 0.0421875 0.102778 0.555624
4 0.450781 0.160417 0.015625 0.0458333 0.557411
4 0.561328 0.106944 0.0164062 0.05 0.696648
4 0.450391 0.109028 0.0148437 0.0486111 0.717089
4 0.587891 0.109722 0.0164062 0.05 0.802526
4 0.396484 0.109722 0.0148437 0.05 0.825276
4 0.533594 0.109722 0.015625 0.05 0.879216
