4 0.560156 0.0576389 0.01875 0.0458333 0.255137
4 0.397656 0.08125 0.015625 0.0958333 0.260859
4 0.411719 0.01875 0.015625 0.0347222 0.268548
1 0.114063 0.950694 0.059375 0.0986111 0.27464
4 0.396875 0.0527778 0.0171875 0.0611111 0.28697
8 0.595703 0.809028 0.0460938 0.159722 0.315141
1 0.533984 0.121528 0.0164062 0.0708333 0.315569
10 0.424219 0.358333 0.0140625 0.0416667 0.326803
11 0.249219 0.881944 0.0640625 0.177778 0.355776
6 0.942578 0.93125 0.0335938 0.0513889 0.367143
11 0.533984 0.771528 0.0351562 0.1125 0.371873
3 0.508203 0.35625 0.0210938 0.0458333 0.396093
10 0.221484 0.358333 0.0257812 0.0861111 0.406919
7 0.494922 0.756944 0.0382813 0.127778 0.427416
10 0.533984 0.358333 0.0148437 0.0416667 0.443912
11 0.594141 0.808333 0.0460938 0.152778 0.444947
4 0.944922 0.932639 0.0273438 0.0458333 0.448862
9 0.406641 0.696528 0.0398437 0.148611 0.469497
10 0.397656 0.355556 0.015625 0.05 0.469684
4 0.419141 0.0194444 0.0164062 0.0361111 0.475625
4 0.534375 0.203472 0.015625 0.0486111 0.49314
4 0.451953 0.158333 0.0164062 0.0472222 0.67989
4 0.560938 0.107639 0.015625 0.0486111 0.707066
4 0.450391 0.108333 0.0148437 0.0472222 0.769295
4 0.423438 0.106944 0.015625 0.0527778 0.778851
4 0.396484 0.110417 0.0148437 0.0513889 0.789104
4 0.5875 0.109722 0.015625 0.05 0.803101
11 0.494922 0.756944 0.0351562 0.133333 0.814136
3 0.826953 0.55625 0.0445312 0.170833 0.824718
4 0.533594 0.109722 0.0140625 0.0527778 0.828702
