3 0.505859 0.0604167 0.0179687 0.0458333 0.298031
4 0.560156 0.0590278 0.01875 0.0458333 0.324256
4 0.423047 0.211111 0.0148437 0.0638889 0.326804
4 0.50625 0.0604167 0.01875 0.0458333 0.332255
4 0.759375 0.0631944 0.021875 0.101389 0.360679
4 0.844922 0.886111 0.0257812 0.0416667 0.372208
10 0.397266 0.353472 0.0148437 0.0513889 0.394329
4 0.450781 0.155556 0.0140625 0.05 0.409454
10 0.604297 0.708333 0.0335938 0.138889 0.488083
3 0.652734 0.258333 0.0601562 0.169444 0.647464
10 0.469531 0.645139 0.028125 0.0791667 0.663052
11 0.491406 0.759028 0.034375 0.123611 0.689083
4 0.450391 0.109722 0.0148437 0.05 0.715855
8 0.591016 0.808333 0.0445312 0.152778 0.733507
4 0.560938 0.106944 0.015625 0.05 0.745507
4 0.395703 0.158333 0.0148437 0.0527778 0.819306
4 0.5875 0.109722 0.015625 0.05 0.832708
4 0.533594 0.109722 0.015625 0.0472222 0.882563
