4 0.559766 0.0576389 0.0195312 0.0458333 0.27219
11 0.587891 0.80625 0.0476562 0.143056 0.287264
4 0.945703 0.931944 0.0242187 0.0444444 0.293007
1 0.959375 0.111806 0.05625 0.179167 0.302759
10 0.417578 0.0173611 0.0164062 0.0347222 0.314564
10 0.00859375 0.247917 0.015625 0.151389 0.339349
9 0.284375 0.344444 0.0609375 0.166667 0.343016
10 0.420312 0.694444 0.03125 0.113889 0.347881
10 0.528125 0.774306 0.0328125 0.0986111 0.362366
1 0.476562 0.0465278 0.01875 0.0513889 0.371067
10 0.423828 0.357639 0.0132813 0.0458333 0.377829
4 0.397656 0.0645833 0.0171875 0.109722 0.383011
4 0.845312 0.884028 0.025 0.0375 0.552169
1 0.654297 0.259028 0.0570313 0.179167 0.562868
11 0.639453 0.729167 0.0445312 0.141667 0.6106
1 0.533984 0.129167 0.0179687 0.0805556 0.63804
4 0.506641 0.0583333 0.0179687 0.05 0.662762
10 0.478125 0.378472 0.01875 0.0736111 0.679693
4 0.533203 0.111806 0.0148437 0.0541667 0.682209
1 0.709766 0.113194 0.0523437 0.193056 0.704294
4 0.560547 0.108333 0.0148437 0.05 0.717252
4 0.451172 0.157639 0.0164062 0.0486111 0.742669
8 0.589453 0.807639 0.0429688 0.148611 0.766719
4 0.45 0.108333 0.015625 0.0472222 0.76755
4 0.5875 0.109722 0.015625 0.05 0.801383
4 0.396484 0.111111 0.0148437 0.05 0.808687
4 0.423438 0.109028 0.015625 0.0486111 0.845362
