4 0.449609 0.0611111 0.0148437 0.0555556 0.269314
4 0.684375 0.0284722 0.0171875 0.0458333 0.290306
10 0.00898437 0.245833 0.0164062 0.163889 0.29456
4 0.945312 0.931944 0.0234375 0.0444444 0.316984
4 0.752344 0.91875 0.0203125 0.0486111 0.321968
3 0.758594 0.0576389 0.0203125 0.0930556 0.322784
11 0.588281 0.80625 0.046875 0.148611 0.356649
4 0.559766 0.0583333 0.0195312 0.0444444 0.357596
3 0.968359 0.122222 0.0492188 0.172222 0.378139
10 0.476953 0.377083 0.0195312 0.0819444 0.397968
1 0.476562 0.0451389 0.01875 0.0541667 0.407329
10 0.528516 0.775694 0.0320312 0.0930556 0.493569
11 0.645703 0.729167 0.0445312 0.141667 0.496543
4 0.844531 0.884028 0.025 0.0375 0.537263
4 0.396484 0.0604167 0.0179687 0.0486111 0.554352
1 0.833594 0.600694 0.05625 0.154167 0.605175
4 0.506641 0.0576389 0.0179687 0.0486111 0.618987
1 0.533984 0.129861 0.0179687 0.0819444 0.640769
4 0.560547 0.107639 0.0148437 0.0486111 0.649893
4 0.533594 0.111806 0.015625 0.0541667 0.663943
4 0.396875 0.111111 0.0125 0.0472222 0.677642
10 0.518359 0.663194 0.0320312 0.1125 0.723054
4 0.450781 0.156944 0.015625 0.0472222 0.734483
8 0.589844 0.807639 0.04375 0.151389 0.74947
4 0.5875 0.109028 0.015625 0.0513889 0.777536
4 0.45 0.109028 0.015625 0.0458333 0.791557
4 0.423828 0.107639 0.0148437 0.0486111 0.835886
