6 0.0386719 0.917361 0.0429688 0.101389 0.257857
1 0.472656 0.0201389 0.0203125 0.0263889 0.276098
3 0.969141 0.119444 0.0507812 0.211111 0.28028
10 0.411719 0.01875 0.015625 0.0375 0.28741
10 0.521875 0.713889 0.0296875 0.0944444 0.297702
10 0.009375 0.244444 0.0171875 0.163889 0.309955
3 0.21875 0.0736111 0.0453125 0.122222 0.327979
3 0.760938 0.0569444 0.03125 0.1 0.363931
1 0.341797 0.0430556 0.0351562 0.0722222 0.36752
4 0.396484 0.0631944 0.0164062 0.109722 0.368769
6 0.762109 0.0576389 0.0335938 0.101389 0.383564
4 0.844531 0.885417 0.025 0.0402778 0.426106
1 0.788672 0.556944 0.0585938 0.141667 0.448876
1 0.477344 0.202083 0.0171875 0.0458333 0.475492
4 0.423828 0.20625 0.0148437 0.0458333 0.476908
6 0.724609 0.025 0.0304688 0.0444444 0.483341
3 0.654688 0.257639 0.05625 0.168056 0.489055
1 0.970312 0.1125 0.053125 0.188889 0.521105
11 0.491016 0.756944 0.0335938 0.125 0.571284
11 0.590234 0.808333 0.0429688 0.152778 0.572777
11 0.341406 0.599306 0.059375 0.181944 0.580952
4 0.560547 0.109722 0.0148437 0.05 0.659777
10 0.397266 0.355556 0.0164062 0.0472222 0.68618
4 0.450391 0.161111 0.0148437 0.0472222 0.697903
4 0.45 0.109028 0.0140625 0.0486111 0.780658
4 0.396094 0.109028 0.015625 0.0486111 0.814071
4 0.5875 0.109722 0.015625 0.05 0.831019
4 0.533984 0.109028 0.0148437 0.0486111 0.852887
