10 0.396875 0.354167 0.015625 0.0555556 0.252603
7 0.647266 0.719444 0.0351562 0.1 0.25703
1 0.474219 0.0201389 0.01875 0.0291667 0.266132
10 0.0078125 0.247917 0.015625 0.154167 0.267178
4 0.745313 0.920833 0.0203125 0.05 0.31801
1 0.823047 0.59375 0.0507812 0.123611 0.339297
4 0.417969 0.0194444 0.0171875 0.0333333 0.341793
4 0.560156 0.0569444 0.01875 0.0444444 0.342258
4 0.450781 0.0611111 0.015625 0.0555556 0.3567
11 0.277344 0.898611 0.0515625 0.155556 0.381031
1 0.757812 0.0895833 0.0234375 0.104167 0.41725
4 0.683984 0.0284722 0.0195312 0.0458333 0.48113
10 0.617188 0.715278 0.03125 0.0916667 0.510267
4 0.396875 0.0444444 0.0171875 0.0638889 0.562543
4 0.451562 0.157639 0.0171875 0.0486111 0.598714
4 0.450391 0.108333 0.0148437 0.05 0.63419
4 0.533203 0.110417 0.0148437 0.0569444 0.665792
8 0.589063 0.809028 0.04375 0.148611 0.6861
10 0.530469 0.777778 0.0296875 0.0888889 0.689171
4 0.560938 0.107639 0.015625 0.0513889 0.69502
1 0.533594 0.13125 0.01875 0.0847222 0.71479
4 0.396094 0.111111 0.015625 0.0472222 0.792525
4 0.423438 0.107639 0.015625 0.0513889 0.794091
4 0.587891 0.109028 0.0164062 0.0513889 0.811115
