10 0.50625 0.251389 0.0140625 0.05 0.253032
4 0.449609 0.0840278 0.0164062 0.0791667 0.260132
4 0.41875 0.01875 0.0171875 0.0347222 0.275709
4 0.560547 0.0569444 0.0179687 0.0444444 0.275744
8 0.534375 0.373611 0.021875 0.0805556 0.282939
10 0.419141 0.0180556 0.0164062 0.0361111 0.304785
8 0.478125 0.377083 0.01875 0.0819444 0.315564
10 0.477734 0.376389 0.0195312 0.0833333 0.324722
3 0.969922 0.116667 0.0507812 0.177778 0.357111
4 0.945703 0.931944 0.0226563 0.0444444 0.358062
10 0.519141 0.66875 0.0257812 0.109722 0.361569
4 0.746094 0.920833 0.0203125 0.05 0.376886
1 0.969531 0.114583 0.0515625 0.173611 0.406145
4 0.397656 0.0597222 0.0171875 0.102778 0.410488
3 0.766016 0.21875 0.0523437 0.143056 0.413892
10 0.424219 0.357639 0.0125 0.0458333 0.437933
10 0.505859 0.202778 0.0164062 0.0388889 0.527863
3 0.554688 0.4875 0.0484375 0.133333 0.529751
1 0.533203 0.129861 0.0179687 0.0819444 0.585589
4 0.683203 0.0284722 0.0179687 0.0458333 0.607271
4 0.532812 0.111806 0.015625 0.0541667 0.630409
4 0.451172 0.157639 0.0164062 0.0486111 0.737446
4 0.84375 0.885417 0.0234375 0.0402778 0.767326
4 0.45 0.109028 0.015625 0.0486111 0.769699
4 0.560547 0.109028 0.0148437 0.0486111 0.781186
4 0.396484 0.110417 0.0148437 0.0458333 0.807419
4 0.423438 0.108333 0.015625 0.05 0.831945
4 0.587891 0.108333 0.0164062 0.05 0.838827
11 0.588672 0.806944 0.0414063 0.152778 0.856447
