4 0.410937 0.01875 0.0171875 0.0375 0.265675
10 0.423438 0.357639 0.0125 0.0458333 0.266248
11 0.589844 0.805556 0.04375 0.152778 0.282945
10 0.231641 0.861806 0.0429688 0.151389 0.289932
4 0.45 0.0631944 0.015625 0.0625 0.299582
1 0.960938 0.104167 0.0515625 0.169444 0.305341
1 0.651563 0.248611 0.059375 0.205556 0.32216
4 0.416797 0.01875 0.0164062 0.0347222 0.323504
4 0.945703 0.932639 0.0242187 0.0430556 0.345945
3 0.839453 0.596528 0.0679687 0.131944 0.436591
4 0.397656 0.0604167 0.0171875 0.104167 0.47568
11 0.638672 0.73125 0.0476562 0.143056 0.47819
1 0.476953 0.0458333 0.0195312 0.0555556 0.47858
1 0.533594 0.129861 0.01875 0.0819444 0.537944
4 0.450781 0.157639 0.0171875 0.0486111 0.579475
1 0.707031 0.111806 0.053125 0.195833 0.605449
1 0.840625 0.599306 0.0640625 0.145833 0.623796
8 0.588672 0.807639 0.0429688 0.148611 0.630651
4 0.507031 0.0583333 0.01875 0.05 0.632382
4 0.532812 0.1125 0.015625 0.0527778 0.683587
7 0.288672 0.354861 0.0585938 0.184722 0.685128
4 0.844141 0.884028 0.0242187 0.0375 0.696472
4 0.560547 0.108333 0.0148437 0.05 0.722658
4 0.45 0.108333 0.015625 0.0472222 0.748488
4 0.5875 0.109722 0.015625 0.05 0.78001
4 0.396094 0.110417 0.015625 0.0458333 0.802709
4 0.423438 0.108333 0.015625 0.05 0.832778
