11 0.436719 0.699306 0.0390625 0.140278 0.257749
10 0.449609 0.347917 0.0179687 0.0513889 0.276086
4 0.944922 0.932639 0.0257812 0.0430556 0.310481
4 0.844922 0.884028 0.0257812 0.0375 0.394264
1 0.648828 0.240972 0.0507812 0.193056 0.420822
3 0.767187 0.170139 0.0515625 0.190278 0.437456
10 0.218359 0.357639 0.0210938 0.0819444 0.451471
10 0.469141 0.645139 0.0273438 0.0819444 0.461549
4 0.423438 0.204861 0.0125 0.0430556 0.471583
10 0.436719 0.704167 0.0390625 0.130556 0.474999
10 0.396875 0.352778 0.015625 0.05 0.538616
4 0.505078 0.0597222 0.0179687 0.0472222 0.602522
3 0.769922 0.0708333 0.0382813 0.130556 0.624513
4 0.560156 0.107639 0.015625 0.0486111 0.727007
11 0.591406 0.804167 0.046875 0.155556 0.741317
4 0.45 0.107639 0.0140625 0.0486111 0.744313
4 0.586719 0.109028 0.015625 0.0513889 0.757509
4 0.450781 0.157639 0.015625 0.0486111 0.760602
4 0.395703 0.158333 0.0148437 0.0527778 0.827565
4 0.533203 0.109028 0.0164062 0.0486111 0.871679
