11 0.589844 0.804167 0.04375 0.152778 0.252959
10 0.00820312 0.247222 0.0164062 0.158333 0.263887
11 0.199609 0.851389 0.0570313 0.172222 0.27786
4 0.417969 0.0194444 0.0171875 0.0333333 0.282297
4 0.473828 0.0194444 0.0195312 0.0305556 0.303842
1 0.835938 0.602083 0.0515625 0.1375 0.304054
11 0.529297 0.777778 0.0320312 0.102778 0.309182
4 0.945312 0.932639 0.0234375 0.0430556 0.368104
4 0.450391 0.0604167 0.0148437 0.0569444 0.39912
4 0.683594 0.0277778 0.01875 0.0472222 0.455395
4 0.397656 0.0555556 0.0171875 0.0972222 0.492397
10 0.396875 0.354861 0.015625 0.0513889 0.504196
4 0.451953 0.157639 0.0164062 0.0486111 0.520873
4 0.45 0.108333 0.015625 0.05 0.631415
10 0.530078 0.778472 0.0304688 0.0958333 0.672418
4 0.533203 0.110417 0.0148437 0.0569444 0.673502
4 0.560547 0.107639 0.0148437 0.0513889 0.675259
1 0.533984 0.13125 0.0179687 0.0847222 0.679465
8 0.589453 0.808333 0.0429688 0.15 0.719061
4 0.587891 0.108333 0.0164062 0.05 0.769936
4 0.396094 0.111111 0.015625 0.0472222 0.787025
4 0.423438 0.108333 0.015625 0.05 0.818784
11 0.488281 0.753472 0.0390625 0.134722 0.827328
