4 0.682422 0.025 0.0179687 0.0444444 0.257461
6 0.757031 0.0361111 0.0234375 0.0666667 0.283773
6 0.967969 0.460417 0.059375 0.104167 0.291414
10 0.424219 0.356944 0.0140625 0.0416667 0.295493
4 0.944922 0.932639 0.0273438 0.0430556 0.375403
6 0.723047 0.025 0.0304688 0.0444444 0.396014
10 0.555859 0.686806 0.0257812 0.0791667 0.406797
3 0.506641 0.0590278 0.0179687 0.0486111 0.413175
1 0.972656 0.2875 0.05 0.180556 0.454144
10 0.521094 0.708333 0.0296875 0.1 0.517283
1 0.477734 0.201389 0.0164062 0.0472222 0.538797
6 0.0472656 0.929861 0.0445312 0.0902778 0.552952
10 0.396875 0.354167 0.015625 0.0472222 0.575208
11 0.489844 0.753472 0.0359375 0.123611 0.582439
8 0.589453 0.80625 0.0414063 0.148611 0.646041
4 0.560938 0.106944 0.015625 0.05 0.662592
4 0.450781 0.159722 0.0140625 0.0444444 0.673727
4 0.845312 0.885417 0.028125 0.0402778 0.724153
4 0.450391 0.108333 0.0148437 0.0472222 0.763596
4 0.5875 0.108333 0.015625 0.05 0.825936
4 0.396484 0.109028 0.0148437 0.0513889 0.849839
4 0.533984 0.109028 0.0148437 0.0486111 0.883332
