6 0.758594 0.04375 0.0203125 0.0847222 0.258953
10 0.424219 0.357639 0.0140625 0.0430556 0.263265
10 0.418359 0.0180556 0.0164062 0.0361111 0.26583
4 0.944922 0.93125 0.0226563 0.0430556 0.274724
3 0.974609 0.265278 0.0445312 0.136111 0.294739
4 0.45 0.0618056 0.015625 0.0569444 0.369342
4 0.683594 0.0291667 0.0171875 0.05 0.375288
8 0.591016 0.8125 0.0429688 0.155556 0.383773
2 0.844531 0.595833 0.0515625 0.130556 0.404927
4 0.397656 0.0569444 0.0171875 0.1 0.443205
10 0.530859 0.779861 0.0304688 0.0930556 0.44811
3 0.843359 0.597917 0.0539063 0.131944 0.467873
4 0.451562 0.157639 0.0171875 0.0486111 0.496625
10 0.397266 0.354861 0.0148437 0.0513889 0.51024
11 0.589453 0.810417 0.0445312 0.148611 0.525203
4 0.45 0.108333 0.015625 0.05 0.631022
4 0.533203 0.110417 0.0148437 0.0569444 0.642296
4 0.560547 0.107639 0.0148437 0.0513889 0.674425
1 0.533594 0.131944 0.01875 0.0861111 0.707394
1 0.844141 0.598611 0.0523437 0.15 0.719795
4 0.587891 0.109028 0.0164062 0.0513889 0.781431
4 0.396094 0.111111 0.015625 0.0472222 0.783913
4 0.423438 0.108333 0.015625 0.05 0.818388
