10 0.0078125 0.243056 0.015625 0.152778 0.271232
6 0.0363281 0.917361 0.0429688 0.101389 0.277038
9 0.404297 0.690972 0.0445312 0.148611 0.281306
4 0.411719 0.0194444 0.015625 0.0361111 0.287406
4 0.560156 0.0569444 0.01875 0.05 0.339009
6 0.719922 0.0277778 0.0289063 0.0388889 0.352071
10 0.396875 0.354167 0.015625 0.05 0.359671
1 0.476953 0.203472 0.0164062 0.0430556 0.362698
4 0.417188 0.01875 0.015625 0.0319444 0.381606
3 0.649609 0.253472 0.0523437 0.168056 0.401189
4 0.844922 0.884722 0.0242187 0.0388889 0.522838
4 0.396875 0.0444444 0.0171875 0.0611111 0.536591
11 0.588672 0.809028 0.0429688 0.148611 0.609127
4 0.560938 0.106944 0.015625 0.05 0.711984
4 0.450781 0.160417 0.015625 0.0458333 0.713392
11 0.489062 0.754861 0.034375 0.126389 0.734082
4 0.45 0.107639 0.0140625 0.0458333 0.770355
4 0.423047 0.107639 0.0148437 0.0486111 0.812131
4 0.5875 0.109028 0.015625 0.0486111 0.813183
4 0.396094 0.109722 0.015625 0.0472222 0.821634
4 0.533594 0.109028 0.0140625 0.0486111 0.857725
