4 0.756641 0.0361111 0.0179687 0.0666667 0.250182
11 0.589844 0.804861 0.0453125 0.154167 0.283172
4 0.417188 0.01875 0.0171875 0.0319444 0.289833
4 0.683203 0.0305556 0.0195312 0.0472222 0.29062
1 0.474219 0.0194444 0.0203125 0.0277778 0.300934
10 0.534766 0.241667 0.0164062 0.0638889 0.306149
4 0.560156 0.0576389 0.01875 0.0430556 0.313342
8 0.589063 0.809722 0.04375 0.15 0.403966
1 0.534375 0.123611 0.0171875 0.0722222 0.437686
10 0.396875 0.354861 0.015625 0.0513889 0.462602
4 0.397266 0.0527778 0.0164062 0.0916667 0.54783
4 0.451953 0.158333 0.0164062 0.0472222 0.644
4 0.450391 0.108333 0.0148437 0.0472222 0.685751
4 0.560938 0.106944 0.015625 0.05 0.711956
4 0.533203 0.110417 0.0148437 0.0541667 0.738196
11 0.488281 0.754167 0.0375 0.127778 0.765486
4 0.396484 0.109722 0.0148437 0.0472222 0.768677
10 0.529297 0.777778 0.0289063 0.0916667 0.771214
1 0.826172 0.59375 0.0507812 0.1375 0.792681
4 0.423828 0.107639 0.0148437 0.0513889 0.799985
4 0.587891 0.109722 0.0164062 0.05 0.805298
