1 0.534375 0.0465278 0.0171875 0.0541667 0.250146
11 0.518359 0.665278 0.0335938 0.127778 0.259577
4 0.760156 0.0375 0.0171875 0.0694444 0.26352
10 0.561328 0.374306 0.0195312 0.0763889 0.275232
1 0.759766 0.149306 0.0398437 0.154167 0.283553
4 0.945703 0.931944 0.0242187 0.0444444 0.294822
3 0.796484 0.572917 0.0398437 0.134722 0.300584
4 0.397656 0.06875 0.015625 0.106944 0.303859
4 0.751172 0.91875 0.0210938 0.0486111 0.317597
3 0.716797 0.0402778 0.0414063 0.0666667 0.320817
3 0.450391 0.155556 0.0179687 0.0444444 0.321102
10 0.505859 0.254861 0.0148437 0.0375 0.323423
1 0.663672 0.250694 0.0601562 0.176389 0.3479
4 0.533203 0.111806 0.0148437 0.0569444 0.349039
4 0.505859 0.20625 0.0132813 0.0402778 0.349833
1 0.476562 0.0409722 0.01875 0.0625 0.367417
11 0.570312 0.690972 0.0484375 0.165278 0.378141
10 0.50625 0.74375 0.03125 0.0930556 0.379826
4 0.532812 0.0465278 0.015625 0.0625 0.382388
1 0.450781 0.157639 0.0171875 0.0430556 0.399398
10 0.423828 0.356944 0.0132813 0.0472222 0.42488
4 0.560156 0.0555556 0.0171875 0.0388889 0.450475
4 0.844141 0.885417 0.0257812 0.0375 0.470407
10 0.397266 0.353472 0.0148437 0.0541667 0.4738
9 0.333594 0.722222 0.0421875 0.155556 0.479497
11 0.641406 0.722917 0.0421875 0.140278 0.532705
8 0.59375 0.798611 0.05 0.161111 0.545527
1 0.839844 0.572222 0.0578125 0.166667 0.568475
11 0.59375 0.795139 0.05 0.165278 0.575019
4 0.769922 0.326389 0.0273438 0.1 0.584286
4 0.450391 0.111111 0.0148437 0.0527778 0.596442
1 0.533594 0.131944 0.0171875 0.0777778 0.646457
1 0.966016 0.0916667 0.0539063 0.152778 0.65064
10 0.478125 0.376389 0.0203125 0.0777778 0.653467
4 0.560547 0.109028 0.0148437 0.0486111 0.760901
4 0.396094 0.110417 0.015625 0.0458333 0.809155
4 0.423438 0.107639 0.015625 0.0486111 0.814223
4 0.5875 0.109028 0.015625 0.0486111 0.820341
4 0.477734 0.107639 0.0164062 0.0513889 0.848901
