4 0.560156 0.0569444 0.0203125 0.0472222 0.25
3 0.658594 0.267361 0.053125 0.190278 0.259705
4 0.845703 0.8875 0.0273438 0.0444444 0.343621
1 0.534375 0.203472 0.0171875 0.0513889 0.351618
10 0.605859 0.709722 0.0320312 0.136111 0.356292
4 0.505469 0.0590278 0.01875 0.0458333 0.377004
4 0.423438 0.205556 0.0125 0.0416667 0.394543
4 0.451172 0.15625 0.0148437 0.0486111 0.396961
3 0.979688 0.275694 0.040625 0.176389 0.399966
11 0.491797 0.759028 0.0335938 0.123611 0.487213
10 0.396484 0.354861 0.0148437 0.0486111 0.508373
8 0.591016 0.808333 0.0445312 0.155556 0.600393
10 0.469531 0.645833 0.028125 0.0833333 0.688068
4 0.45 0.110417 0.0140625 0.0513889 0.707175
4 0.560938 0.106944 0.015625 0.05 0.726469
4 0.395703 0.159028 0.0148437 0.0513889 0.798603
4 0.587891 0.108333 0.0164062 0.05 0.809738
4 0.533594 0.109028 0.015625 0.0486111 0.881019
