10 0.55625 0.6875 0.025 0.0777778 0.270189
10 0.424219 0.357639 0.0140625 0.0430556 0.276146
10 0.521094 0.706944 0.03125 0.105556 0.307236
10 0.618359 0.754861 0.0351562 0.140278 0.332716
4 0.847266 0.89375 0.0320312 0.0597222 0.357765
4 0.50625 0.0590278 0.01875 0.0513889 0.366891
1 0.476953 0.201389 0.0164062 0.0472222 0.388254
6 0.757031 0.0361111 0.0234375 0.0638889 0.390469
8 0.589453 0.808333 0.0429688 0.15 0.436112
3 0.967578 0.483333 0.0585938 0.152778 0.438223
6 0.722656 0.0243056 0.03125 0.0430556 0.439676
1 0.96875 0.293056 0.05625 0.194444 0.484502
11 0.490625 0.755556 0.034375 0.122222 0.53495
6 0.0503906 0.925694 0.0429688 0.104167 0.547368
4 0.450391 0.160417 0.0148437 0.0458333 0.616122
4 0.560938 0.106944 0.015625 0.05 0.691935
4 0.450391 0.109028 0.0148437 0.0486111 0.732314
4 0.5875 0.109722 0.015625 0.05 0.809165
4 0.396094 0.109028 0.015625 0.0513889 0.833445
4 0.533984 0.109028 0.0148437 0.0486111 0.879852
