10 0.535156 0.2375 0.015625 0.0694444 0.258632
10 0.396875 0.354167 0.015625 0.05 0.264282
1 0.476953 0.204861 0.0148437 0.0430556 0.296355
10 0.0105469 0.245139 0.0195312 0.1625 0.328366
4 0.560156 0.0583333 0.01875 0.0444444 0.3304
11 0.453906 0.743056 0.0359375 0.138889 0.338847
10 0.423828 0.356944 0.0132813 0.0416667 0.351438
3 0.507422 0.354861 0.0195312 0.0486111 0.374592
3 0.978906 0.278472 0.040625 0.168056 0.4225
4 0.844531 0.884722 0.025 0.0388889 0.449055
1 0.967188 0.104167 0.0546875 0.163889 0.475124
4 0.396094 0.0506944 0.0171875 0.0625 0.481756
9 0.404297 0.692361 0.0414063 0.154167 0.548267
11 0.491406 0.754167 0.0328125 0.119444 0.565794
11 0.591016 0.808333 0.0445312 0.15 0.57686
4 0.450781 0.160417 0.0140625 0.0430556 0.637062
4 0.560938 0.108333 0.015625 0.0472222 0.660415
4 0.45 0.107639 0.0140625 0.0458333 0.737132
4 0.395703 0.110417 0.0148437 0.0458333 0.791757
4 0.423438 0.107639 0.0140625 0.0486111 0.801033
4 0.5875 0.109028 0.015625 0.0486111 0.803389
4 0.533594 0.109028 0.0140625 0.0486111 0.863329
