4 0.847266 0.894444 0.0320312 0.0611111 0.266352
8 0.591406 0.810417 0.0421875 0.159722 0.276777
1 0.476953 0.200694 0.0164062 0.0486111 0.281851
10 0.521094 0.705556 0.03125 0.108333 0.285218
10 0.617969 0.757639 0.0359375 0.143056 0.29158
11 0.589453 0.808333 0.0429688 0.152778 0.386821
6 0.756641 0.0368056 0.0226563 0.0652778 0.399356
4 0.50625 0.0590278 0.01875 0.0513889 0.4621
6 0.722656 0.025 0.03125 0.0444444 0.485769
11 0.490625 0.756944 0.034375 0.122222 0.489919
1 0.96875 0.29375 0.05625 0.190278 0.543774
6 0.0511719 0.926389 0.0429688 0.102778 0.557167
4 0.450391 0.160417 0.0148437 0.0458333 0.55806
4 0.561328 0.106944 0.0164062 0.05 0.70384
4 0.450391 0.109028 0.0148437 0.0486111 0.717065
4 0.587891 0.109722 0.0164062 0.05 0.802333
4 0.396484 0.109722 0.0148437 0.05 0.83016
4 0.533594 0.109722 0.015625 0.05 0.878318
