10 0.00976562 0.249306 0.0179687 0.159722 0.255014
7 0.492969 0.759722 0.0359375 0.119444 0.260792
10 0.534375 0.241667 0.015625 0.0638889 0.265521
11 0.533203 0.775694 0.0351562 0.1125 0.299264
4 0.512891 0.0243056 0.0195312 0.0208333 0.315116
4 0.397656 0.0694444 0.015625 0.108333 0.321503
9 0.407031 0.688889 0.0453125 0.158333 0.323349
3 0.507812 0.354861 0.0203125 0.0458333 0.329293
4 0.560547 0.05625 0.0179687 0.0430556 0.349981
4 0.533594 0.204167 0.015625 0.05 0.356274
10 0.533203 0.776389 0.0335938 0.1 0.357449
10 0.423828 0.356944 0.0132813 0.0416667 0.378568
4 0.844922 0.892361 0.0304688 0.0569444 0.414947
1 0.533984 0.122917 0.0164062 0.0708333 0.460083
10 0.397266 0.354861 0.0148437 0.0513889 0.589207
11 0.492969 0.759028 0.034375 0.126389 0.63529
11 0.592578 0.810417 0.0476562 0.151389 0.642677
4 0.451562 0.157639 0.015625 0.0486111 0.645856
4 0.560547 0.107639 0.0148437 0.0486111 0.727005
4 0.450391 0.108333 0.0148437 0.0472222 0.74832
3 0.973047 0.502778 0.0492188 0.172222 0.748598
4 0.587109 0.111111 0.0148437 0.0527778 0.8005
4 0.533203 0.109722 0.0148437 0.0527778 0.800946
4 0.396094 0.109722 0.015625 0.0472222 0.805484
4 0.423438 0.107639 0.015625 0.0513889 0.808693
