11 0.256641 0.886111 0.0632813 0.175 0.262298
11 0.533203 0.775694 0.0351562 0.1125 0.262835
7 0.493359 0.759722 0.0351562 0.119444 0.271749
10 0.423047 0.01875 0.0164062 0.0347222 0.277384
4 0.559766 0.05625 0.0179687 0.0430556 0.294468
9 0.406641 0.689583 0.0445312 0.156944 0.306746
3 0.507812 0.354167 0.0203125 0.0472222 0.311319
3 0.669531 0.115972 0.0609375 0.198611 0.350462
4 0.533594 0.203472 0.015625 0.0486111 0.357685
1 0.533984 0.122917 0.0164062 0.0708333 0.363377
10 0.533203 0.776389 0.0320312 0.1 0.365417
10 0.423828 0.35625 0.0132813 0.0430556 0.395319
4 0.396875 0.0520833 0.0171875 0.0597222 0.406908
10 0.00976562 0.247222 0.0179687 0.138889 0.421887
3 0.975781 0.502778 0.0453125 0.169444 0.470108
4 0.844531 0.886806 0.0265625 0.0430556 0.498065
11 0.592969 0.810417 0.046875 0.151389 0.515952
11 0.49375 0.758333 0.0328125 0.125 0.660674
10 0.397266 0.354861 0.0148437 0.0486111 0.678212
4 0.451172 0.157639 0.0164062 0.0486111 0.691153
4 0.560547 0.107639 0.0148437 0.0486111 0.715167
4 0.450391 0.108333 0.0148437 0.0472222 0.749711
4 0.587109 0.111111 0.0148437 0.0527778 0.790094
4 0.396094 0.109722 0.015625 0.0472222 0.809833
4 0.423047 0.107639 0.0148437 0.0513889 0.81248
4 0.533203 0.109722 0.0148437 0.0527778 0.813613
