1 0.857031 0.482639 0.0625 0.170833 0.250759
8 0.562109 0.379167 0.0226563 0.0888889 0.255228
4 0.560156 0.0583333 0.01875 0.0472222 0.275917
4 0.45 0.0618056 0.0140625 0.0569444 0.293896
11 0.585938 0.804861 0.046875 0.145833 0.295027
4 0.944922 0.931944 0.0242187 0.0444444 0.301548
10 0.424219 0.357639 0.0125 0.0458333 0.325295
3 0.50625 0.254167 0.01875 0.0472222 0.330875
10 0.414844 0.722222 0.040625 0.15 0.350435
1 0.65625 0.261806 0.0578125 0.179167 0.356246
4 0.756641 0.0375 0.0195312 0.0666667 0.365893
4 0.844141 0.884722 0.0257812 0.0388889 0.378968
10 0.231641 0.863889 0.0429688 0.152778 0.394191
4 0.746875 0.920139 0.0203125 0.0486111 0.398604
4 0.398828 0.0395833 0.0195312 0.0708333 0.406718
1 0.477344 0.0451389 0.01875 0.0569444 0.447825
3 0.708984 0.113889 0.0492188 0.188889 0.448512
1 0.961719 0.104861 0.053125 0.176389 0.48006
7 0.644531 0.725694 0.0421875 0.134722 0.494576
1 0.831641 0.615972 0.0570313 0.173611 0.56834
4 0.507422 0.0597222 0.0179687 0.05 0.645621
11 0.641016 0.727778 0.0445312 0.138889 0.73021
4 0.560938 0.108333 0.015625 0.0472222 0.746482
4 0.451953 0.157639 0.0164062 0.0486111 0.760042
4 0.45 0.108333 0.015625 0.0472222 0.767315
8 0.5875 0.806944 0.04375 0.15 0.787529
4 0.396484 0.110417 0.0148437 0.0458333 0.80182
4 0.423828 0.108333 0.0148437 0.05 0.826401
4 0.587891 0.110417 0.0164062 0.0486111 0.834484
4 0.533594 0.110417 0.015625 0.0486111 0.876498
