6 0.896094 0.895833 0.0359375 0.0583333 0.261764
4 0.504687 0.0534722 0.015625 0.0458333 0.265671
4 0.534766 0.0479167 0.0148437 0.0513889 0.270222
9 0.416406 0.711806 0.04375 0.154167 0.271118
1 0.760547 0.0819444 0.0273438 0.130556 0.290029
1 0.841406 0.593056 0.0546875 0.161111 0.29004
4 0.506641 0.213194 0.0148437 0.0625 0.291494
1 0.450391 0.157639 0.0195312 0.0458333 0.30075
10 0.416406 0.0173611 0.0171875 0.0347222 0.311406
4 0.588672 0.05 0.0179687 0.0527778 0.325705
10 0.505859 0.254167 0.0148437 0.0416667 0.336049
4 0.746094 0.920139 0.021875 0.0541667 0.347551
4 0.397656 0.0645833 0.0171875 0.104167 0.361279
10 0.396875 0.355556 0.015625 0.0583333 0.361631
8 0.477734 0.377778 0.0195312 0.0805556 0.372716
4 0.944922 0.931944 0.0242187 0.0444444 0.38489
1 0.532812 0.15 0.0171875 0.0555556 0.506181
3 0.45 0.155556 0.01875 0.0472222 0.588275
4 0.45 0.1125 0.015625 0.0527778 0.617937
4 0.533203 0.1125 0.0148437 0.05 0.657778
1 0.961328 0.1 0.0570313 0.175 0.692886
10 0.477734 0.376389 0.0195312 0.0805556 0.722307
4 0.396094 0.111111 0.015625 0.0472222 0.759346
4 0.587891 0.109722 0.0164062 0.0472222 0.795509
4 0.560938 0.110417 0.015625 0.0458333 0.821306
4 0.423438 0.109028 0.015625 0.0486111 0.824776
10 0.533594 0.383333 0.0203125 0.075 0.840666
4 0.477344 0.109028 0.0171875 0.0513889 0.874306
