4 0.559766 0.0583333 0.0195312 0.0444444 0.254984
3 0.505469 0.0597222 0.01875 0.0472222 0.255427
4 0.423047 0.213194 0.0148437 0.0680556 0.272793
10 0.397266 0.354167 0.0148437 0.05 0.353385
4 0.846484 0.892361 0.0304688 0.0569444 0.360551
10 0.605078 0.709722 0.0335938 0.138889 0.42149
11 0.491406 0.760417 0.034375 0.126389 0.451182
4 0.450781 0.15625 0.0140625 0.0486111 0.474352
8 0.591016 0.809028 0.0445312 0.154167 0.555884
3 0.657812 0.265278 0.059375 0.183333 0.654814
10 0.469531 0.645833 0.028125 0.0805556 0.666508
4 0.45 0.109722 0.0140625 0.05 0.71736
4 0.560938 0.107639 0.015625 0.0486111 0.719619
4 0.395703 0.159028 0.0148437 0.0513889 0.815755
4 0.5875 0.109722 0.015625 0.05 0.820715
4 0.533594 0.109722 0.015625 0.0472222 0.878377
