1 0.534766 0.205556 0.0179687 0.05 0.252363
4 0.215234 0.360417 0.0195312 0.0902778 0.257919
1 0.451172 0.159028 0.0148437 0.0458333 0.262696
10 0.433984 0.684028 0.0289063 0.0847222 0.263812
4 0.451562 0.15625 0.0140625 0.0486111 0.295648
4 0.845703 0.8875 0.0273438 0.0444444 0.338201
11 0.59375 0.804167 0.0484375 0.152778 0.357492
10 0.604297 0.709722 0.0351562 0.138889 0.371614
3 0.50625 0.0604167 0.0171875 0.0458333 0.375548
11 0.491797 0.759028 0.0335938 0.123611 0.421763
11 0.233203 0.880556 0.0570313 0.172222 0.422963
9 0.40625 0.670833 0.0328125 0.122222 0.450686
8 0.590234 0.808333 0.0460938 0.155556 0.653094
4 0.560547 0.109722 0.0148437 0.0472222 0.668006
4 0.450391 0.110417 0.0148437 0.0513889 0.682752
4 0.396094 0.158333 0.0140625 0.0527778 0.783886
4 0.5875 0.109028 0.015625 0.0486111 0.84534
4 0.533984 0.109722 0.0148437 0.0472222 0.882075
