1 0.534766 0.204167 0.0179687 0.05 0.251415
1 0.805078 0.582639 0.0539063 0.129167 0.252877
3 0.756641 0.243056 0.0570313 0.169444 0.25576
1 0.342187 0.0409722 0.034375 0.0708333 0.257252
4 0.682813 0.025 0.0171875 0.0444444 0.272117
10 0.424219 0.356944 0.0140625 0.0416667 0.285718
6 0.757031 0.0368056 0.0234375 0.0652778 0.290628
6 0.968359 0.460417 0.0585938 0.101389 0.347537
4 0.944922 0.932639 0.0273438 0.0430556 0.385602
6 0.723047 0.025 0.0304688 0.0444444 0.397544
10 0.55625 0.686806 0.0265625 0.0791667 0.398116
3 0.506641 0.0590278 0.0179687 0.0486111 0.419194
10 0.520703 0.708333 0.0304688 0.1 0.506662
1 0.978516 0.288194 0.0429688 0.156944 0.528243
10 0.396875 0.354167 0.015625 0.0472222 0.547046
6 0.0492188 0.930556 0.0421875 0.0888889 0.562235
11 0.489844 0.752778 0.0359375 0.125 0.576493
1 0.477734 0.201389 0.0164062 0.0472222 0.578725
8 0.589063 0.80625 0.0421875 0.148611 0.596156
4 0.560938 0.109028 0.015625 0.0513889 0.666267
4 0.450781 0.159722 0.0140625 0.0444444 0.684683
4 0.844531 0.885417 0.028125 0.0402778 0.712175
4 0.450391 0.108333 0.0148437 0.0472222 0.770309
4 0.5875 0.108333 0.015625 0.05 0.834679
4 0.396484 0.109028 0.0148437 0.0513889 0.854308
4 0.533984 0.109028 0.0148437 0.0486111 0.883489
