1 0.0433594 0.958333 0.0335938 0.0666667 0.267691
10 0.533594 0.245833 0.015625 0.0583333 0.276259
1 0.801953 0.229167 0.0539063 0.172222 0.297567
10 0.569531 0.628472 0.025 0.0875 0.332012
1 0.450391 0.159722 0.0148437 0.0472222 0.407422
4 0.450391 0.156944 0.0148437 0.05 0.473955
1 0.669531 0.0895833 0.03125 0.104167 0.490918
4 0.422656 0.210417 0.0140625 0.0597222 0.512996
10 0.396094 0.353472 0.015625 0.0486111 0.515869
4 0.559375 0.0576389 0.01875 0.0375 0.531413
6 0.0371094 0.204167 0.0664062 0.233333 0.62898
4 0.560156 0.105556 0.015625 0.05 0.684199
4 0.395703 0.159722 0.0148437 0.05 0.793768
4 0.586719 0.109028 0.015625 0.0513889 0.806437
4 0.533203 0.109028 0.0148437 0.0486111 0.856619
