4 0.756641 0.0354167 0.0210938 0.0625 0.26029
10 0.232031 0.863194 0.04375 0.151389 0.28221
4 0.45 0.0833333 0.015625 0.0777778 0.320298
4 0.945312 0.931944 0.025 0.0444444 0.325055
4 0.844141 0.884722 0.0257812 0.0388889 0.331169
3 0.707031 0.109028 0.05 0.179167 0.355481
4 0.45 0.0604167 0.0140625 0.0513889 0.384962
10 0.423438 0.356944 0.0125 0.0444444 0.397832
1 0.651953 0.247222 0.0570313 0.202778 0.43781
10 0.396875 0.354861 0.015625 0.0541667 0.459081
4 0.41875 0.0194444 0.0171875 0.0361111 0.473487
1 0.706641 0.109722 0.0507812 0.186111 0.489312
1 0.505859 0.254167 0.0179687 0.0444444 0.49107
1 0.476562 0.0472222 0.01875 0.0527778 0.507003
4 0.507031 0.0597222 0.0171875 0.0472222 0.53386
7 0.646094 0.725 0.04375 0.141667 0.554059
4 0.397266 0.0548611 0.0179687 0.0958333 0.556266
11 0.642969 0.727083 0.046875 0.143056 0.589191
7 0.289062 0.357639 0.05625 0.181944 0.714863
8 0.589453 0.808333 0.0429688 0.147222 0.751332
4 0.451172 0.157639 0.0164062 0.0486111 0.760281
4 0.560547 0.107639 0.0164062 0.0486111 0.787034
4 0.45 0.108333 0.015625 0.0472222 0.814068
4 0.395703 0.110417 0.0148437 0.0458333 0.814863
4 0.5875 0.109722 0.015625 0.05 0.837813
4 0.423438 0.108333 0.015625 0.05 0.849366
4 0.533594 0.110417 0.015625 0.0486111 0.880124
