9 0.400781 0.695139 0.0375 0.140278 0.256864
1 0.477344 0.200694 0.015625 0.0486111 0.271793
10 0.617969 0.757639 0.0359375 0.143056 0.275902
8 0.591406 0.810417 0.0421875 0.159722 0.277446
4 0.847266 0.894444 0.0320312 0.0611111 0.279851
10 0.521094 0.70625 0.03125 0.106944 0.28991
11 0.589453 0.808333 0.0429688 0.152778 0.387628
6 0.756641 0.0368056 0.0226563 0.0652778 0.419072
4 0.50625 0.0590278 0.01875 0.0513889 0.459034
6 0.722656 0.025 0.03125 0.0444444 0.491804
11 0.490625 0.756944 0.034375 0.122222 0.50303
6 0.0507812 0.926389 0.04375 0.102778 0.552114
4 0.450391 0.160417 0.0148437 0.0458333 0.553411
1 0.96875 0.293056 0.05625 0.188889 0.558874
4 0.561328 0.106944 0.0164062 0.05 0.70137
4 0.450391 0.109028 0.0148437 0.0486111 0.714142
4 0.587891 0.109722 0.0164062 0.05 0.802249
4 0.396484 0.109722 0.0148437 0.05 0.827918
4 0.533594 0.109722 0.015625 0.05 0.878455
