10 0.421875 0.708333 0.034375 0.125 0.251567
7 0.521094 0.668056 0.034375 0.113889 0.260467
4 0.945312 0.93125 0.025 0.0430556 0.283531
10 0.505859 0.254167 0.0148437 0.0388889 0.295582
4 0.505859 0.206944 0.0132813 0.0388889 0.317982
4 0.397656 0.0659722 0.015625 0.106944 0.318401
4 0.533203 0.0472222 0.0148437 0.0638889 0.324207
3 0.758984 0.161806 0.0382813 0.145833 0.327853
4 0.770703 0.327083 0.0257812 0.101389 0.331066
3 0.450391 0.155556 0.0179687 0.0444444 0.333268
4 0.751172 0.91875 0.0210938 0.0486111 0.345843
4 0.533203 0.111806 0.0148437 0.0569444 0.347532
1 0.476562 0.0402778 0.01875 0.0611111 0.349947
1 0.841797 0.584722 0.0601562 0.152778 0.39802
10 0.423828 0.356944 0.0132813 0.0472222 0.398361
1 0.450781 0.157639 0.0171875 0.0430556 0.399996
9 0.333984 0.724306 0.0398437 0.154167 0.426587
4 0.559766 0.05625 0.0179687 0.0402778 0.431358
1 0.758984 0.15625 0.0398437 0.145833 0.440715
10 0.505859 0.744444 0.0289063 0.0888889 0.465505
1 0.964063 0.0923611 0.0515625 0.154167 0.479422
10 0.396875 0.353472 0.0140625 0.0541667 0.549345
10 0.519531 0.664583 0.0296875 0.1125 0.569495
4 0.450391 0.111111 0.0148437 0.0527778 0.59546
10 0.478125 0.375694 0.0203125 0.0791667 0.60411
4 0.84375 0.884722 0.025 0.0388889 0.604516
11 0.641016 0.724306 0.0414063 0.140278 0.622261
11 0.594922 0.796528 0.0476562 0.168056 0.630576
1 0.533594 0.13125 0.0171875 0.0791667 0.650189
8 0.592969 0.798611 0.05 0.161111 0.71427
7 0.558594 0.675 0.034375 0.119444 0.718873
4 0.560547 0.109028 0.0148437 0.0486111 0.751484
4 0.423828 0.107639 0.0148437 0.0486111 0.823096
4 0.5875 0.109028 0.015625 0.0486111 0.82368
4 0.396484 0.111111 0.0148437 0.0472222 0.834246
4 0.477734 0.107639 0.0164062 0.0513889 0.846346
