10 0.415625 0.716667 0.0453125 0.158333 0.251606
1 0.790625 0.564583 0.0625 0.129167 0.253561
11 0.415625 0.709722 0.046875 0.166667 0.287582
3 0.714063 0.105556 0.0484375 0.169444 0.295644
4 0.45 0.0625 0.015625 0.0638889 0.324521
1 0.533984 0.124306 0.0179687 0.0708333 0.331153
10 0.232812 0.863194 0.0421875 0.145833 0.335781
10 0.423438 0.357639 0.0125 0.0458333 0.362704
10 0.397266 0.354861 0.0148437 0.0541667 0.365665
3 0.657812 0.253472 0.0640625 0.179167 0.392601
3 0.451172 0.157639 0.0164062 0.0486111 0.401685
4 0.417578 0.0194444 0.0179687 0.0361111 0.401717
4 0.451172 0.157639 0.0164062 0.0486111 0.41339
3 0.760938 0.0527778 0.025 0.0944444 0.423158
10 0.527734 0.756944 0.0335938 0.130556 0.482403
4 0.450391 0.106944 0.0164062 0.05 0.566527
4 0.397266 0.0527778 0.0179687 0.0944444 0.575135
4 0.560547 0.107639 0.0148437 0.0486111 0.709686
8 0.587891 0.808333 0.0398437 0.147222 0.734493
4 0.533203 0.111806 0.0148437 0.0541667 0.75017
4 0.396094 0.110417 0.015625 0.0458333 0.787429
4 0.5875 0.109028 0.015625 0.0486111 0.794918
4 0.423438 0.107639 0.015625 0.0513889 0.803534
