4 0.745703 0.920833 0.0210938 0.05 0.268634
10 0.416797 0.0166667 0.0164062 0.0333333 0.271258
10 0.00820312 0.246528 0.0164062 0.159722 0.290518
3 0.837891 0.5875 0.0679687 0.136111 0.300421
1 0.476562 0.0465278 0.01875 0.0513889 0.323543
10 0.528516 0.776389 0.0320312 0.0972222 0.334969
4 0.397266 0.0652778 0.0164062 0.108333 0.357611
11 0.588672 0.80625 0.0492188 0.143056 0.371636
1 0.964453 0.110417 0.0554687 0.176389 0.388508
4 0.942578 0.929861 0.0242187 0.0486111 0.400558
10 0.424219 0.357639 0.0125 0.0458333 0.406324
1 0.840234 0.584028 0.0648438 0.140278 0.427055
1 0.653516 0.252083 0.0570313 0.193056 0.528973
11 0.638281 0.729167 0.0453125 0.144444 0.552924
4 0.844922 0.884722 0.0257812 0.0388889 0.55453
4 0.506641 0.0583333 0.0179687 0.05 0.615951
1 0.533984 0.129167 0.0179687 0.0805556 0.628489
8 0.589453 0.808333 0.0445312 0.15 0.633616
4 0.533203 0.1125 0.0148437 0.0527778 0.654702
1 0.709375 0.1125 0.053125 0.191667 0.6685
4 0.560547 0.109028 0.0148437 0.0486111 0.708518
10 0.478516 0.378472 0.0179687 0.0708333 0.723643
4 0.451172 0.157639 0.0164062 0.0486111 0.727598
4 0.45 0.108333 0.015625 0.0472222 0.747949
4 0.5875 0.109722 0.015625 0.05 0.781839
4 0.396094 0.110417 0.015625 0.0458333 0.802672
4 0.423438 0.108333 0.015625 0.0472222 0.839084
