1 0.534766 0.204167 0.0179687 0.05 0.260086
4 0.846094 0.891667 0.0296875 0.0555556 0.270507
3 0.505859 0.0597222 0.0179687 0.0444444 0.283565
3 0.759766 0.0652778 0.0195312 0.0944444 0.286942
11 0.594141 0.803472 0.0476562 0.154167 0.300849
4 0.423438 0.211806 0.0140625 0.0652778 0.30225
4 0.559766 0.0583333 0.0179687 0.0444444 0.333869
4 0.450781 0.15625 0.0140625 0.0486111 0.34168
11 0.232031 0.880556 0.0578125 0.172222 0.394607
3 0.652734 0.260417 0.0570313 0.159722 0.412507
10 0.396875 0.354167 0.015625 0.0527778 0.420422
11 0.491406 0.760417 0.0328125 0.120833 0.420431
10 0.603125 0.708333 0.034375 0.138889 0.46789
3 0.161328 0.46875 0.0570313 0.215278 0.486083
8 0.590234 0.808333 0.0460938 0.155556 0.631159
10 0.217969 0.356944 0.021875 0.0805556 0.672156
4 0.45 0.110417 0.0140625 0.0513889 0.681113
10 0.468359 0.645833 0.0273438 0.0805556 0.684917
4 0.560547 0.108333 0.0148437 0.0472222 0.724625
4 0.395703 0.158333 0.0148437 0.0527778 0.792135
4 0.587109 0.110417 0.0148437 0.0513889 0.832689
4 0.533594 0.109722 0.015625 0.0472222 0.882453
