4 0.449609 0.0833333 0.0148437 0.0777778 0.272674
8 0.596484 0.802778 0.0445312 0.147222 0.281396
1 0.476953 0.0416667 0.0179687 0.0638889 0.281603
10 0.396875 0.354167 0.0140625 0.0555556 0.29188
4 0.688281 0.0222222 0.021875 0.0388889 0.303337
11 0.514063 0.7 0.04375 0.158333 0.310132
4 0.506641 0.209722 0.0148437 0.0527778 0.328713
10 0.476953 0.377778 0.0195312 0.0805556 0.347413
1 0.965234 0.102778 0.0507812 0.161111 0.350835
10 0.423828 0.358333 0.0117188 0.0472222 0.374648
4 0.942187 0.929861 0.025 0.0486111 0.388728
4 0.396484 0.0444444 0.0164062 0.0555556 0.414357
4 0.533203 0.1125 0.0148437 0.0555556 0.435762
6 0.724609 0.025 0.0335938 0.0444444 0.467369
4 0.532812 0.04375 0.015625 0.0625 0.490284
1 0.828125 0.596528 0.0546875 0.151389 0.541362
11 0.647266 0.728472 0.0445312 0.143056 0.614949
4 0.560938 0.0555556 0.0171875 0.0388889 0.616265
4 0.451172 0.156944 0.0148437 0.0472222 0.640802
1 0.533594 0.129861 0.0171875 0.0819444 0.689587
4 0.450391 0.10625 0.0148437 0.0458333 0.746101
4 0.560547 0.109028 0.0148437 0.0486111 0.773404
4 0.423828 0.107639 0.0148437 0.0486111 0.818348
4 0.5875 0.109028 0.015625 0.0486111 0.837817
4 0.396094 0.111111 0.0140625 0.0472222 0.839805
