10 0.423438 0.357639 0.0125 0.0458333 0.252049
4 0.559766 0.0576389 0.0195312 0.0458333 0.252316
4 0.416797 0.01875 0.0164062 0.0347222 0.287904
10 0.231641 0.8625 0.0429688 0.152778 0.295397
4 0.45 0.0631944 0.015625 0.0625 0.304685
4 0.945312 0.931944 0.025 0.0444444 0.312133
1 0.651172 0.249306 0.0585938 0.201389 0.350855
3 0.842188 0.600694 0.071875 0.154167 0.375545
4 0.745703 0.920139 0.0210938 0.0486111 0.38897
11 0.5875 0.806944 0.0484375 0.141667 0.413625
8 0.588672 0.807639 0.0445312 0.148611 0.434952
4 0.397656 0.0590278 0.0171875 0.104167 0.485842
1 0.476953 0.0458333 0.0195312 0.0555556 0.491085
4 0.844922 0.884722 0.0273438 0.0388889 0.548467
1 0.533594 0.129861 0.01875 0.0819444 0.563575
1 0.707031 0.111111 0.053125 0.194444 0.596916
4 0.450781 0.157639 0.0171875 0.0486111 0.617157
4 0.507031 0.0583333 0.01875 0.05 0.634123
1 0.839453 0.599306 0.0710938 0.170833 0.644311
11 0.639453 0.727778 0.0445312 0.138889 0.673082
4 0.532812 0.1125 0.015625 0.0527778 0.690098
4 0.560547 0.108333 0.0148437 0.05 0.729236
4 0.45 0.108333 0.015625 0.0472222 0.757136
7 0.289453 0.35625 0.0570313 0.181944 0.760639
4 0.5875 0.109722 0.015625 0.05 0.787773
4 0.396094 0.110417 0.015625 0.0458333 0.803761
4 0.423438 0.108333 0.015625 0.05 0.832354
