4 0.942969 0.929861 0.025 0.0486111 0.266972
3 0.707422 0.108333 0.0539063 0.172222 0.279814
4 0.75625 0.0354167 0.021875 0.0625 0.287612
4 0.45 0.0840278 0.015625 0.0791667 0.302581
4 0.45 0.0611111 0.0140625 0.0527778 0.338965
10 0.420312 0.01875 0.015625 0.0375 0.344738
7 0.644531 0.727778 0.040625 0.133333 0.349465
11 0.587109 0.805556 0.0476562 0.147222 0.350542
10 0.423438 0.356944 0.0125 0.0444444 0.371543
1 0.651563 0.244444 0.0578125 0.208333 0.393735
10 0.396875 0.354861 0.015625 0.0541667 0.444637
4 0.419141 0.01875 0.0164062 0.0347222 0.46997
1 0.505859 0.254167 0.0179687 0.0444444 0.487835
4 0.397656 0.0569444 0.0171875 0.0972222 0.497119
1 0.476172 0.0472222 0.0179687 0.0527778 0.498171
4 0.507031 0.0590278 0.0171875 0.0486111 0.538771
1 0.706641 0.111111 0.0507812 0.186111 0.559861
11 0.641406 0.730556 0.0453125 0.138889 0.573603
8 0.589453 0.807639 0.0445312 0.148611 0.652823
7 0.289844 0.357639 0.05625 0.181944 0.724978
4 0.451172 0.157639 0.0164062 0.0486111 0.756772
4 0.844531 0.884722 0.0234375 0.0388889 0.768486
4 0.560938 0.107639 0.015625 0.0486111 0.777412
4 0.45 0.108333 0.015625 0.0472222 0.808159
4 0.395703 0.110417 0.0148437 0.0458333 0.812693
4 0.5875 0.110417 0.015625 0.0486111 0.822077
4 0.423438 0.108333 0.015625 0.05 0.848932
4 0.533594 0.110417 0.015625 0.0486111 0.880562
