11 0.413672 0.715972 0.0476562 0.159722 0.250765
1 0.958984 0.110417 0.0554687 0.184722 0.255025
2 0.657422 0.254861 0.0648438 0.179167 0.261104
4 0.50625 0.05625 0.01875 0.0569444 0.271669
3 0.505859 0.254861 0.0179687 0.0458333 0.278137
10 0.423438 0.358333 0.0125 0.0472222 0.288575
3 0.533984 0.153472 0.0195312 0.0458333 0.294057
4 0.417578 0.0194444 0.0179687 0.0361111 0.304973
10 0.231641 0.864583 0.0414063 0.145833 0.31192
3 0.758203 0.05625 0.0242187 0.106944 0.313431
10 0.414062 0.718056 0.04375 0.158333 0.363992
4 0.451172 0.157639 0.0164062 0.0486111 0.4846
4 0.45 0.106944 0.015625 0.05 0.505069
4 0.397266 0.05625 0.0179687 0.0986111 0.511593
10 0.526953 0.759028 0.0335938 0.131944 0.525686
8 0.586328 0.808333 0.0398437 0.147222 0.533893
10 0.396875 0.354861 0.015625 0.0569444 0.537813
4 0.560547 0.107639 0.0148437 0.0486111 0.70507
4 0.396094 0.109722 0.015625 0.0472222 0.760751
4 0.423438 0.107639 0.015625 0.0513889 0.790679
4 0.5875 0.109722 0.015625 0.05 0.792877
4 0.533203 0.111806 0.0148437 0.0541667 0.806205
