4 0.449609 0.0777778 0.0164062 0.0805556 0.275273
4 0.560156 0.0576389 0.0203125 0.0458333 0.305799
3 0.763672 0.249306 0.0570313 0.176389 0.34148
4 0.746484 0.919444 0.0226563 0.0555556 0.362532
4 0.843359 0.884722 0.0242187 0.0333333 0.379344
1 0.476172 0.0479167 0.0195312 0.0513889 0.379824
4 0.397656 0.0666667 0.0171875 0.111111 0.395703
10 0.528906 0.775694 0.0328125 0.0958333 0.403395
11 0.589453 0.805556 0.0476562 0.144444 0.415058
7 0.647656 0.724306 0.0421875 0.143056 0.415178
10 0.423828 0.358333 0.0132813 0.0472222 0.415278
11 0.642969 0.726389 0.046875 0.147222 0.420961
4 0.944922 0.93125 0.0242187 0.0458333 0.42187
1 0.8375 0.58125 0.0546875 0.145833 0.510882
1 0.653516 0.252083 0.0570313 0.193056 0.553849
10 0.51875 0.665972 0.0328125 0.1125 0.578773
1 0.708984 0.113194 0.0523437 0.195833 0.587499
1 0.533594 0.129861 0.01875 0.0819444 0.633005
4 0.533203 0.113194 0.0148437 0.0541667 0.664268
4 0.50625 0.0604167 0.01875 0.0486111 0.690418
8 0.590234 0.806944 0.0445312 0.15 0.699273
10 0.478125 0.378472 0.01875 0.0736111 0.733494
4 0.560547 0.109028 0.0148437 0.0486111 0.738727
4 0.450391 0.158333 0.0164062 0.05 0.747529
4 0.45 0.109028 0.015625 0.0486111 0.755191
4 0.5875 0.110417 0.015625 0.0513889 0.794845
4 0.395703 0.111806 0.0148437 0.0486111 0.817243
4 0.423438 0.109028 0.015625 0.0486111 0.857418
