1 0.669531 0.520833 0.0359375 0.130556 0.252192
10 0.604297 0.69375 0.0289063 0.115278 0.256003
10 0.449609 0.349306 0.0179687 0.0513889 0.272055
10 0.009375 0.245833 0.0171875 0.158333 0.284107
4 0.942187 0.929861 0.0265625 0.0486111 0.326276
10 0.46875 0.647222 0.028125 0.0805556 0.343434
1 0.65 0.250694 0.0546875 0.173611 0.389004
6 0.623438 0.0180556 0.028125 0.0305556 0.389372
4 0.844531 0.885417 0.0265625 0.0402778 0.416464
6 0.627734 0.0923611 0.0273438 0.1125 0.428783
4 0.505469 0.0597222 0.0171875 0.0472222 0.437264
4 0.423438 0.205556 0.0125 0.0416667 0.439478
4 0.559375 0.05625 0.01875 0.0458333 0.443507
11 0.435937 0.704861 0.0375 0.126389 0.476445
10 0.396875 0.353472 0.015625 0.0458333 0.492105
6 0.0515625 0.934722 0.046875 0.0833333 0.514665
3 0.772656 0.0770833 0.0359375 0.129167 0.585548
11 0.231641 0.88125 0.0570313 0.176389 0.659047
4 0.451172 0.157639 0.0148437 0.0458333 0.743244
4 0.45 0.109028 0.0140625 0.0486111 0.758058
4 0.560156 0.107639 0.015625 0.0486111 0.797312
4 0.395703 0.158333 0.0148437 0.0527778 0.811449
4 0.586719 0.109028 0.015625 0.0541667 0.825283
8 0.590234 0.806944 0.0445312 0.155556 0.836613
4 0.533594 0.109028 0.015625 0.0486111 0.877314
