4 0.504297 0.0604167 0.0179687 0.0541667 0.253007
11 0.414453 0.715972 0.0476562 0.159722 0.265688
4 0.450391 0.0625 0.0164062 0.0638889 0.310521
10 0.232422 0.8625 0.0414063 0.147222 0.31095
10 0.396875 0.354167 0.0140625 0.0527778 0.313387
4 0.945312 0.932639 0.0234375 0.0430556 0.328707
11 0.646484 0.721528 0.0351562 0.118056 0.334378
3 0.762109 0.0513889 0.0289063 0.0972222 0.366632
3 0.659766 0.254167 0.0648438 0.175 0.369367
10 0.423438 0.356944 0.0125 0.0444444 0.387105
1 0.714063 0.10625 0.0484375 0.170833 0.394341
10 0.528516 0.754861 0.0351562 0.134722 0.406682
4 0.417188 0.0180556 0.0171875 0.0333333 0.423956
1 0.960156 0.108333 0.053125 0.177778 0.453427
4 0.397266 0.0527778 0.0164062 0.0944444 0.510566
7 0.647266 0.71875 0.0351562 0.120833 0.605749
4 0.450781 0.10625 0.015625 0.0486111 0.638728
4 0.451562 0.156944 0.015625 0.0472222 0.688864
4 0.560547 0.107639 0.0148437 0.0486111 0.704417
11 0.528125 0.75625 0.034375 0.1375 0.749834
4 0.395703 0.110417 0.0148437 0.0458333 0.791884
4 0.423438 0.107639 0.015625 0.0486111 0.795988
8 0.588672 0.806944 0.0414063 0.147222 0.796257
4 0.5875 0.108333 0.015625 0.0472222 0.815562
4 0.533594 0.109028 0.015625 0.0486111 0.865005
