4 0.449609 0.0847222 0.0148437 0.0777778 0.268452
4 0.45 0.0611111 0.0140625 0.0555556 0.272874
1 0.476953 0.0416667 0.0179687 0.0638889 0.288915
9 0.336719 0.721528 0.0421875 0.151389 0.28895
10 0.561328 0.815278 0.0351562 0.111111 0.289036
10 0.477344 0.377083 0.0203125 0.0847222 0.293921
4 0.687109 0.0229167 0.0179687 0.0402778 0.321435
10 0.423828 0.358333 0.0117188 0.0472222 0.324318
1 0.965234 0.104861 0.0507812 0.165278 0.331769
4 0.942187 0.929861 0.025 0.0486111 0.340869
4 0.506641 0.209722 0.0148437 0.0527778 0.348763
8 0.596484 0.802083 0.0429688 0.148611 0.392931
4 0.533203 0.1125 0.0148437 0.0555556 0.398547
4 0.396875 0.0444444 0.015625 0.0555556 0.400274
10 0.397266 0.354861 0.0148437 0.0541667 0.434043
10 0.469922 0.661806 0.0289063 0.106944 0.434113
4 0.532812 0.04375 0.015625 0.0625 0.458019
4 0.0132813 0.0951389 0.0234375 0.101389 0.461562
6 0.725 0.025 0.0328125 0.0444444 0.495443
4 0.560938 0.0555556 0.0171875 0.0388889 0.623044
4 0.451172 0.156944 0.0148437 0.0472222 0.64548
11 0.646875 0.728472 0.04375 0.143056 0.65659
1 0.827344 0.599306 0.053125 0.145833 0.660203
1 0.533594 0.129861 0.0171875 0.0819444 0.688441
4 0.450391 0.10625 0.0148437 0.0458333 0.754439
4 0.560547 0.109028 0.0148437 0.0486111 0.770734
4 0.423828 0.107639 0.0148437 0.0486111 0.813771
4 0.5875 0.109028 0.015625 0.0486111 0.840576
4 0.396094 0.111111 0.0140625 0.0472222 0.840675
