10 0.533984 0.358333 0.0148437 0.0444444 0.260475
10 0.424219 0.356944 0.0140625 0.0444444 0.267649
3 0.650781 0.225 0.0609375 0.241667 0.27188
1 0.345313 0.04375 0.0328125 0.0541667 0.288937
3 0.667578 0.10625 0.0523437 0.176389 0.299023
4 0.533984 0.202778 0.0148437 0.0527778 0.326083
11 0.533984 0.776389 0.0335938 0.108333 0.328926
10 0.221094 0.361111 0.0234375 0.0861111 0.365839
4 0.396875 0.0583333 0.01875 0.0472222 0.404398
10 0.397656 0.354861 0.015625 0.0486111 0.415371
10 0.534766 0.244444 0.0164062 0.0611111 0.424032
1 0.533984 0.122222 0.0164062 0.0722222 0.455358
11 0.59375 0.810417 0.0453125 0.148611 0.468809
4 0.84375 0.886806 0.0265625 0.0430556 0.473204
11 0.248047 0.880556 0.0601562 0.175 0.487568
9 0.40625 0.697222 0.0390625 0.15 0.508094
10 0.533984 0.777778 0.0320312 0.0972222 0.513098
3 0.975781 0.502083 0.046875 0.168056 0.513216
4 0.560547 0.0541667 0.0195312 0.0388889 0.524845
4 0.560547 0.10625 0.0148437 0.0486111 0.688995
4 0.396875 0.109722 0.015625 0.05 0.697542
4 0.451562 0.156944 0.015625 0.05 0.706149
4 0.450391 0.108333 0.0148437 0.0472222 0.729581
11 0.494531 0.759722 0.0328125 0.125 0.748241
4 0.533203 0.109028 0.0148437 0.0541667 0.766575
4 0.5875 0.108333 0.015625 0.05 0.787519
4 0.423828 0.10625 0.0148437 0.0513889 0.794486
