3 0.79375 0.576389 0.0359375 0.125 0.260131
3 0.98125 0.284028 0.0375 0.184722 0.2602
10 0.423828 0.35625 0.0132813 0.0513889 0.262748
7 0.610937 0.794444 0.0375 0.119444 0.263419
4 0.745703 0.919444 0.0210938 0.05 0.281568
6 0.896094 0.895139 0.0359375 0.0569444 0.288566
1 0.450781 0.157639 0.01875 0.0430556 0.290846
4 0.397656 0.0694444 0.015625 0.105556 0.320189
11 0.564844 0.675694 0.0390625 0.129167 0.321239
4 0.945312 0.93125 0.0234375 0.0458333 0.321576
6 0.624219 0.0215278 0.0203125 0.0402778 0.36305
1 0.839063 0.603472 0.05625 0.173611 0.393119
4 0.50625 0.0451389 0.0171875 0.0597222 0.397415
10 0.397266 0.354167 0.0148437 0.0583333 0.417511
4 0.533594 0.113194 0.015625 0.0513889 0.450982
4 0.589844 0.0472222 0.0171875 0.0555556 0.516343
10 0.477344 0.377778 0.01875 0.0777778 0.52336
3 0.450391 0.155556 0.0195312 0.0444444 0.625523
4 0.450391 0.113194 0.0148437 0.0513889 0.641561
1 0.533594 0.134722 0.01875 0.0777778 0.641616
1 0.960156 0.1 0.05625 0.172222 0.730376
4 0.587891 0.109028 0.0164062 0.0486111 0.809378
4 0.423438 0.107639 0.015625 0.0486111 0.81053
4 0.561328 0.110417 0.0148437 0.0458333 0.828113
4 0.396094 0.109722 0.015625 0.0472222 0.828525
4 0.477734 0.109722 0.0164062 0.05 0.868296
