1 0.970703 0.289583 0.0539063 0.173611 0.253427
10 0.520312 0.711806 0.028125 0.0930556 0.32942
3 0.657422 0.261111 0.0570313 0.163889 0.388165
1 0.477344 0.201389 0.0171875 0.0472222 0.404545
10 0.554297 0.688194 0.0226563 0.0763889 0.433967
4 0.423438 0.20625 0.015625 0.0458333 0.450704
4 0.84375 0.885417 0.021875 0.0347222 0.539156
8 0.589453 0.808333 0.0398437 0.147222 0.584096
11 0.489844 0.754861 0.034375 0.126389 0.689501
4 0.450391 0.160417 0.0148437 0.0458333 0.696459
4 0.560938 0.109722 0.015625 0.05 0.717839
4 0.45 0.109028 0.0140625 0.0486111 0.71909
4 0.396094 0.109722 0.015625 0.05 0.823515
4 0.5875 0.109722 0.015625 0.05 0.835454
4 0.533594 0.109722 0.015625 0.0472222 0.88048
