1 0.198828 0.938889 0.0617188 0.122222 0.251785
4 0.423438 0.205556 0.0125 0.0416667 0.307577
4 0.50625 0.0604167 0.01875 0.0458333 0.31183
3 0.50625 0.0604167 0.01875 0.0458333 0.316825
4 0.560156 0.0590278 0.01875 0.0458333 0.352059
4 0.451172 0.15625 0.0148437 0.0486111 0.373527
4 0.845312 0.886111 0.0265625 0.0416667 0.376107
10 0.397266 0.353472 0.0148437 0.0513889 0.40705
10 0.604297 0.709722 0.0335938 0.138889 0.475951
3 0.652734 0.259722 0.0585938 0.163889 0.598403
10 0.469531 0.645139 0.028125 0.0791667 0.626152
11 0.491406 0.759028 0.034375 0.123611 0.651969
4 0.450391 0.109722 0.0148437 0.05 0.712534
8 0.591016 0.808333 0.0445312 0.152778 0.721434
4 0.560938 0.106944 0.015625 0.05 0.743757
4 0.395703 0.158333 0.0148437 0.0527778 0.819809
4 0.5875 0.110417 0.015625 0.0486111 0.83842
4 0.533594 0.109722 0.015625 0.0472222 0.88298
