6 0.755859 0.0361111 0.0226563 0.0611111 0.253174
1 0.50625 0.05625 0.0171875 0.0569444 0.259581
3 0.763281 0.0506944 0.0265625 0.0930556 0.265705
4 0.45 0.0840278 0.015625 0.0763889 0.281435
4 0.449609 0.0611111 0.0148437 0.0527778 0.286605
10 0.423438 0.357639 0.0125 0.0458333 0.28947
3 0.713281 0.109722 0.0484375 0.175 0.294508
10 0.397266 0.355556 0.0148437 0.0555556 0.298187
6 0.723437 0.0236111 0.0296875 0.0416667 0.301447
4 0.559766 0.0576389 0.0179687 0.0458333 0.305798
4 0.416797 0.0180556 0.0164062 0.0333333 0.307566
11 0.416016 0.715972 0.0445312 0.148611 0.309724
3 0.505859 0.253472 0.0179687 0.0458333 0.34784
1 0.476953 0.0451389 0.0179687 0.0541667 0.418726
4 0.506641 0.0576389 0.0164062 0.0486111 0.457716
4 0.397656 0.0548611 0.0171875 0.0986111 0.521526
3 0.65625 0.254861 0.0625 0.176389 0.547286
4 0.451172 0.156944 0.0164062 0.0472222 0.587454
3 0.883203 0.268056 0.0554687 0.197222 0.589841
11 0.642578 0.732639 0.0429688 0.143056 0.620936
4 0.560547 0.108333 0.0148437 0.0472222 0.751794
4 0.45 0.108333 0.015625 0.0472222 0.775203
4 0.396094 0.110417 0.015625 0.0458333 0.800829
8 0.587891 0.806944 0.0429688 0.15 0.808166
4 0.5875 0.109028 0.015625 0.0486111 0.831944
4 0.423438 0.107639 0.015625 0.0486111 0.835001
4 0.533594 0.109028 0.015625 0.0486111 0.873576
