4 0.560156 0.0576389 0.01875 0.0458333 0.266344
4 0.417578 0.0194444 0.0179687 0.0333333 0.268368
10 0.534375 0.358333 0.015625 0.0416667 0.304138
4 0.757031 0.0333333 0.0171875 0.0638889 0.310952
1 0.0390625 0.120833 0.0640625 0.225 0.319555
11 0.252734 0.890278 0.0632813 0.169444 0.330389
4 0.683203 0.0291667 0.0179687 0.0472222 0.389132
1 0.533594 0.126389 0.0171875 0.0722222 0.402328
4 0.533594 0.202778 0.015625 0.05 0.413214
8 0.590234 0.811806 0.0429688 0.154167 0.4653
4 0.396875 0.0555556 0.0171875 0.0944444 0.524654
10 0.396875 0.354861 0.015625 0.0486111 0.543765
4 0.451562 0.158333 0.0171875 0.0472222 0.688028
4 0.560938 0.10625 0.015625 0.0513889 0.707009
4 0.844531 0.885417 0.0234375 0.0402778 0.737956
4 0.450391 0.109028 0.0148437 0.0458333 0.748667
4 0.587891 0.108333 0.0164062 0.05 0.763835
10 0.530078 0.778472 0.0289063 0.0902778 0.777812
4 0.533203 0.109722 0.0148437 0.0527778 0.813714
4 0.423438 0.107639 0.015625 0.0513889 0.81944
4 0.396484 0.111806 0.0148437 0.0486111 0.820612
11 0.488281 0.755556 0.0375 0.125 0.828601
3 0.963672 0.497222 0.0664062 0.194444 0.884185
