4 0.682422 0.025 0.0179687 0.0444444 0.257726
10 0.620313 0.755556 0.03125 0.130556 0.258947
6 0.05 0.929861 0.0421875 0.0930556 0.276403
6 0.757031 0.0361111 0.0234375 0.0666667 0.281195
3 0.2125 0.127083 0.0484375 0.195833 0.309893
6 0.967578 0.461111 0.0585938 0.108333 0.321178
10 0.434766 0.677083 0.0320312 0.0902778 0.329009
10 0.55625 0.686111 0.0265625 0.0805556 0.343219
4 0.944922 0.931944 0.0273438 0.0416667 0.361705
3 0.50625 0.0590278 0.0171875 0.0486111 0.366549
6 0.723047 0.025 0.0304688 0.0444444 0.399615
10 0.396875 0.354861 0.015625 0.0486111 0.406178
1 0.477734 0.201389 0.0164062 0.0472222 0.469305
10 0.521094 0.709028 0.0296875 0.0986111 0.515622
1 0.972266 0.286806 0.0507812 0.181944 0.518179
11 0.490234 0.753472 0.0351562 0.123611 0.566068
4 0.450391 0.160417 0.0148437 0.0458333 0.622398
8 0.589453 0.806944 0.0414063 0.147222 0.651618
4 0.560938 0.106944 0.015625 0.05 0.66822
4 0.845312 0.885417 0.028125 0.0402778 0.686398
4 0.45 0.108333 0.0140625 0.0472222 0.755717
4 0.5875 0.109028 0.015625 0.0486111 0.82404
4 0.396484 0.109028 0.0148437 0.0513889 0.843791
4 0.533594 0.109028 0.015625 0.0486111 0.880784
