4 0.944922 0.932639 0.0257812 0.0430556 0.250048
10 0.23125 0.864583 0.0421875 0.143056 0.255427
6 0.716016 0.0270833 0.0257812 0.0402778 0.261717
3 0.755078 0.0715278 0.0257812 0.143056 0.270599
3 0.533984 0.153472 0.0195312 0.0458333 0.303021
4 0.473437 0.01875 0.01875 0.0263889 0.349703
11 0.411328 0.714583 0.0492188 0.1625 0.355104
4 0.678516 0.025 0.0164062 0.0416667 0.357624
4 0.765625 0.323611 0.0265625 0.108333 0.362943
4 0.417188 0.0194444 0.0171875 0.0361111 0.363734
4 0.50625 0.0569444 0.01875 0.0583333 0.414272
8 0.586719 0.808333 0.0421875 0.147222 0.418705
10 0.526172 0.759028 0.0335938 0.129167 0.447629
10 0.396484 0.354861 0.0148437 0.0569444 0.457363
4 0.844531 0.884722 0.0265625 0.0388889 0.465904
4 0.396875 0.0576389 0.0171875 0.101389 0.478381
2 0.660156 0.252778 0.0640625 0.177778 0.496848
4 0.45 0.107639 0.015625 0.0513889 0.562983
4 0.451172 0.157639 0.0164062 0.0486111 0.594334
11 0.644141 0.721528 0.0367187 0.123611 0.59976
4 0.560547 0.107639 0.0148437 0.0486111 0.719069
4 0.396094 0.110417 0.015625 0.0486111 0.795596
4 0.5875 0.109722 0.015625 0.05 0.803802
4 0.533203 0.111806 0.0148437 0.0541667 0.812928
4 0.423438 0.107639 0.015625 0.0513889 0.814522
