3 0.0390625 0.155556 0.04375 0.130556 0.252927
10 0.396875 0.354167 0.0140625 0.05 0.263562
4 0.560156 0.0576389 0.01875 0.0458333 0.265985
1 0.760156 0.0833333 0.025 0.119444 0.301136
10 0.433984 0.680556 0.0304688 0.0888889 0.314477
4 0.50625 0.0597222 0.01875 0.0472222 0.349462
8 0.590625 0.808333 0.0421875 0.15 0.385656
1 0.477344 0.201389 0.015625 0.0472222 0.38894
10 0.619922 0.754167 0.0335938 0.133333 0.435205
4 0.450781 0.161111 0.0140625 0.0444444 0.6459
4 0.560938 0.107639 0.015625 0.0486111 0.710936
4 0.45 0.109028 0.0140625 0.0486111 0.741289
4 0.5875 0.109028 0.015625 0.0486111 0.806523
4 0.396484 0.109722 0.0148437 0.05 0.828975
4 0.533594 0.110417 0.015625 0.0486111 0.883209
