1 0.669531 0.520833 0.0359375 0.130556 0.26433
4 0.559766 0.0576389 0.0179687 0.0458333 0.278163
10 0.435937 0.704861 0.0390625 0.1375 0.320117
4 0.944531 0.931944 0.0234375 0.0444444 0.322908
10 0.396875 0.352778 0.015625 0.0527778 0.323944
10 0.45 0.348611 0.0171875 0.0527778 0.367386
4 0.844922 0.884722 0.0257812 0.0388889 0.3728
4 0.423438 0.204861 0.0125 0.0430556 0.384297
4 0.505859 0.0597222 0.0179687 0.0472222 0.468583
3 0.769531 0.0729167 0.0359375 0.126389 0.513953
11 0.590625 0.8 0.0484375 0.155556 0.54485
11 0.231641 0.880556 0.0554687 0.175 0.5462
6 0.0457031 0.934028 0.0414063 0.0819444 0.65528
4 0.451172 0.156944 0.0148437 0.0472222 0.687863
4 0.45 0.109722 0.0140625 0.05 0.718722
8 0.590234 0.806944 0.0476562 0.155556 0.758558
4 0.560938 0.107639 0.015625 0.0486111 0.767719
4 0.5875 0.109028 0.015625 0.0486111 0.771704
4 0.396094 0.159028 0.0140625 0.0513889 0.807991
4 0.533594 0.109722 0.015625 0.0472222 0.873799
