4 0.506641 0.213194 0.0148437 0.0625 0.261321
7 0.65 0.722222 0.0375 0.130556 0.26203
4 0.746094 0.920833 0.0203125 0.05 0.294006
10 0.505859 0.254167 0.0148437 0.0416667 0.300705
4 0.397656 0.0708333 0.0171875 0.105556 0.307506
10 0.416406 0.0166667 0.0171875 0.0333333 0.333133
9 0.416406 0.714583 0.0421875 0.148611 0.359654
1 0.45 0.157639 0.01875 0.0458333 0.372059
8 0.477734 0.377778 0.0195312 0.0805556 0.38501
4 0.945312 0.931944 0.0234375 0.0444444 0.388456
4 0.844141 0.884722 0.0242187 0.0388889 0.429595
3 0.45 0.15625 0.01875 0.0458333 0.493467
1 0.841016 0.613194 0.0617188 0.181944 0.517965
1 0.532812 0.150694 0.0171875 0.0541667 0.568717
4 0.533203 0.1125 0.0148437 0.05 0.630661
1 0.960938 0.100694 0.053125 0.170833 0.633588
4 0.45 0.111806 0.015625 0.0513889 0.642529
10 0.477734 0.375694 0.0195312 0.0791667 0.695848
3 0.212891 0.140278 0.0554687 0.233333 0.701744
4 0.396094 0.110417 0.015625 0.0458333 0.796175
4 0.587891 0.109028 0.0164062 0.0486111 0.806624
4 0.423438 0.109028 0.015625 0.0486111 0.829607
4 0.560938 0.110417 0.015625 0.0458333 0.832009
10 0.533594 0.383333 0.0203125 0.0722222 0.832792
4 0.477344 0.109028 0.0171875 0.0513889 0.871839
