10 0.520703 0.7125 0.0289063 0.0916667 0.294095
4 0.505859 0.0576389 0.0179687 0.0486111 0.294463
11 0.264062 0.893056 0.059375 0.163889 0.307279
10 0.61875 0.754861 0.0328125 0.131944 0.309361
4 0.423828 0.20625 0.0148437 0.0458333 0.319878
9 0.405469 0.689583 0.040625 0.1375 0.348435
1 0.477734 0.201389 0.0164062 0.0472222 0.350601
11 0.617969 0.754167 0.0328125 0.133333 0.38429
4 0.945312 0.932639 0.0265625 0.0430556 0.395532
10 0.396875 0.354167 0.015625 0.05 0.3958
10 0.554688 0.6875 0.025 0.0777778 0.416159
6 0.722656 0.0256944 0.03125 0.0458333 0.471676
1 0.972656 0.290972 0.05 0.179167 0.49804
4 0.450781 0.160417 0.0140625 0.0486111 0.611087
4 0.450391 0.109028 0.0148437 0.0513889 0.702592
4 0.560938 0.106944 0.015625 0.05 0.711073
8 0.589844 0.807639 0.0421875 0.151389 0.728458
11 0.490234 0.754861 0.0351562 0.126389 0.729802
4 0.844922 0.885417 0.0273438 0.0402778 0.747269
4 0.396484 0.109028 0.0148437 0.0513889 0.805457
4 0.5875 0.108333 0.015625 0.05 0.827511
4 0.533594 0.109028 0.015625 0.0486111 0.882433
