10 0.50625 0.252083 0.0140625 0.0402778 0.250696
10 0.560938 0.354167 0.015625 0.0527778 0.258623
3 0.45 0.155556 0.01875 0.0444444 0.260662
1 0.476172 0.0451389 0.0164062 0.0513889 0.279826
1 0.7625 0.0888889 0.0296875 0.136111 0.295271
11 0.469141 0.663889 0.0351562 0.119444 0.307114
7 0.324609 0.611806 0.0648438 0.190278 0.316423
10 0.396484 0.0451389 0.0164062 0.0597222 0.318244
10 0.419141 0.0173611 0.0164062 0.0347222 0.34139
1 0.664062 0.106944 0.05625 0.188889 0.35914
4 0.944922 0.931944 0.0242187 0.0444444 0.360792
4 0.533594 0.1125 0.015625 0.0555556 0.372923
4 0.587109 0.0569444 0.0195312 0.0472222 0.378716
1 0.45 0.157639 0.0171875 0.0430556 0.386679
10 0.533984 0.355556 0.0148437 0.0472222 0.406599
4 0.397266 0.0590278 0.0164062 0.0986111 0.406872
11 0.639844 0.733333 0.046875 0.15 0.441072
4 0.506641 0.0527778 0.0164062 0.05 0.450358
10 0.476953 0.377778 0.0179687 0.075 0.479366
1 0.657812 0.258333 0.0546875 0.166667 0.512185
4 0.844141 0.885417 0.0257812 0.0402778 0.556286
4 0.450391 0.111111 0.0148437 0.05 0.617154
1 0.959766 0.0972222 0.0601562 0.166667 0.668348
1 0.533594 0.129167 0.01875 0.0805556 0.693372
4 0.560938 0.107639 0.015625 0.0486111 0.766753
4 0.396094 0.111111 0.0140625 0.0472222 0.799508
4 0.423438 0.107639 0.015625 0.0486111 0.814571
4 0.5875 0.106944 0.0171875 0.05 0.820827
4 0.477734 0.108333 0.0164062 0.05 0.868428
