10 0.424219 0.357639 0.0140625 0.0430556 0.272742
11 0.201562 0.852083 0.05625 0.173611 0.273374
10 0.00820312 0.245139 0.0148437 0.154167 0.281474
11 0.647656 0.720139 0.0375 0.109722 0.283383
10 0.419922 0.0180556 0.0164062 0.0361111 0.292397
1 0.764063 0.14375 0.040625 0.143056 0.296487
1 0.758594 0.08125 0.0234375 0.109722 0.317862
11 0.530469 0.778472 0.034375 0.106944 0.320173
4 0.450391 0.0625 0.0164062 0.0638889 0.400266
4 0.683594 0.0291667 0.01875 0.05 0.416872
6 0.803906 0.746528 0.06875 0.2125 0.420183
4 0.397656 0.0569444 0.0171875 0.1 0.449403
4 0.451562 0.157639 0.0171875 0.0486111 0.481111
10 0.397266 0.355556 0.0148437 0.05 0.546264
10 0.530469 0.778472 0.03125 0.0930556 0.601622
8 0.590625 0.8125 0.0421875 0.155556 0.605295
4 0.45 0.108333 0.015625 0.05 0.634464
4 0.533594 0.110417 0.015625 0.0569444 0.64339
4 0.560547 0.107639 0.0148437 0.0513889 0.664952
1 0.533594 0.131944 0.01875 0.0861111 0.714966
1 0.835547 0.598611 0.0507812 0.141667 0.77633
4 0.396094 0.111111 0.015625 0.0472222 0.78226
4 0.587891 0.109028 0.0164062 0.0513889 0.788339
4 0.423438 0.108333 0.015625 0.05 0.820728
