10 0.419141 0.01875 0.0179687 0.0375 0.271945
4 0.451562 0.134028 0.015625 0.0819444 0.287365
4 0.506641 0.0569444 0.0195312 0.0555556 0.287745
4 0.418359 0.0194444 0.0179687 0.0361111 0.31689
11 0.645703 0.720139 0.0351562 0.118056 0.330359
3 0.715625 0.110417 0.0484375 0.181944 0.332346
4 0.683984 0.0243056 0.0164062 0.0402778 0.352584
4 0.451562 0.157639 0.0171875 0.0513889 0.416264
3 0.451172 0.157639 0.0179687 0.0513889 0.428978
4 0.450391 0.0618056 0.0164062 0.0541667 0.452665
4 0.397656 0.0597222 0.0171875 0.102778 0.455121
10 0.397266 0.354167 0.0164062 0.0555556 0.480651
3 0.65625 0.25 0.0640625 0.180556 0.551055
1 0.533594 0.131944 0.01875 0.0805556 0.559892
4 0.844922 0.884028 0.0257812 0.0402778 0.60073
10 0.530469 0.778472 0.03125 0.0930556 0.637223
4 0.450391 0.107639 0.0164062 0.0513889 0.6558
8 0.588672 0.808333 0.0429688 0.147222 0.68746
4 0.533203 0.111806 0.0164062 0.0541667 0.7109
4 0.560938 0.108333 0.015625 0.05 0.763425
4 0.586719 0.111806 0.015625 0.0541667 0.799003
4 0.423438 0.107639 0.015625 0.0513889 0.805245
4 0.396484 0.109722 0.0164062 0.0472222 0.80706
