4 0.505859 0.0590278 0.0195312 0.0513889 0.263752
10 0.520312 0.7125 0.028125 0.0916667 0.308744
10 0.554297 0.6875 0.0226563 0.0777778 0.315289
12 0.341797 0.288889 0.0523437 0.169444 0.317162
1 0.477344 0.201389 0.0171875 0.0472222 0.39913
6 0.722656 0.0243056 0.03125 0.0430556 0.422269
4 0.844531 0.884722 0.0234375 0.0388889 0.448992
4 0.423047 0.206944 0.0148437 0.0472222 0.47017
8 0.589453 0.808333 0.0398437 0.144444 0.515991
11 0.489453 0.754167 0.0335938 0.127778 0.671869
4 0.450391 0.161111 0.0148437 0.0472222 0.732298
4 0.560547 0.108333 0.0164062 0.05 0.735891
4 0.450391 0.109028 0.0148437 0.0486111 0.739521
4 0.396094 0.109722 0.015625 0.05 0.819639
4 0.587891 0.109722 0.0164062 0.05 0.832216
4 0.533594 0.110417 0.015625 0.0486111 0.879148
