1 0.534375 0.204167 0.0171875 0.05 0.259217
4 0.560156 0.0583333 0.01875 0.0472222 0.328037
4 0.422266 0.0194444 0.0164062 0.0333333 0.33351
10 0.396875 0.354861 0.015625 0.0486111 0.360273
3 0.974609 0.263194 0.0429688 0.131944 0.363645
9 0.403906 0.690278 0.0375 0.133333 0.385462
3 0.760938 0.0576389 0.0296875 0.104167 0.390115
4 0.423828 0.20625 0.0148437 0.0458333 0.395409
1 0.473047 0.0208333 0.0210938 0.0277778 0.399649
6 0.760547 0.0590278 0.0289063 0.104167 0.421792
1 0.477734 0.201389 0.0164062 0.0472222 0.422601
10 0.00898437 0.247917 0.0164062 0.154167 0.461836
4 0.396484 0.0375 0.0195312 0.0638889 0.469508
6 0.722656 0.0243056 0.0296875 0.0430556 0.470716
10 0.555469 0.685417 0.0234375 0.0736111 0.480628
10 0.520703 0.711806 0.0273438 0.0875 0.507631
11 0.490625 0.754861 0.03125 0.120833 0.512225
11 0.589844 0.806944 0.04375 0.15 0.515574
4 0.451172 0.160417 0.0148437 0.0486111 0.582066
1 0.784766 0.567361 0.0585938 0.126389 0.609138
4 0.844141 0.882639 0.0242187 0.0375 0.651623
4 0.450781 0.109028 0.0140625 0.0513889 0.731775
4 0.560938 0.106944 0.015625 0.05 0.739028
4 0.396484 0.109722 0.0148437 0.05 0.76481
4 0.533594 0.108333 0.0140625 0.05 0.813402
4 0.587891 0.108333 0.0164062 0.05 0.823018
