3 0.479688 0.503472 0.0453125 0.0986111 0.302945
11 0.592578 0.803472 0.0476562 0.154167 0.305416
4 0.398438 0.01875 0.0171875 0.0347222 0.320079
4 0.941797 0.93125 0.0289063 0.0486111 0.320629
1 0.534766 0.204167 0.0179687 0.0527778 0.38449
10 0.604297 0.705556 0.0335938 0.136111 0.390253
4 0.505469 0.0590278 0.01875 0.0458333 0.405392
4 0.560938 0.0583333 0.01875 0.05 0.419504
4 0.423047 0.20625 0.0132813 0.0430556 0.43064
4 0.451172 0.15625 0.0148437 0.0513889 0.453992
4 0.845703 0.885417 0.0273438 0.0402778 0.458703
11 0.491406 0.757639 0.0328125 0.123611 0.526744
10 0.469922 0.64375 0.0273438 0.0791667 0.541798
10 0.396875 0.354861 0.015625 0.0486111 0.56885
8 0.590625 0.807639 0.0453125 0.154167 0.636491
4 0.450391 0.113194 0.0148437 0.0569444 0.648025
4 0.561328 0.106944 0.0164062 0.05 0.764398
4 0.395703 0.159722 0.0148437 0.0527778 0.809951
4 0.587891 0.109028 0.0164062 0.0486111 0.846017
4 0.533594 0.109028 0.015625 0.0486111 0.88447
