4 0.746094 0.920833 0.0203125 0.05 0.256614
10 0.521875 0.665972 0.0265625 0.115278 0.259691
4 0.449609 0.0840278 0.0148437 0.0763889 0.275591
1 0.963672 0.104861 0.0507812 0.165278 0.279884
1 0.476953 0.0416667 0.0179687 0.0638889 0.295852
4 0.506641 0.209722 0.0148437 0.0527778 0.321208
4 0.688281 0.0222222 0.021875 0.0388889 0.32599
10 0.423438 0.358333 0.0125 0.0472222 0.329693
4 0.944531 0.931944 0.0234375 0.0444444 0.340726
9 0.336328 0.723611 0.0429688 0.155556 0.355233
4 0.396484 0.0451389 0.0164062 0.0569444 0.35763
8 0.596484 0.801389 0.0445312 0.155556 0.373403
4 0.533203 0.1125 0.0148437 0.0555556 0.38366
6 0.0171875 0.0548611 0.03125 0.0986111 0.390204
10 0.478125 0.379167 0.01875 0.0777778 0.440474
4 0.532812 0.04375 0.015625 0.0625 0.441489
10 0.396875 0.354861 0.0140625 0.0541667 0.443603
6 0.724609 0.025 0.0335938 0.0416667 0.53602
1 0.824219 0.60625 0.05625 0.1625 0.566165
4 0.451172 0.156944 0.0148437 0.0472222 0.614884
4 0.560938 0.0555556 0.0171875 0.0388889 0.620374
11 0.646875 0.729167 0.0453125 0.144444 0.637364
1 0.533594 0.129861 0.0171875 0.0819444 0.692197
4 0.450391 0.10625 0.0148437 0.0458333 0.747286
4 0.560547 0.109028 0.0148437 0.0486111 0.768528
4 0.423828 0.107639 0.0148437 0.0486111 0.819289
4 0.396094 0.111111 0.0140625 0.0472222 0.838212
4 0.5875 0.109028 0.015625 0.0486111 0.842891
