10 0.41875 0.711111 0.0375 0.133333 0.255411
11 0.519531 0.672917 0.0359375 0.145833 0.259327
1 0.533203 0.1125 0.0148437 0.0527778 0.262115
4 0.746484 0.920833 0.0210938 0.05 0.264647
9 0.416406 0.713889 0.0453125 0.15 0.279372
4 0.422656 0.249306 0.0140625 0.0513889 0.281725
11 0.528906 0.770833 0.034375 0.113889 0.304522
2 0.834375 0.597917 0.0515625 0.159722 0.307048
1 0.8375 0.59375 0.053125 0.154167 0.307508
10 0.505859 0.254167 0.0148437 0.0361111 0.317799
1 0.71875 0.114583 0.05 0.1875 0.344648
6 0.976953 0.0368056 0.0398437 0.0625 0.374923
10 0.507422 0.74375 0.0289063 0.0930556 0.389784
10 0.423047 0.357639 0.0132813 0.0458333 0.391546
4 0.942187 0.929861 0.0234375 0.0486111 0.396017
1 0.961328 0.1 0.0507812 0.161111 0.404869
8 0.595703 0.798611 0.0445312 0.161111 0.414417
4 0.397266 0.0631944 0.0164062 0.106944 0.422259
11 0.575781 0.690278 0.040625 0.161111 0.43269
4 0.532812 0.0444444 0.015625 0.0611111 0.436572
10 0.477344 0.377083 0.01875 0.0763889 0.451769
7 0.576172 0.690972 0.0398437 0.159722 0.452652
10 0.396484 0.354167 0.0148437 0.0527778 0.463198
4 0.844141 0.884722 0.0226563 0.0388889 0.484014
6 0.723828 0.0229167 0.0351562 0.0402778 0.52327
4 0.505469 0.20625 0.0140625 0.0402778 0.526226
10 0.450391 0.155556 0.0148437 0.0444444 0.558857
1 0.476172 0.0375 0.0195312 0.0638889 0.580282
4 0.560547 0.0555556 0.0179687 0.0388889 0.589585
4 0.45 0.104861 0.015625 0.0458333 0.686177
11 0.646875 0.725 0.04375 0.144444 0.686756
1 0.533203 0.131944 0.0179687 0.0805556 0.72609
4 0.560156 0.109028 0.0140625 0.0486111 0.788423
4 0.423047 0.107639 0.0164062 0.0513889 0.813944
4 0.476953 0.109028 0.0148437 0.0486111 0.826752
4 0.5875 0.108333 0.015625 0.0472222 0.834901
4 0.395703 0.110417 0.0148437 0.0486111 0.850502
