1 0.959766 0.114583 0.0523437 0.179167 0.252392
4 0.560156 0.0583333 0.01875 0.0472222 0.264005
10 0.396875 0.354167 0.015625 0.0555556 0.264091
4 0.449609 0.0611111 0.0148437 0.0555556 0.269119
1 0.50625 0.0569444 0.0171875 0.0555556 0.278262
11 0.414062 0.716667 0.0484375 0.158333 0.278636
10 0.423438 0.357639 0.0125 0.0458333 0.281271
4 0.449609 0.0847222 0.0164062 0.075 0.285724
4 0.416016 0.0180556 0.0164062 0.0333333 0.286266
6 0.766016 0.0527778 0.0320312 0.0944444 0.295431
10 0.232031 0.863194 0.0421875 0.148611 0.300454
3 0.505859 0.253472 0.0195312 0.0486111 0.30284
3 0.713281 0.106944 0.05 0.175 0.362173
1 0.477344 0.0465278 0.01875 0.0541667 0.380866
3 0.656641 0.254167 0.0632813 0.177778 0.387999
10 0.414844 0.71875 0.04375 0.156944 0.38814
3 0.765625 0.0520833 0.0296875 0.0930556 0.44711
4 0.397656 0.0576389 0.0171875 0.101389 0.451995
4 0.507031 0.0576389 0.0171875 0.0486111 0.527623
4 0.451172 0.156944 0.0164062 0.0472222 0.568939
11 0.642578 0.73125 0.0414063 0.1375 0.577541
8 0.586719 0.806944 0.04375 0.147222 0.597765
3 0.8875 0.269444 0.0546875 0.197222 0.606768
4 0.560938 0.107639 0.015625 0.0486111 0.748717
4 0.45 0.107639 0.015625 0.0486111 0.751876
4 0.396094 0.110417 0.015625 0.0458333 0.783619
4 0.423438 0.107639 0.015625 0.0486111 0.813905
4 0.5875 0.109028 0.015625 0.0486111 0.82699
4 0.533594 0.109028 0.015625 0.0486111 0.869309
