3 0.971484 0.0972222 0.0507812 0.169444 0.253652
3 0.656641 0.251389 0.0523437 0.169444 0.257517
4 0.560547 0.0583333 0.0195312 0.05 0.280046
4 0.759766 0.0597222 0.0210938 0.0944444 0.316744
11 0.593359 0.804167 0.0476562 0.152778 0.317005
1 0.535156 0.204167 0.0171875 0.05 0.351448
4 0.423438 0.204861 0.0125 0.0430556 0.357999
10 0.470313 0.645833 0.028125 0.0805556 0.389431
4 0.846094 0.892361 0.0328125 0.0569444 0.389827
10 0.605469 0.707639 0.034375 0.140278 0.429937
4 0.475391 0.0159722 0.0242187 0.0263889 0.457553
4 0.451172 0.156944 0.0148437 0.05 0.457953
10 0.397266 0.354167 0.0148437 0.0472222 0.484592
4 0.50625 0.0597222 0.01875 0.0472222 0.500019
8 0.591016 0.807639 0.0460938 0.154167 0.520505
11 0.491406 0.757639 0.034375 0.126389 0.565536
3 0.985156 0.275694 0.0296875 0.159722 0.595518
4 0.45 0.111111 0.0140625 0.0555556 0.645353
3 0.466797 0.490278 0.0445312 0.136111 0.652121
4 0.561328 0.106944 0.0164062 0.05 0.7228
4 0.395703 0.159028 0.0148437 0.0513889 0.813092
4 0.587891 0.109028 0.0164062 0.0486111 0.835061
4 0.533984 0.109722 0.0148437 0.0472222 0.877587
