10 0.521484 0.713194 0.0289063 0.0930556 0.251721
1 0.533594 0.204861 0.0171875 0.0541667 0.259845
10 0.55625 0.688889 0.0234375 0.0777778 0.280972
10 0.00898437 0.244444 0.0164062 0.161111 0.293617
3 0.978125 0.285417 0.04375 0.165278 0.313988
3 0.508203 0.352778 0.0195312 0.0472222 0.31587
4 0.560156 0.0583333 0.01875 0.05 0.316874
3 0.657031 0.261806 0.0515625 0.168056 0.322337
1 0.342187 0.0409722 0.034375 0.0736111 0.332094
6 0.763281 0.0583333 0.034375 0.102778 0.346972
4 0.396875 0.0638889 0.015625 0.111111 0.374491
3 0.7625 0.05625 0.0328125 0.101389 0.400337
1 0.477344 0.202083 0.0171875 0.0458333 0.463621
11 0.590625 0.808333 0.0421875 0.152778 0.485954
4 0.844531 0.883333 0.025 0.0388889 0.50764
1 0.970312 0.113194 0.0515625 0.1875 0.543091
4 0.423828 0.20625 0.0148437 0.0458333 0.567103
11 0.341406 0.6 0.0578125 0.177778 0.613804
1 0.785937 0.559028 0.05625 0.1375 0.62943
11 0.491016 0.757639 0.0351562 0.126389 0.636157
10 0.397266 0.354861 0.0164062 0.0486111 0.657331
4 0.560938 0.109722 0.015625 0.05 0.683416
4 0.450391 0.161806 0.0148437 0.0458333 0.69029
6 0.724609 0.0243056 0.0320312 0.0458333 0.693141
4 0.45 0.109722 0.0140625 0.05 0.746503
4 0.396094 0.109722 0.015625 0.05 0.817895
4 0.5875 0.109722 0.015625 0.05 0.818742
4 0.533984 0.109028 0.0148437 0.0486111 0.839705
