11 0.588672 0.806944 0.0476562 0.141667 0.2533
4 0.417578 0.01875 0.0164062 0.0347222 0.255352
4 0.745703 0.920139 0.0210938 0.0486111 0.267067
4 0.45 0.0833333 0.015625 0.0777778 0.280561
10 0.527734 0.775 0.0335938 0.1 0.286658
1 0.705469 0.622222 0.0515625 0.138889 0.310204
4 0.945703 0.931944 0.0242187 0.0444444 0.321657
10 0.423828 0.358333 0.0132813 0.0472222 0.326309
10 0.417578 0.0173611 0.0164062 0.0347222 0.330608
1 0.476562 0.0472222 0.01875 0.0527778 0.364
10 0.450391 0.297222 0.0132813 0.0472222 0.422072
4 0.397656 0.0604167 0.0171875 0.104167 0.431666
11 0.640234 0.730556 0.0460938 0.141667 0.438229
1 0.657031 0.265278 0.0625 0.166667 0.44743
1 0.962891 0.100694 0.0570313 0.165278 0.449732
1 0.533984 0.129861 0.0179687 0.0819444 0.589514
4 0.507031 0.0590278 0.01875 0.0513889 0.624179
4 0.451172 0.157639 0.0164062 0.0486111 0.627243
4 0.533594 0.113194 0.015625 0.0541667 0.639039
4 0.844531 0.88125 0.0234375 0.0347222 0.686534
1 0.708594 0.114583 0.053125 0.195833 0.691235
4 0.560547 0.108333 0.0148437 0.05 0.694271
10 0.478125 0.378472 0.01875 0.0736111 0.749579
8 0.589453 0.808333 0.0429688 0.147222 0.764539
4 0.450391 0.109028 0.0164062 0.0486111 0.765157
4 0.5875 0.109722 0.015625 0.05 0.768974
4 0.396094 0.110417 0.015625 0.0458333 0.798123
4 0.423438 0.109028 0.015625 0.0486111 0.833763
