4 0.505469 0.0597222 0.01875 0.0472222 0.252367
1 0.126563 0.945833 0.0625 0.108333 0.256932
3 0.505469 0.0597222 0.01875 0.0472222 0.262004
4 0.423047 0.213194 0.0148437 0.0680556 0.277682
10 0.397266 0.354167 0.0148437 0.05 0.319832
1 0.695703 0.0284722 0.0429688 0.0541667 0.325232
4 0.846484 0.892361 0.0304688 0.0569444 0.338923
11 0.491797 0.761111 0.0335938 0.125 0.428595
10 0.605078 0.711111 0.0335938 0.141667 0.446016
1 0.662109 0.09375 0.0554687 0.165278 0.45035
4 0.450781 0.15625 0.0140625 0.0486111 0.478198
8 0.590625 0.809028 0.0453125 0.154167 0.595083
3 0.654688 0.267361 0.0578125 0.181944 0.63118
10 0.469141 0.647222 0.0273438 0.0833333 0.66806
4 0.560547 0.107639 0.0164062 0.0486111 0.71551
4 0.45 0.109722 0.0140625 0.05 0.722416
4 0.395703 0.159028 0.0148437 0.0513889 0.817243
4 0.5875 0.109028 0.015625 0.0486111 0.828265
4 0.533594 0.109722 0.015625 0.0472222 0.876782
