7 0.642969 0.725694 0.0421875 0.131944 0.272861
3 0.841797 0.596528 0.0679687 0.148611 0.284993
4 0.45 0.0631944 0.015625 0.0625 0.301252
4 0.417188 0.01875 0.0171875 0.0347222 0.308537
4 0.944922 0.931944 0.0242187 0.0444444 0.314037
2 0.842578 0.597222 0.0648438 0.15 0.373885
1 0.656641 0.266667 0.0617188 0.163889 0.378525
11 0.5875 0.806944 0.0484375 0.141667 0.406231
4 0.746094 0.920139 0.0203125 0.0486111 0.411361
8 0.588672 0.807639 0.0445312 0.148611 0.489283
1 0.476953 0.0458333 0.0195312 0.0555556 0.491778
4 0.397656 0.0590278 0.0171875 0.101389 0.499503
10 0.23125 0.861111 0.0421875 0.15 0.499861
4 0.450781 0.157639 0.0171875 0.0486111 0.576335
1 0.533594 0.129861 0.01875 0.0819444 0.581254
4 0.844141 0.884722 0.0273438 0.0388889 0.588145
1 0.839844 0.596528 0.065625 0.1625 0.598605
1 0.707031 0.110417 0.053125 0.195833 0.613953
4 0.507031 0.0583333 0.01875 0.05 0.630586
7 0.291016 0.35625 0.0570313 0.184722 0.641034
11 0.639844 0.727778 0.0453125 0.138889 0.655196
4 0.532812 0.1125 0.015625 0.0527778 0.679359
4 0.560547 0.108333 0.0148437 0.05 0.721494
4 0.45 0.108333 0.015625 0.0472222 0.748457
4 0.5875 0.109722 0.015625 0.05 0.784283
4 0.396094 0.110417 0.015625 0.0458333 0.797963
4 0.423438 0.108333 0.015625 0.05 0.834906
