3 0.0203125 0.330556 0.0328125 0.194444 0.262343
1 0.0195312 0.332639 0.0328125 0.198611 0.266267
3 0.125 0.288194 0.03125 0.140278 0.27049
1 0.857031 0.902778 0.0515625 0.075 0.281728
5 0.0433594 0.445833 0.0492188 0.180556 0.282259
11 0.566797 0.680556 0.0414063 0.127778 0.28965
1 0.053125 0.21875 0.05 0.168056 0.328234
10 0.599219 0.64375 0.03125 0.0930556 0.35796
3 0.669531 0.0888889 0.034375 0.111111 0.393101
1 0.592969 0.304167 0.0515625 0.169444 0.399658
1 0.0792969 0.350694 0.0304688 0.120833 0.406557
3 0.144922 0.139583 0.0414063 0.120833 0.415317
6 0.0558594 0.163194 0.0507812 0.131944 0.416554
