10 0.555859 0.6875 0.0242187 0.0777778 0.253321
1 0.533594 0.204167 0.0171875 0.0527778 0.268715
10 0.521484 0.713194 0.0289063 0.0902778 0.293355
1 0.473047 0.0215278 0.0210938 0.0263889 0.306314
3 0.508594 0.352778 0.0203125 0.0472222 0.30825
11 0.255469 0.890972 0.065625 0.168056 0.312384
11 0.231641 0.871528 0.0554687 0.173611 0.315227
1 0.477344 0.201389 0.0171875 0.0472222 0.339357
4 0.560156 0.0583333 0.01875 0.0472222 0.342913
9 0.403906 0.695139 0.040625 0.145833 0.353007
4 0.397266 0.0361111 0.0195312 0.0638889 0.382821
4 0.411719 0.0180556 0.0171875 0.0361111 0.387157
4 0.424219 0.20625 0.0140625 0.0458333 0.44001
6 0.762109 0.0590278 0.0304688 0.106944 0.44953
3 0.786719 0.571528 0.0546875 0.131944 0.458949
3 0.762109 0.0583333 0.0304688 0.105556 0.459788
6 0.722266 0.025 0.0304688 0.0444444 0.495816
3 0.975781 0.2875 0.0484375 0.166667 0.54541
4 0.844141 0.883333 0.0242187 0.0388889 0.548806
11 0.590625 0.808333 0.04375 0.152778 0.584741
1 0.785156 0.568056 0.0578125 0.125 0.623362
10 0.397266 0.354861 0.0164062 0.0486111 0.629362
4 0.450781 0.161111 0.0140625 0.0472222 0.648052
4 0.560938 0.106944 0.015625 0.05 0.68004
11 0.490625 0.757639 0.034375 0.123611 0.726051
4 0.45 0.109028 0.0140625 0.0513889 0.730558
4 0.396094 0.109722 0.015625 0.05 0.811111
4 0.5875 0.109722 0.015625 0.05 0.8152
4 0.533984 0.109028 0.0148437 0.0486111 0.826116
