4 0.945703 0.931944 0.0242187 0.0444444 0.266397
4 0.685156 0.025 0.015625 0.0472222 0.267808
1 0.533984 0.0465278 0.0164062 0.0541667 0.296061
4 0.745703 0.919444 0.0210938 0.05 0.298567
4 0.759766 0.0368056 0.0179687 0.0680556 0.308295
10 0.505859 0.254861 0.0148437 0.0375 0.325186
4 0.397656 0.06875 0.015625 0.106944 0.326971
3 0.841797 0.581944 0.0664062 0.163889 0.346671
3 0.450391 0.15625 0.0179687 0.0430556 0.349159
10 0.505859 0.74375 0.0304688 0.0930556 0.35431
4 0.532812 0.0465278 0.015625 0.0625 0.357682
1 0.533203 0.111806 0.0148437 0.0513889 0.359567
4 0.505859 0.206944 0.0132813 0.0388889 0.374756
11 0.51875 0.664583 0.03125 0.120833 0.376216
1 0.476562 0.0409722 0.01875 0.0625 0.383566
1 0.663281 0.252083 0.059375 0.176389 0.391325
10 0.423828 0.35625 0.0132813 0.0458333 0.412014
10 0.519922 0.6625 0.0289063 0.111111 0.412356
1 0.450781 0.158333 0.0171875 0.0416667 0.421271
4 0.560156 0.0555556 0.0171875 0.0388889 0.44836
8 0.593359 0.798611 0.0492188 0.161111 0.465438
10 0.478125 0.376389 0.0203125 0.0805556 0.467989
11 0.642187 0.722917 0.0421875 0.140278 0.472061
9 0.333984 0.724306 0.0429688 0.156944 0.492338
11 0.573047 0.700694 0.0382813 0.126389 0.502883
4 0.844141 0.884722 0.0257812 0.0388889 0.563082
10 0.397266 0.352778 0.0148437 0.0527778 0.572289
11 0.594531 0.800694 0.046875 0.1625 0.575729
1 0.842188 0.576389 0.0671875 0.180556 0.582566
4 0.450391 0.111111 0.0148437 0.0527778 0.598892
1 0.533594 0.131944 0.0171875 0.0777778 0.652355
1 0.9625 0.0993056 0.059375 0.170833 0.69276
4 0.560547 0.109028 0.0148437 0.0486111 0.76126
4 0.395703 0.109722 0.0148437 0.0444444 0.816058
4 0.423438 0.107639 0.015625 0.0486111 0.825341
4 0.5875 0.109028 0.015625 0.0486111 0.825663
4 0.477734 0.107639 0.0164062 0.0513889 0.846094
