4 0.533984 0.203472 0.0148437 0.0513889 0.250419
4 0.560156 0.0569444 0.01875 0.0444444 0.252867
4 0.417578 0.01875 0.0179687 0.0319444 0.26436
8 0.590625 0.811806 0.0421875 0.154167 0.325377
4 0.683203 0.0284722 0.0179687 0.0486111 0.368843
11 0.589453 0.809028 0.0429688 0.148611 0.377463
1 0.533984 0.126389 0.0179687 0.0722222 0.416756
10 0.534766 0.357639 0.0148437 0.0430556 0.463804
4 0.397656 0.0555556 0.0171875 0.0972222 0.487111
10 0.397656 0.354167 0.015625 0.05 0.506686
4 0.560547 0.106944 0.0148437 0.05 0.63727
4 0.451953 0.157639 0.0164062 0.0458333 0.638555
4 0.844531 0.885417 0.0234375 0.0402778 0.706801
10 0.530078 0.777778 0.0304688 0.0916667 0.719493
4 0.450391 0.108333 0.0148437 0.0472222 0.727182
4 0.5875 0.108333 0.015625 0.05 0.742731
4 0.423438 0.106944 0.015625 0.05 0.785332
4 0.533203 0.109722 0.0148437 0.0527778 0.793157
4 0.396484 0.110417 0.0148437 0.0486111 0.793988
11 0.488672 0.754861 0.0382813 0.126389 0.851992
3 0.964844 0.496528 0.0671875 0.190278 0.886573
