11 0.580078 0.704861 0.0351562 0.118056 0.251612
11 0.576953 0.84375 0.0398437 0.126389 0.264836
10 0.0105469 0.246528 0.0195312 0.165278 0.27005
6 0.721484 0.0270833 0.0414063 0.0458333 0.286024
10 0.417578 0.0173611 0.0164062 0.0347222 0.299875
4 0.942578 0.930556 0.0257812 0.05 0.322298
1 0.450391 0.157639 0.0195312 0.0458333 0.367563
10 0.50625 0.255556 0.015625 0.0388889 0.373019
1 0.766797 0.222222 0.0539063 0.175 0.392958
1 0.560547 0.102778 0.0179687 0.0555556 0.419317
4 0.559766 0.0583333 0.0179687 0.0444444 0.423587
4 0.505078 0.0479167 0.0164062 0.0569444 0.430747
4 0.397656 0.0583333 0.0171875 0.0972222 0.448626
3 0.661719 0.25 0.06875 0.188889 0.466341
8 0.477734 0.377778 0.0195312 0.0805556 0.475999
4 0.844922 0.884722 0.0242187 0.0388889 0.481018
4 0.587891 0.05625 0.0179687 0.0430556 0.488779
3 0.450391 0.15625 0.0195312 0.0458333 0.558331
10 0.477734 0.376389 0.0195312 0.0777778 0.564761
1 0.960938 0.101389 0.0546875 0.163889 0.638231
4 0.45 0.1125 0.015625 0.0527778 0.640217
4 0.560938 0.109722 0.015625 0.05 0.737143
4 0.396094 0.110417 0.015625 0.0458333 0.785131
10 0.533594 0.384028 0.0203125 0.0708333 0.796914
4 0.5875 0.109722 0.0171875 0.05 0.810725
4 0.423438 0.109028 0.015625 0.0486111 0.835954
4 0.533594 0.110417 0.015625 0.0486111 0.863877
4 0.477344 0.111111 0.015625 0.05 0.875405
