10 0.534375 0.358333 0.0140625 0.0444444 0.257697
10 0.423828 0.357639 0.0132813 0.0430556 0.260434
1 0.476953 0.203472 0.0148437 0.0430556 0.324436
2 0.660156 0.254167 0.065625 0.177778 0.330632
3 0.508203 0.354167 0.0195312 0.0472222 0.358837
11 0.589453 0.809722 0.0414063 0.147222 0.414093
4 0.397266 0.0381944 0.0179687 0.0680556 0.435888
4 0.559766 0.05625 0.0195312 0.0430556 0.43806
7 0.489844 0.754861 0.03125 0.120833 0.48663
4 0.844531 0.884028 0.025 0.0402778 0.521259
10 0.396875 0.354167 0.015625 0.05 0.572915
11 0.489844 0.752778 0.0328125 0.119444 0.60864
4 0.451172 0.161111 0.0148437 0.0444444 0.688274
4 0.560938 0.107639 0.015625 0.0486111 0.719588
4 0.396875 0.110417 0.0140625 0.0486111 0.784229
4 0.450391 0.108333 0.0148437 0.0444444 0.794692
4 0.423828 0.106944 0.0148437 0.05 0.796868
4 0.5875 0.108333 0.015625 0.05 0.820132
4 0.533594 0.109028 0.0140625 0.0486111 0.843803
