4 0.745703 0.919444 0.0210938 0.05 0.251819
1 0.794141 0.577778 0.0382813 0.125 0.259265
4 0.506641 0.211806 0.0148437 0.0597222 0.261967
6 0.624609 0.0215278 0.0210938 0.0375 0.267613
6 0.896094 0.895139 0.0359375 0.0569444 0.277272
4 0.505859 0.0458333 0.0164062 0.0583333 0.286279
9 0.416797 0.713194 0.0429688 0.154167 0.297161
4 0.945312 0.93125 0.0234375 0.0458333 0.317464
4 0.398047 0.0743056 0.0164062 0.106944 0.322898
3 0.450391 0.154861 0.0179687 0.0458333 0.374
10 0.423047 0.201389 0.0148437 0.0472222 0.420308
1 0.450781 0.156944 0.0171875 0.0444444 0.446274
10 0.397266 0.354861 0.0148437 0.0569444 0.446684
4 0.533594 0.113889 0.015625 0.05 0.469569
1 0.838672 0.604861 0.0570313 0.181944 0.53067
4 0.589453 0.0472222 0.0179687 0.0555556 0.534927
10 0.477344 0.377083 0.01875 0.0763889 0.58377
4 0.450391 0.113194 0.0148437 0.0513889 0.610398
1 0.533594 0.134028 0.01875 0.0763889 0.631441
1 0.960547 0.1 0.0554687 0.169444 0.716619
4 0.587891 0.109028 0.0164062 0.0486111 0.810052
4 0.423438 0.107639 0.015625 0.0486111 0.81598
4 0.396094 0.109722 0.015625 0.0472222 0.829161
4 0.561328 0.109722 0.0148437 0.0444444 0.835136
4 0.477734 0.109722 0.0164062 0.05 0.870122
