4 0.845703 0.886111 0.0289063 0.0416667 0.25496
11 0.491406 0.75625 0.0359375 0.120833 0.263197
4 0.560156 0.0576389 0.01875 0.0458333 0.268504
6 0.0511719 0.930556 0.0414063 0.0944444 0.286365
1 0.760547 0.0833333 0.0257812 0.119444 0.299682
4 0.505859 0.0590278 0.0179687 0.0486111 0.358066
1 0.477734 0.201389 0.0164062 0.0472222 0.386056
8 0.591016 0.808333 0.0429688 0.15 0.396218
10 0.619922 0.754167 0.0335938 0.133333 0.433414
3 0.05 0.0694444 0.059375 0.116667 0.454385
4 0.450781 0.161111 0.0140625 0.0444444 0.642606
4 0.560938 0.107639 0.015625 0.0486111 0.706877
4 0.45 0.109028 0.0140625 0.0486111 0.734811
4 0.5875 0.109028 0.015625 0.0486111 0.801128
4 0.396484 0.109722 0.0148437 0.05 0.829195
4 0.533594 0.110417 0.015625 0.0486111 0.883404
