4 0.50625 0.0576389 0.01875 0.0569444 0.261533
10 0.231641 0.863889 0.0414063 0.144444 0.268171
3 0.712891 0.10625 0.0492188 0.170833 0.271881
3 0.505859 0.254861 0.0179687 0.0458333 0.275443
10 0.423438 0.358333 0.0125 0.0472222 0.281231
4 0.417578 0.0194444 0.0179687 0.0361111 0.28287
3 0.533984 0.153472 0.0195312 0.0458333 0.29516
3 0.758984 0.05625 0.0242187 0.109722 0.305994
10 0.414453 0.71875 0.0445312 0.156944 0.340181
11 0.526563 0.760417 0.034375 0.131944 0.408204
4 0.451172 0.157639 0.0164062 0.0486111 0.480755
4 0.45 0.106944 0.015625 0.05 0.498594
4 0.397656 0.05625 0.0171875 0.0986111 0.502287
10 0.526953 0.759028 0.0335938 0.131944 0.518075
10 0.396875 0.354861 0.015625 0.0569444 0.526187
8 0.586719 0.808333 0.0390625 0.147222 0.617623
4 0.560547 0.107639 0.0148437 0.0486111 0.705034
4 0.396094 0.109722 0.015625 0.0472222 0.756113
4 0.423438 0.107639 0.015625 0.0513889 0.788104
4 0.5875 0.109722 0.015625 0.05 0.792424
4 0.533203 0.111806 0.0148437 0.0541667 0.803563
