4 0.505859 0.0611111 0.0195312 0.0472222 0.302956
3 0.50625 0.0604167 0.01875 0.0458333 0.336116
4 0.423438 0.20625 0.0125 0.0430556 0.351844
4 0.844922 0.885417 0.0257812 0.0402778 0.358443
4 0.560156 0.0590278 0.01875 0.0458333 0.360229
4 0.451172 0.15625 0.0148437 0.0486111 0.42965
10 0.604688 0.709722 0.034375 0.138889 0.433598
10 0.397266 0.354167 0.0148437 0.05 0.437749
3 0.660156 0.253472 0.06875 0.179167 0.466191
8 0.591016 0.808333 0.0445312 0.152778 0.633013
11 0.491797 0.759722 0.0335938 0.122222 0.645821
10 0.469141 0.645833 0.0273438 0.0805556 0.673907
4 0.450391 0.109722 0.0148437 0.05 0.729242
4 0.560547 0.106944 0.0164062 0.05 0.749371
4 0.395703 0.158333 0.0148437 0.0527778 0.810729
4 0.5875 0.110417 0.015625 0.0486111 0.831821
4 0.533594 0.109722 0.015625 0.0472222 0.87979
