7 0.451953 0.738194 0.0429688 0.159722 0.250346
3 0.507812 0.35625 0.0203125 0.0458333 0.291333
10 0.0113281 0.245833 0.0210938 0.163889 0.302521
7 0.492578 0.758333 0.0351562 0.119444 0.303367
10 0.423438 0.356944 0.0140625 0.0416667 0.318737
11 0.532812 0.775694 0.0328125 0.106944 0.323403
4 0.533594 0.204167 0.015625 0.05 0.32676
12 0.407422 0.681944 0.0414063 0.147222 0.373732
9 0.404297 0.693056 0.0414063 0.155556 0.374352
1 0.971484 0.122917 0.0523437 0.198611 0.387606
4 0.844922 0.883333 0.0242187 0.0388889 0.408331
3 0.970312 0.135417 0.0515625 0.206944 0.410253
11 0.303516 0.350694 0.0710938 0.201389 0.418832
4 0.396875 0.0402778 0.01875 0.0666667 0.425105
10 0.396875 0.354167 0.015625 0.0527778 0.444027
4 0.560547 0.0569444 0.0195312 0.0444444 0.472326
1 0.533984 0.124306 0.0164062 0.0736111 0.47926
4 0.451562 0.156944 0.015625 0.0472222 0.534492
3 0.979297 0.285417 0.0414063 0.165278 0.538209
11 0.591797 0.809722 0.0445312 0.15 0.596292
4 0.450391 0.109028 0.0148437 0.0486111 0.709412
4 0.560938 0.107639 0.015625 0.0486111 0.725926
11 0.492188 0.758333 0.0328125 0.125 0.740517
4 0.533203 0.109722 0.0148437 0.0527778 0.77546
4 0.396484 0.111111 0.0148437 0.05 0.790998
4 0.423828 0.108333 0.0148437 0.05 0.816776
4 0.5875 0.109722 0.015625 0.05 0.818539
