1 0.534766 0.205556 0.0179687 0.05 0.263274
1 0.451172 0.159028 0.0148437 0.0458333 0.274155
10 0.396484 0.354861 0.0148437 0.0513889 0.278785
4 0.451562 0.15625 0.0140625 0.0486111 0.290057
4 0.215234 0.359028 0.0195312 0.0875 0.311012
4 0.845703 0.8875 0.0273438 0.0444444 0.334844
10 0.604688 0.709722 0.034375 0.138889 0.359242
11 0.491406 0.759722 0.0328125 0.122222 0.374801
3 0.505859 0.0604167 0.0179687 0.0458333 0.382479
11 0.59375 0.804861 0.0484375 0.151389 0.390704
11 0.232812 0.88125 0.0578125 0.173611 0.394287
8 0.590625 0.808333 0.046875 0.155556 0.620918
4 0.560938 0.110417 0.015625 0.0486111 0.674406
4 0.450391 0.110417 0.0148437 0.0513889 0.69024
4 0.395703 0.158333 0.0148437 0.0527778 0.784944
4 0.587891 0.109028 0.0164062 0.0486111 0.848675
4 0.533984 0.109722 0.0148437 0.0472222 0.882331
