1 0.125 0.945139 0.0625 0.109722 0.268405
4 0.423438 0.2125 0.0140625 0.0666667 0.272926
1 0.683984 0.0979167 0.0492188 0.173611 0.276906
3 0.505859 0.0604167 0.0179687 0.0458333 0.285816
4 0.505859 0.0611111 0.0179687 0.0472222 0.286974
4 0.846484 0.892361 0.0304688 0.0569444 0.324715
10 0.397266 0.354167 0.0148437 0.05 0.380483
10 0.605469 0.711111 0.034375 0.141667 0.443033
4 0.662891 0.0256944 0.0289063 0.0402778 0.458118
11 0.491797 0.760417 0.0335938 0.123611 0.480127
4 0.450781 0.15625 0.0140625 0.0486111 0.498088
8 0.590625 0.808333 0.0453125 0.155556 0.592569
10 0.469141 0.647222 0.0273438 0.0833333 0.670128
3 0.653516 0.2625 0.0554687 0.183333 0.677573
4 0.560938 0.107639 0.015625 0.0486111 0.728329
4 0.450391 0.109722 0.0148437 0.05 0.733124
4 0.5875 0.109722 0.015625 0.05 0.805168
4 0.395703 0.159028 0.0148437 0.0513889 0.815637
4 0.533594 0.109722 0.015625 0.0472222 0.88014
