7 0.643359 0.725694 0.0414063 0.131944 0.26922
3 0.841797 0.597222 0.0679687 0.147222 0.284455
4 0.45 0.0631944 0.015625 0.0625 0.292159
4 0.417188 0.01875 0.0171875 0.0347222 0.293572
4 0.944922 0.931944 0.0242187 0.0444444 0.314209
2 0.842578 0.596528 0.0648438 0.148611 0.382414
1 0.656641 0.266667 0.0617188 0.163889 0.384163
11 0.5875 0.806944 0.0484375 0.141667 0.406388
4 0.746094 0.920139 0.0203125 0.0486111 0.417182
10 0.231641 0.861806 0.0429688 0.151389 0.469892
1 0.476953 0.0458333 0.0195312 0.0555556 0.486906
4 0.397656 0.0590278 0.0171875 0.101389 0.494084
8 0.588672 0.807639 0.0445312 0.148611 0.498657
1 0.533594 0.129861 0.01875 0.0819444 0.57491
4 0.450781 0.157639 0.0171875 0.0486111 0.580569
4 0.844141 0.884722 0.0273438 0.0388889 0.584457
1 0.839844 0.595833 0.065625 0.161111 0.597199
1 0.707031 0.111111 0.053125 0.194444 0.617955
7 0.291016 0.35625 0.0585938 0.184722 0.627392
4 0.507031 0.0583333 0.01875 0.05 0.628605
11 0.640234 0.727778 0.0445312 0.138889 0.657332
4 0.533203 0.1125 0.0148437 0.0527778 0.67913
4 0.560547 0.108333 0.0148437 0.05 0.719636
4 0.45 0.108333 0.015625 0.0472222 0.748412
4 0.5875 0.109722 0.015625 0.05 0.782078
4 0.396094 0.110417 0.015625 0.0458333 0.798067
4 0.423438 0.108333 0.015625 0.05 0.832657
