8 0.562109 0.379167 0.0226563 0.0888889 0.25946
4 0.45 0.0618056 0.0140625 0.0569444 0.273341
10 0.230859 0.8625 0.0414063 0.147222 0.27679
11 0.589844 0.803472 0.0453125 0.154167 0.2849
4 0.944922 0.931944 0.0242187 0.0444444 0.301389
10 0.424219 0.357639 0.0125 0.0458333 0.305502
4 0.75625 0.0368056 0.01875 0.0652778 0.306058
4 0.397656 0.0708333 0.015625 0.105556 0.307533
3 0.50625 0.254167 0.01875 0.0472222 0.312486
4 0.398828 0.0402778 0.0195312 0.0722222 0.331786
1 0.65625 0.2625 0.0578125 0.177778 0.336929
10 0.414453 0.721528 0.0414063 0.148611 0.343039
4 0.844141 0.884722 0.0257812 0.0388889 0.353817
1 0.476953 0.0451389 0.0179687 0.0569444 0.367445
1 0.709766 0.115278 0.0492188 0.183333 0.368088
3 0.708594 0.114583 0.05 0.190278 0.42385
4 0.746875 0.920139 0.0203125 0.0486111 0.426239
1 0.959375 0.104167 0.053125 0.177778 0.483483
7 0.644141 0.726389 0.0414063 0.133333 0.498201
1 0.831641 0.617361 0.0570313 0.176389 0.575906
4 0.507031 0.0597222 0.0171875 0.05 0.629706
4 0.560938 0.108333 0.015625 0.0472222 0.743509
11 0.641016 0.728472 0.0445312 0.140278 0.744285
4 0.451562 0.157639 0.015625 0.0486111 0.758821
4 0.45 0.108333 0.015625 0.0472222 0.766621
8 0.587109 0.806944 0.0445312 0.15 0.777529
4 0.396484 0.110417 0.0148437 0.0458333 0.811172
4 0.423828 0.108333 0.0148437 0.05 0.827965
4 0.587891 0.110417 0.0164062 0.0486111 0.831626
4 0.533594 0.110417 0.015625 0.0486111 0.875655
