11 0.325 0.308333 0.0609375 0.166667 0.257984
3 0.969141 0.131944 0.0507812 0.2 0.262107
10 0.533984 0.359722 0.0148437 0.0416667 0.277634
4 0.533984 0.204167 0.0148437 0.05 0.296541
8 0.59375 0.810417 0.04375 0.156944 0.298042
7 0.492969 0.759028 0.034375 0.120833 0.298233
11 0.532812 0.775694 0.0328125 0.109722 0.317084
10 0.424219 0.357639 0.0140625 0.0402778 0.317177
3 0.507812 0.35625 0.0203125 0.0458333 0.348246
9 0.405078 0.69375 0.0414063 0.156944 0.371924
3 0.978516 0.284722 0.0414063 0.161111 0.409818
4 0.397266 0.0395833 0.0179687 0.0680556 0.416685
4 0.845312 0.883333 0.025 0.0388889 0.423648
4 0.560938 0.0576389 0.01875 0.0430556 0.448148
1 0.969922 0.117361 0.0523437 0.184722 0.483223
10 0.397266 0.354167 0.0164062 0.05 0.499771
1 0.533594 0.127083 0.0171875 0.0736111 0.51001
4 0.451953 0.157639 0.0164062 0.0486111 0.585681
11 0.591797 0.809722 0.0429688 0.15 0.618376
4 0.450781 0.109722 0.0140625 0.0472222 0.703606
4 0.560938 0.107639 0.015625 0.0486111 0.713538
11 0.492969 0.757639 0.0328125 0.126389 0.737489
4 0.533594 0.109722 0.0140625 0.0527778 0.758005
4 0.396875 0.111806 0.0140625 0.0486111 0.775721
4 0.423828 0.107639 0.0148437 0.0486111 0.809765
4 0.587891 0.109722 0.0164062 0.05 0.82365
