3 0.957812 0.0979167 0.0578125 0.165278 0.266744
4 0.559766 0.0576389 0.0179687 0.0458333 0.269391
4 0.944531 0.931944 0.025 0.0444444 0.272079
4 0.845312 0.885417 0.0265625 0.0402778 0.332077
10 0.491406 0.760417 0.0328125 0.118056 0.340094
8 0.592578 0.810417 0.0414063 0.159722 0.348498
11 0.491406 0.759028 0.0328125 0.120833 0.37289
4 0.423438 0.205556 0.0125 0.0416667 0.377307
3 0.763672 0.176389 0.0523437 0.180556 0.389508
4 0.451172 0.15625 0.0148437 0.0486111 0.390986
11 0.234375 0.88125 0.059375 0.176389 0.405604
10 0.60625 0.709028 0.0328125 0.134722 0.408451
3 0.661328 0.260417 0.0632813 0.1625 0.411042
10 0.396875 0.354167 0.0140625 0.05 0.417021
3 0.505859 0.0604167 0.0179687 0.0458333 0.417952
10 0.434766 0.706944 0.0367187 0.122222 0.464585
3 0.773438 0.0770833 0.0390625 0.1375 0.556692
11 0.591016 0.808333 0.0445312 0.152778 0.630673
10 0.217187 0.3625 0.021875 0.0916667 0.706633
4 0.450391 0.110417 0.0148437 0.0513889 0.717649
4 0.560547 0.109722 0.0148437 0.0472222 0.719782
4 0.395703 0.158333 0.0148437 0.0527778 0.840072
4 0.5875 0.109028 0.015625 0.0486111 0.846193
4 0.533984 0.109722 0.0148437 0.0472222 0.884703
