4 0.505469 0.0506944 0.015625 0.0486111 0.255517
11 0.647656 0.723611 0.0390625 0.122222 0.307124
10 0.505859 0.253472 0.0148437 0.0402778 0.30943
4 0.50625 0.211806 0.015625 0.0597222 0.310903
3 0.967969 0.0965278 0.0546875 0.165278 0.317535
3 0.45 0.155556 0.01875 0.0444444 0.322067
10 0.476953 0.379861 0.0179687 0.0736111 0.324503
10 0.560938 0.354167 0.015625 0.0527778 0.32685
10 0.533984 0.35625 0.0148437 0.0458333 0.331453
10 0.396484 0.0444444 0.0179687 0.0583333 0.342706
10 0.422656 0.201389 0.0140625 0.0472222 0.343291
4 0.587891 0.0576389 0.0179687 0.0458333 0.349218
11 0.324609 0.614583 0.0585938 0.179167 0.361331
10 0.423828 0.35625 0.0148437 0.0513889 0.364929
10 0.419922 0.0173611 0.0164062 0.0347222 0.366309
1 0.450391 0.156944 0.0179687 0.0444444 0.3975
10 0.396875 0.354861 0.015625 0.0541667 0.397679
4 0.396875 0.0590278 0.0171875 0.0986111 0.452377
1 0.705078 0.111806 0.0554687 0.1875 0.463611
7 0.324219 0.614583 0.0671875 0.193056 0.485211
4 0.84375 0.886806 0.025 0.0430556 0.5684
1 0.533594 0.133333 0.01875 0.075 0.570526
4 0.533594 0.113194 0.015625 0.0486111 0.591975
4 0.45 0.1125 0.015625 0.05 0.600255
4 0.395703 0.111111 0.0148437 0.05 0.792045
4 0.587891 0.109028 0.0164062 0.0486111 0.810389
4 0.423438 0.107639 0.015625 0.0486111 0.827197
4 0.561328 0.110417 0.0148437 0.0458333 0.832651
4 0.477734 0.109722 0.0164062 0.05 0.878496
