1 0.474609 0.0201389 0.0195312 0.0291667 0.262401
10 0.397656 0.355556 0.015625 0.0527778 0.279454
1 0.197656 0.844444 0.0484375 0.155556 0.288389
4 0.745313 0.920833 0.0203125 0.05 0.297497
11 0.277734 0.9 0.0539063 0.152778 0.334424
4 0.560156 0.0576389 0.01875 0.0430556 0.334497
1 0.822656 0.59375 0.0515625 0.123611 0.343875
4 0.450781 0.0618056 0.015625 0.0569444 0.347459
4 0.417969 0.0194444 0.0171875 0.0333333 0.356657
1 0.757812 0.0895833 0.0234375 0.104167 0.381046
4 0.683984 0.0284722 0.0195312 0.0458333 0.438682
10 0.617188 0.717361 0.03125 0.0930556 0.477295
4 0.396875 0.0444444 0.0171875 0.0638889 0.566326
4 0.451562 0.158333 0.0171875 0.0472222 0.611213
4 0.450781 0.108333 0.015625 0.05 0.628495
8 0.589453 0.809722 0.0445312 0.147222 0.653544
4 0.533203 0.111111 0.0148437 0.0555556 0.669929
4 0.560938 0.107639 0.015625 0.0513889 0.692051
1 0.533594 0.13125 0.01875 0.0847222 0.71246
10 0.530469 0.778472 0.0296875 0.0902778 0.720762
4 0.396094 0.111111 0.015625 0.0472222 0.789962
4 0.423438 0.108333 0.015625 0.05 0.796246
4 0.587891 0.109028 0.0164062 0.0513889 0.809168
