4 0.942187 0.930556 0.0265625 0.05 0.252502
3 0.963672 0.107639 0.0539063 0.176389 0.253326
10 0.396484 0.0451389 0.0179687 0.0597222 0.25406
10 0.0105469 0.246528 0.0195312 0.165278 0.264493
1 0.766406 0.223611 0.0546875 0.175 0.288173
10 0.417578 0.0173611 0.0164062 0.0347222 0.291702
6 0.720703 0.0270833 0.0414063 0.0458333 0.294119
4 0.844531 0.886111 0.025 0.0388889 0.294439
1 0.844141 0.650694 0.0570313 0.193056 0.320985
10 0.50625 0.255556 0.015625 0.0388889 0.353509
1 0.450391 0.158333 0.0195312 0.0444444 0.369494
1 0.560547 0.102778 0.0179687 0.0555556 0.377739
8 0.477734 0.377778 0.0195312 0.0805556 0.414864
4 0.397266 0.0583333 0.0179687 0.0972222 0.456415
4 0.559766 0.0583333 0.0179687 0.0444444 0.461511
4 0.505078 0.0479167 0.0164062 0.0569444 0.47666
4 0.587891 0.05625 0.0179687 0.0430556 0.496066
3 0.450391 0.15625 0.0195312 0.0458333 0.539639
10 0.477734 0.376389 0.0195312 0.0777778 0.546085
3 0.660937 0.25 0.06875 0.188889 0.558939
1 0.960156 0.100694 0.0546875 0.165278 0.619641
4 0.45 0.1125 0.015625 0.0527778 0.625235
4 0.560938 0.109722 0.015625 0.05 0.734942
10 0.533984 0.384722 0.0195312 0.0694444 0.777257
4 0.396094 0.110417 0.015625 0.0458333 0.782072
4 0.5875 0.109722 0.0171875 0.05 0.799603
4 0.423438 0.109028 0.015625 0.0486111 0.833416
4 0.533594 0.110417 0.015625 0.0486111 0.861556
4 0.477734 0.109028 0.0164062 0.0513889 0.872601
