3 0.759766 0.0631944 0.0210938 0.101389 0.282666
4 0.50625 0.0604167 0.01875 0.0458333 0.290778
3 0.505859 0.0604167 0.0179687 0.0458333 0.316163
4 0.423438 0.205556 0.0125 0.0416667 0.331033
4 0.560156 0.0590278 0.01875 0.0458333 0.341658
4 0.845312 0.886111 0.0265625 0.0416667 0.36323
4 0.451172 0.15625 0.0148437 0.0486111 0.402524
10 0.397266 0.353472 0.0148437 0.0513889 0.414435
10 0.604297 0.709028 0.0335938 0.140278 0.47201
3 0.651953 0.260417 0.0570313 0.1625 0.524808
10 0.469141 0.645139 0.0273438 0.0791667 0.630956
11 0.491406 0.759028 0.034375 0.123611 0.66952
4 0.450391 0.109722 0.0148437 0.05 0.719267
8 0.591016 0.807639 0.0445312 0.154167 0.728638
4 0.560938 0.106944 0.015625 0.05 0.740358
4 0.395703 0.158333 0.0148437 0.0527778 0.82263
4 0.5875 0.110417 0.015625 0.0486111 0.836168
4 0.533594 0.109722 0.015625 0.0472222 0.882517
