4 0.944141 0.932639 0.0257812 0.0430556 0.260518
10 0.424219 0.357639 0.0140625 0.0430556 0.269588
4 0.418359 0.01875 0.0179687 0.0319444 0.273687
1 0.758594 0.0868056 0.0234375 0.109722 0.285197
6 0.788672 0.768056 0.0554687 0.183333 0.331581
4 0.684766 0.0284722 0.0195312 0.0458333 0.34018
10 0.616797 0.717361 0.0320312 0.0930556 0.348393
4 0.559766 0.0569444 0.0195312 0.0444444 0.349078
4 0.450781 0.0611111 0.015625 0.0555556 0.351061
10 0.647656 0.720833 0.0359375 0.111111 0.357109
10 0.397266 0.355556 0.0148437 0.05 0.499355
4 0.397656 0.0569444 0.0171875 0.0972222 0.500397
8 0.590625 0.8125 0.0421875 0.155556 0.573222
4 0.451562 0.157639 0.0171875 0.0486111 0.627946
4 0.450391 0.108333 0.0164062 0.05 0.639305
4 0.533203 0.110417 0.0148437 0.0541667 0.652441
4 0.560938 0.107639 0.015625 0.0513889 0.683207
10 0.530469 0.777778 0.0296875 0.0916667 0.689336
1 0.533984 0.13125 0.0179687 0.0847222 0.704512
4 0.423438 0.107639 0.015625 0.0513889 0.785658
4 0.396094 0.110417 0.015625 0.0458333 0.78974
1 0.828516 0.597222 0.0507812 0.136111 0.7997
4 0.587891 0.109028 0.0164062 0.0513889 0.806345
