10 0.410547 0.0201389 0.0164062 0.0375 0.259533
3 0.960547 0.134028 0.0585938 0.206944 0.263056
4 0.45 0.0611111 0.015625 0.0611111 0.339944
6 0.951172 0.933333 0.0289063 0.0555556 0.430186
4 0.397266 0.0590278 0.0164062 0.0958333 0.480595
4 0.451172 0.157639 0.0164062 0.0486111 0.502055
10 0.396875 0.354167 0.015625 0.0527778 0.61958
4 0.45 0.108333 0.015625 0.05 0.620556
11 0.591016 0.810417 0.0460938 0.151389 0.652953
4 0.533203 0.111111 0.0148437 0.0555556 0.658182
4 0.560547 0.10625 0.0148437 0.0513889 0.716038
1 0.533594 0.132639 0.01875 0.0875 0.740988
4 0.5875 0.109028 0.0171875 0.0513889 0.756994
4 0.396094 0.110417 0.015625 0.0486111 0.775433
4 0.423438 0.108333 0.015625 0.05 0.832604
