4 0.560156 0.0569444 0.0203125 0.0527778 0.271755
10 0.620703 0.756944 0.0351562 0.138889 0.386341
7 0.0113281 0.0611111 0.0226563 0.119444 0.416003
4 0.844531 0.886806 0.0265625 0.0430556 0.448027
3 0.506641 0.0576389 0.0179687 0.0486111 0.455913
8 0.592969 0.811111 0.0421875 0.158333 0.484469
10 0.396875 0.354861 0.015625 0.0513889 0.492356
10 0.469531 0.647917 0.028125 0.0819444 0.505543
11 0.591406 0.809722 0.04375 0.15 0.513056
11 0.492188 0.758333 0.034375 0.127778 0.560282
4 0.451172 0.157639 0.0148437 0.0486111 0.640225
4 0.450391 0.109028 0.0148437 0.0513889 0.674841
4 0.561328 0.106944 0.0164062 0.0527778 0.737743
4 0.396094 0.109722 0.015625 0.0527778 0.807283
4 0.587891 0.108333 0.0164062 0.05 0.809664
4 0.533594 0.108333 0.015625 0.05 0.878155
