10 0.505859 0.253472 0.0148437 0.0402778 0.287462
4 0.587891 0.0576389 0.0179687 0.0458333 0.299083
4 0.50625 0.211806 0.015625 0.0597222 0.299738
4 0.746094 0.920139 0.021875 0.0541667 0.301141
6 0.896875 0.895139 0.0359375 0.0569444 0.301588
11 0.323828 0.614583 0.0585938 0.179167 0.304921
6 0.844141 0.890972 0.0273438 0.0513889 0.309849
3 0.45 0.154861 0.01875 0.0458333 0.314136
10 0.560938 0.354167 0.015625 0.0527778 0.31785
10 0.476953 0.379861 0.0179687 0.0736111 0.320682
10 0.533984 0.35625 0.0148437 0.0458333 0.326933
10 0.396484 0.0444444 0.0179687 0.0583333 0.330852
4 0.944531 0.93125 0.0234375 0.0458333 0.333486
10 0.422656 0.201389 0.0140625 0.0472222 0.335643
1 0.791797 0.153472 0.0335938 0.118056 0.352918
3 0.971875 0.121528 0.05 0.1875 0.356795
10 0.419922 0.0173611 0.0164062 0.0347222 0.359036
1 0.971484 0.102778 0.0523437 0.172222 0.36531
10 0.423828 0.35625 0.0148437 0.0513889 0.37987
4 0.763281 0.0604167 0.0234375 0.101389 0.393699
1 0.450391 0.156944 0.0179687 0.0444444 0.403588
10 0.396875 0.354861 0.015625 0.0541667 0.404269
1 0.702344 0.118056 0.0546875 0.197222 0.424152
4 0.396875 0.0597222 0.0171875 0.1 0.453888
7 0.323828 0.614583 0.0664062 0.193056 0.457614
4 0.533594 0.113194 0.015625 0.0486111 0.582814
1 0.533203 0.133333 0.0179687 0.075 0.589032
4 0.45 0.1125 0.015625 0.0527778 0.593159
1 0.840625 0.605556 0.05625 0.172222 0.615979
4 0.396094 0.110417 0.015625 0.0458333 0.797074
4 0.587891 0.109028 0.0164062 0.0486111 0.805271
4 0.423438 0.107639 0.015625 0.0486111 0.826653
4 0.561328 0.110417 0.0148437 0.0458333 0.833597
4 0.477734 0.109722 0.0164062 0.05 0.878756
