1 0.50625 0.05625 0.0171875 0.0569444 0.253252
3 0.714453 0.108333 0.0476562 0.172222 0.256149
4 0.449609 0.0618056 0.0148437 0.0541667 0.279465
6 0.757031 0.0354167 0.021875 0.0625 0.280521
3 0.761328 0.0506944 0.0257812 0.0930556 0.281169
6 0.723047 0.0243056 0.0304688 0.0430556 0.282761
4 0.559766 0.0576389 0.0179687 0.0458333 0.289601
10 0.423438 0.357639 0.0125 0.0458333 0.308061
10 0.416797 0.0173611 0.0164062 0.0347222 0.312165
4 0.417188 0.01875 0.0171875 0.0347222 0.317986
10 0.397266 0.354861 0.0148437 0.0541667 0.332842
11 0.415625 0.716667 0.04375 0.147222 0.340735
3 0.505859 0.253472 0.0179687 0.0458333 0.355144
1 0.476953 0.0458333 0.0179687 0.0527778 0.376583
4 0.506641 0.0576389 0.0164062 0.0486111 0.430927
4 0.397656 0.0548611 0.0171875 0.0986111 0.509697
4 0.451172 0.156944 0.0164062 0.0472222 0.583619
3 0.655469 0.254167 0.0609375 0.177778 0.602277
11 0.642578 0.731944 0.0429688 0.141667 0.603037
3 0.883984 0.268056 0.0554687 0.197222 0.687794
4 0.560547 0.108333 0.0148437 0.0472222 0.748808
4 0.45 0.108333 0.015625 0.0472222 0.779908
8 0.587891 0.806944 0.0429688 0.15 0.794998
4 0.396094 0.110417 0.015625 0.0458333 0.797615
4 0.5875 0.109028 0.015625 0.0486111 0.832823
4 0.423438 0.107639 0.015625 0.0486111 0.839377
4 0.533594 0.109028 0.015625 0.0486111 0.87329
