1 0.474609 0.0201389 0.0210938 0.0263889 0.253963
8 0.594922 0.810417 0.0460938 0.1625 0.254103
11 0.532812 0.775694 0.0359375 0.120833 0.262425
4 0.422656 0.0208333 0.0171875 0.0333333 0.270564
3 0.507812 0.356944 0.0203125 0.0444444 0.276721
10 0.424219 0.357639 0.0140625 0.0402778 0.285322
11 0.255078 0.886111 0.0648438 0.172222 0.295277
10 0.421875 0.0194444 0.0171875 0.0361111 0.307566
4 0.397656 0.0680556 0.015625 0.105556 0.357077
4 0.560156 0.0569444 0.01875 0.0444444 0.366613
3 0.985547 0.274306 0.0289063 0.159722 0.385924
9 0.405078 0.694444 0.0429688 0.152778 0.453631
10 0.00976562 0.254167 0.0179687 0.147222 0.472892
4 0.534766 0.204167 0.0164062 0.0444444 0.493634
10 0.397656 0.354861 0.015625 0.0486111 0.59557
1 0.834375 0.0791667 0.059375 0.152778 0.603368
11 0.593359 0.809722 0.0460938 0.152778 0.616507
4 0.560938 0.106944 0.015625 0.05 0.690202
4 0.84375 0.884028 0.0265625 0.0402778 0.715
11 0.492969 0.757639 0.034375 0.131944 0.718833
4 0.451953 0.158333 0.0164062 0.0472222 0.721241
4 0.5875 0.109028 0.015625 0.0513889 0.776389
4 0.450391 0.107639 0.0148437 0.0458333 0.780978
4 0.423438 0.106944 0.015625 0.05 0.792596
4 0.396484 0.111111 0.0148437 0.05 0.8281
4 0.533594 0.109722 0.0140625 0.0527778 0.843528
3 0.963672 0.494444 0.0679687 0.2 0.895773
