3 0.712109 0.106944 0.0492188 0.172222 0.250594
4 0.50625 0.0576389 0.01875 0.0569444 0.254971
4 0.417578 0.0194444 0.0179687 0.0361111 0.259244
1 0.792188 0.565972 0.0609375 0.129167 0.265255
2 0.657422 0.254167 0.0648438 0.177778 0.271668
10 0.423438 0.358333 0.0125 0.0472222 0.278873
3 0.505859 0.254861 0.0179687 0.0458333 0.286869
10 0.414844 0.718056 0.04375 0.155556 0.302999
1 0.958984 0.110417 0.0539063 0.184722 0.304751
3 0.533984 0.153472 0.0195312 0.0458333 0.320906
10 0.231641 0.863889 0.0414063 0.144444 0.34393
3 0.758594 0.0548611 0.025 0.104167 0.357043
4 0.397656 0.0576389 0.0171875 0.101389 0.478917
4 0.451172 0.157639 0.0164062 0.0486111 0.492306
4 0.45 0.106944 0.015625 0.05 0.500911
10 0.527734 0.759028 0.0335938 0.134722 0.522795
10 0.396875 0.354861 0.015625 0.0569444 0.525646
11 0.526953 0.759028 0.0335938 0.131944 0.564988
8 0.587109 0.808333 0.0398437 0.147222 0.648508
4 0.560547 0.107639 0.0148437 0.0486111 0.709004
4 0.396094 0.109722 0.015625 0.0472222 0.758443
4 0.423438 0.107639 0.015625 0.0513889 0.792459
4 0.5875 0.109722 0.015625 0.05 0.792774
4 0.533203 0.111806 0.0148437 0.0541667 0.803499
