10 0.424219 0.357639 0.0125 0.0458333 0.278208
11 0.590234 0.802778 0.0445312 0.155556 0.28724
4 0.397266 0.0791667 0.0164062 0.102778 0.302666
4 0.45 0.0847222 0.015625 0.0777778 0.302986
4 0.944922 0.931944 0.0242187 0.0444444 0.308214
4 0.844141 0.884722 0.0257812 0.0388889 0.309418
4 0.45 0.0611111 0.0140625 0.0555556 0.316036
1 0.476953 0.0458333 0.0179687 0.0555556 0.394443
1 0.960938 0.104861 0.0546875 0.179167 0.430864
4 0.746484 0.920139 0.0195312 0.0486111 0.433905
1 0.50625 0.254861 0.01875 0.0458333 0.440944
1 0.708203 0.114583 0.0492188 0.1875 0.441591
4 0.756641 0.0368056 0.0195312 0.0652778 0.45776
1 0.65625 0.263889 0.0578125 0.169444 0.471064
7 0.644141 0.725 0.0414063 0.133333 0.4802
1 0.832031 0.604861 0.0546875 0.159722 0.522888
4 0.507031 0.0597222 0.0171875 0.05 0.630653
8 0.586719 0.806944 0.04375 0.15 0.740521
4 0.560938 0.109028 0.015625 0.0486111 0.748297
11 0.641406 0.727778 0.04375 0.138889 0.757102
4 0.451172 0.157639 0.0164062 0.0486111 0.777095
4 0.45 0.108333 0.015625 0.0472222 0.788777
4 0.396094 0.110417 0.015625 0.0458333 0.830648
4 0.587891 0.110417 0.0164062 0.0486111 0.843551
4 0.423438 0.108333 0.015625 0.05 0.847997
4 0.533594 0.110417 0.015625 0.0486111 0.876219
