11 0.256641 0.890278 0.0617188 0.166667 0.274499
11 0.530469 0.776389 0.0328125 0.105556 0.288905
10 0.009375 0.263889 0.0171875 0.144444 0.327471
9 0.403906 0.694444 0.0390625 0.144444 0.346427
4 0.398047 0.0625 0.0164062 0.105556 0.357661
4 0.533594 0.202083 0.015625 0.0513889 0.372484
11 0.453125 0.746528 0.0359375 0.129167 0.422215
10 0.534375 0.358333 0.015625 0.0416667 0.453505
11 0.591406 0.804167 0.0453125 0.152778 0.460409
8 0.592188 0.809722 0.04375 0.158333 0.496726
10 0.397656 0.354167 0.015625 0.05 0.597529
10 0.53125 0.776389 0.03125 0.0972222 0.612201
4 0.451562 0.156944 0.0171875 0.0472222 0.637906
4 0.560938 0.104861 0.015625 0.0541667 0.698067
4 0.450391 0.108333 0.0148437 0.0472222 0.731486
4 0.844531 0.885417 0.0234375 0.0402778 0.737112
4 0.5875 0.10625 0.0171875 0.0513889 0.759275
4 0.396484 0.110417 0.0148437 0.0486111 0.803306
4 0.423438 0.107639 0.015625 0.0513889 0.804399
11 0.490625 0.755556 0.0375 0.127778 0.821775
4 0.533594 0.108333 0.015625 0.0555556 0.84057
3 0.964453 0.495833 0.0664062 0.194444 0.902524
