10 0.423828 0.356944 0.0132813 0.0444444 0.259064
11 0.61875 0.754167 0.0328125 0.133333 0.259623
10 0.435547 0.677778 0.0320312 0.0944444 0.259726
10 0.555859 0.685417 0.0257812 0.0819444 0.273041
9 0.400781 0.698611 0.0359375 0.133333 0.288652
6 0.96875 0.463194 0.059375 0.106944 0.293954
10 0.619922 0.754861 0.0320312 0.131944 0.298888
3 0.892578 0.296528 0.0664062 0.229167 0.298924
6 0.0441406 0.922917 0.0523437 0.115278 0.307274
6 0.722656 0.0256944 0.03125 0.0458333 0.336158
4 0.944922 0.932639 0.0257812 0.0430556 0.391039
1 0.477734 0.201389 0.0164062 0.0472222 0.413037
10 0.521094 0.709028 0.03125 0.104167 0.413651
1 0.973047 0.288889 0.0492188 0.183333 0.468015
10 0.396875 0.354167 0.015625 0.05 0.533952
11 0.490234 0.754167 0.0351562 0.122222 0.566536
4 0.451172 0.161111 0.0148437 0.0472222 0.575829
4 0.450781 0.109722 0.0140625 0.05 0.680769
4 0.844922 0.886111 0.0273438 0.0416667 0.69353
4 0.560938 0.106944 0.015625 0.05 0.698685
8 0.589844 0.807639 0.0421875 0.151389 0.707373
4 0.396484 0.109028 0.0148437 0.0513889 0.804303
4 0.5875 0.109028 0.015625 0.0486111 0.825876
4 0.533984 0.109028 0.0148437 0.0486111 0.88144
