10 0.420312 0.0173611 0.015625 0.0347222 0.256494
4 0.746094 0.920833 0.021875 0.05 0.264
8 0.534766 0.375 0.0210938 0.0833333 0.305123
11 0.590625 0.804167 0.0421875 0.15 0.317833
11 0.640234 0.727778 0.0445312 0.141667 0.337698
4 0.942578 0.930556 0.0242187 0.0472222 0.339436
4 0.421875 0.0194444 0.015625 0.0333333 0.350085
10 0.477734 0.375694 0.0210938 0.0847222 0.366623
8 0.478516 0.376389 0.0195312 0.0833333 0.380614
4 0.449609 0.0590278 0.0148437 0.0458333 0.40572
7 0.646484 0.721528 0.0414063 0.140278 0.406148
4 0.397656 0.0597222 0.015625 0.102778 0.415938
10 0.50625 0.202778 0.015625 0.0388889 0.433316
3 0.969922 0.114583 0.0507812 0.176389 0.451526
10 0.424219 0.357639 0.0125 0.0458333 0.45812
1 0.969922 0.1125 0.0523437 0.175 0.483689
4 0.478906 0.05625 0.01875 0.0347222 0.511785
10 0.519531 0.669444 0.025 0.108333 0.534929
4 0.560547 0.0541667 0.0179687 0.0388889 0.555233
4 0.683203 0.0284722 0.0164062 0.0458333 0.582742
1 0.533203 0.129861 0.0179687 0.0847222 0.600193
4 0.533594 0.123611 0.015625 0.0722222 0.626066
4 0.451172 0.156944 0.0148437 0.0472222 0.682384
4 0.533594 0.0569444 0.0171875 0.0416667 0.714487
4 0.560547 0.108333 0.0148437 0.05 0.721768
4 0.45 0.107639 0.015625 0.0486111 0.732909
4 0.844141 0.885417 0.0226563 0.0402778 0.747624
4 0.587109 0.110417 0.0148437 0.0541667 0.764137
8 0.590234 0.807639 0.0414063 0.148611 0.815219
4 0.396484 0.111806 0.0148437 0.0486111 0.815693
4 0.423828 0.108333 0.0148437 0.05 0.831069
