11 0.590625 0.807639 0.04375 0.156944 0.291691
3 0.504297 0.50625 0.0460938 0.120833 0.315431
4 0.50625 0.0569444 0.01875 0.0472222 0.316187
3 0.50625 0.0576389 0.01875 0.0458333 0.334631
3 0.978125 0.292361 0.0421875 0.143056 0.342021
4 0.560156 0.0569444 0.0203125 0.05 0.352124
1 0.50625 0.0569444 0.01875 0.0444444 0.357859
10 0.620313 0.755556 0.034375 0.136111 0.40415
10 0.396875 0.353472 0.015625 0.0513889 0.458186
4 0.844922 0.886111 0.0257812 0.0416667 0.460117
8 0.592969 0.810417 0.0421875 0.159722 0.56853
4 0.450781 0.15625 0.0140625 0.0486111 0.609092
4 0.45 0.109028 0.0140625 0.0513889 0.681405
11 0.492188 0.758333 0.034375 0.127778 0.69734
10 0.469531 0.645833 0.028125 0.0805556 0.708997
4 0.561328 0.10625 0.0164062 0.0513889 0.728384
4 0.396094 0.109722 0.015625 0.0527778 0.807581
4 0.587891 0.108333 0.0164062 0.05 0.808762
4 0.533594 0.108333 0.015625 0.05 0.876094
