4 0.560156 0.0583333 0.01875 0.0472222 0.257808
1 0.857422 0.483333 0.0617188 0.169444 0.273113
4 0.45 0.0611111 0.0140625 0.0583333 0.27632
11 0.585938 0.804861 0.046875 0.145833 0.293667
4 0.944922 0.931944 0.0242187 0.0444444 0.297947
1 0.656641 0.261111 0.0585938 0.180556 0.298669
10 0.424219 0.357639 0.0125 0.0458333 0.305757
3 0.50625 0.254167 0.01875 0.0472222 0.332742
4 0.75625 0.0368056 0.01875 0.0652778 0.339615
1 0.710156 0.114583 0.0484375 0.181944 0.346794
10 0.231641 0.863889 0.0429688 0.15 0.352581
10 0.414453 0.722222 0.0414063 0.15 0.363409
4 0.844141 0.884722 0.0257812 0.0388889 0.364487
4 0.398828 0.0402778 0.0195312 0.0722222 0.395627
4 0.746875 0.920139 0.0203125 0.0486111 0.403267
1 0.477344 0.0444444 0.01875 0.0583333 0.414923
3 0.708594 0.114583 0.05 0.190278 0.425358
1 0.961719 0.104167 0.053125 0.175 0.455372
7 0.644531 0.725694 0.0421875 0.134722 0.521741
1 0.83125 0.6125 0.05625 0.166667 0.546643
4 0.507422 0.0597222 0.0179687 0.05 0.643035
11 0.641016 0.728472 0.0445312 0.140278 0.727351
4 0.560938 0.108333 0.015625 0.0472222 0.743279
4 0.451953 0.157639 0.0164062 0.0486111 0.757031
4 0.45 0.108333 0.015625 0.0472222 0.762868
8 0.5875 0.806944 0.04375 0.147222 0.768744
4 0.396484 0.110417 0.0148437 0.0458333 0.797728
4 0.423828 0.108333 0.0148437 0.05 0.822758
4 0.587891 0.110417 0.0164062 0.0486111 0.831654
4 0.533594 0.110417 0.015625 0.0486111 0.875275
