3 0.505859 0.0604167 0.0179687 0.0458333 0.288157
4 0.50625 0.0604167 0.01875 0.0458333 0.318885
4 0.423047 0.210417 0.0148437 0.0625 0.334294
4 0.845312 0.886111 0.0265625 0.0416667 0.344084
4 0.560156 0.0590278 0.01875 0.0458333 0.354969
4 0.451172 0.155556 0.0148437 0.05 0.384539
10 0.603906 0.709028 0.034375 0.140278 0.443663
10 0.397266 0.353472 0.0148437 0.0513889 0.457961
3 0.652344 0.261111 0.0578125 0.163889 0.593017
11 0.491406 0.759028 0.034375 0.123611 0.610829
10 0.469141 0.645833 0.0273438 0.0805556 0.651357
8 0.590625 0.807639 0.0453125 0.154167 0.666504
4 0.450391 0.109722 0.0148437 0.05 0.721238
4 0.560938 0.106944 0.015625 0.05 0.748706
4 0.395703 0.159028 0.0148437 0.0513889 0.817843
4 0.5875 0.110417 0.015625 0.0486111 0.834367
4 0.533594 0.109722 0.015625 0.0472222 0.882791
