10 0.533984 0.359028 0.0148437 0.0430556 0.258991
10 0.533203 0.776389 0.0320312 0.0972222 0.26781
11 0.532812 0.775 0.0328125 0.105556 0.27032
12 0.407422 0.682639 0.0414063 0.145833 0.271186
10 0.0125 0.246528 0.025 0.1625 0.290011
7 0.492578 0.758333 0.0351562 0.119444 0.311227
3 0.507812 0.355556 0.0203125 0.0472222 0.313701
4 0.533594 0.204167 0.015625 0.05 0.331215
10 0.423438 0.356944 0.0140625 0.0416667 0.365639
9 0.404687 0.692361 0.0421875 0.154167 0.38179
4 0.844922 0.883333 0.0242187 0.0388889 0.395948
4 0.397266 0.0611111 0.0164062 0.102778 0.408517
4 0.451562 0.156944 0.015625 0.0472222 0.472684
4 0.560156 0.0569444 0.01875 0.0444444 0.483548
10 0.396875 0.354167 0.015625 0.05 0.554604
1 0.533984 0.124306 0.0164062 0.0736111 0.557817
11 0.591797 0.809028 0.0445312 0.148611 0.563358
3 0.978906 0.286806 0.040625 0.165278 0.697366
4 0.560938 0.106944 0.015625 0.05 0.723402
4 0.450391 0.109028 0.0148437 0.0486111 0.724216
11 0.492188 0.757639 0.0328125 0.123611 0.728845
4 0.533203 0.109722 0.0148437 0.0527778 0.746953
4 0.396094 0.111806 0.0140625 0.0486111 0.806077
4 0.5875 0.109722 0.015625 0.05 0.816896
4 0.423438 0.107639 0.015625 0.0513889 0.818968
