3 0.759766 0.0645833 0.0195312 0.0958333 0.253829
4 0.846094 0.892361 0.0296875 0.0569444 0.269292
3 0.505859 0.0597222 0.0179687 0.0444444 0.269774
1 0.534766 0.204167 0.0179687 0.05 0.28203
11 0.594141 0.804167 0.0476562 0.152778 0.293588
4 0.423047 0.20625 0.0117188 0.0430556 0.322775
4 0.559766 0.0583333 0.0179687 0.0444444 0.325084
4 0.450781 0.155556 0.0140625 0.05 0.347974
3 0.652344 0.259722 0.0578125 0.161111 0.378888
10 0.396875 0.354167 0.015625 0.0527778 0.419886
11 0.232422 0.879167 0.0570313 0.169444 0.424478
11 0.491406 0.760417 0.0328125 0.120833 0.44025
10 0.603125 0.708333 0.034375 0.138889 0.449393
3 0.159766 0.474306 0.0601562 0.226389 0.543119
8 0.590625 0.808333 0.0453125 0.155556 0.601377
10 0.217578 0.35625 0.0210938 0.0791667 0.615526
4 0.45 0.110417 0.0140625 0.0513889 0.681119
10 0.468359 0.644444 0.0273438 0.0805556 0.685198
4 0.560547 0.107639 0.0148437 0.0486111 0.72357
4 0.395703 0.158333 0.0148437 0.0527778 0.796305
4 0.587109 0.110417 0.0148437 0.0513889 0.830796
4 0.533594 0.109722 0.015625 0.0472222 0.881743
