4 0.422656 0.0527778 0.01875 0.105556 0.250886
1 0.560547 0.103472 0.0179687 0.0569444 0.259398
4 0.397266 0.0652778 0.0164062 0.111111 0.284828
3 0.825781 0.58125 0.0515625 0.118056 0.303351
7 0.317969 0.599306 0.065625 0.193056 0.319441
4 0.746094 0.920139 0.021875 0.0541667 0.351323
10 0.424219 0.379861 0.01875 0.0847222 0.379548
4 0.5875 0.0569444 0.01875 0.0472222 0.43273
8 0.478906 0.377083 0.0234375 0.0902778 0.490488
1 0.964844 0.108333 0.0578125 0.183333 0.501836
4 0.844531 0.884722 0.025 0.0388889 0.554884
1 0.821875 0.572222 0.0578125 0.144444 0.55931
3 0.662109 0.254861 0.0679687 0.181944 0.610177
10 0.534766 0.380556 0.0210938 0.0833333 0.643079
4 0.560938 0.106944 0.0171875 0.0527778 0.728407
4 0.505469 0.1125 0.01875 0.0444444 0.730319
4 0.5875 0.109722 0.0171875 0.05 0.782049
4 0.396094 0.111111 0.0171875 0.0444444 0.802582
4 0.423047 0.109722 0.0164062 0.0472222 0.803328
4 0.450391 0.108333 0.0179687 0.0472222 0.814342
4 0.533594 0.111111 0.0171875 0.0472222 0.81985
4 0.476953 0.1125 0.0179687 0.0472222 0.859319
