11 0.530078 0.78125 0.0320312 0.1125 0.250498
4 0.756641 0.0354167 0.0179687 0.0652778 0.258786
11 0.590625 0.807639 0.046875 0.145833 0.263131
4 0.417188 0.01875 0.0171875 0.0319444 0.273201
4 0.560156 0.0576389 0.01875 0.0430556 0.288772
4 0.683203 0.0298611 0.0195312 0.0458333 0.294849
1 0.949219 0.0847222 0.053125 0.158333 0.319127
1 0.474609 0.0194444 0.0210938 0.0277778 0.328331
10 0.396875 0.354167 0.015625 0.0527778 0.409766
1 0.534375 0.123611 0.0171875 0.0722222 0.453121
4 0.397656 0.0534722 0.0171875 0.0930556 0.522838
4 0.451953 0.157639 0.0164062 0.0486111 0.610811
8 0.589063 0.809028 0.04375 0.151389 0.654896
4 0.450391 0.108333 0.0148437 0.0472222 0.681768
4 0.560938 0.106944 0.015625 0.05 0.70412
1 0.825391 0.590972 0.0523437 0.126389 0.722257
10 0.529688 0.777083 0.0296875 0.0930556 0.723243
4 0.533594 0.110417 0.015625 0.0541667 0.726766
4 0.396484 0.111111 0.0148437 0.05 0.769396
11 0.488672 0.753472 0.0382813 0.129167 0.776132
4 0.587891 0.108333 0.0164062 0.05 0.799502
4 0.423828 0.107639 0.0148437 0.0513889 0.801993
