1 0.533594 0.204167 0.0171875 0.0527778 0.257768
10 0.521484 0.713194 0.0289063 0.0902778 0.290907
3 0.508594 0.352778 0.0203125 0.0472222 0.305406
1 0.473047 0.0215278 0.0210938 0.0263889 0.306087
11 0.254297 0.890972 0.0664062 0.168056 0.314743
1 0.477344 0.201389 0.0171875 0.0472222 0.3322
4 0.560156 0.0583333 0.01875 0.0472222 0.342846
11 0.231641 0.872222 0.0570313 0.175 0.346838
9 0.403906 0.695139 0.040625 0.145833 0.356242
4 0.397266 0.0361111 0.0195312 0.0638889 0.382069
4 0.412109 0.0180556 0.0164062 0.0361111 0.385138
3 0.786719 0.571528 0.0546875 0.131944 0.425546
6 0.761719 0.0597222 0.0296875 0.105556 0.430589
4 0.423828 0.20625 0.0132813 0.0458333 0.432758
3 0.762109 0.0583333 0.0304688 0.105556 0.448578
6 0.722266 0.025 0.0304688 0.0444444 0.498926
4 0.844141 0.883333 0.0242187 0.0388889 0.543287
3 0.975781 0.2875 0.0484375 0.166667 0.552408
11 0.590625 0.808333 0.04375 0.152778 0.572054
1 0.784766 0.567361 0.0585938 0.126389 0.625876
10 0.397266 0.354861 0.0164062 0.0486111 0.630817
4 0.451172 0.161111 0.0148437 0.0472222 0.643483
4 0.560938 0.106944 0.015625 0.05 0.680667
4 0.45 0.109028 0.0140625 0.0513889 0.730033
11 0.490625 0.757639 0.034375 0.123611 0.733201
4 0.396094 0.109722 0.015625 0.05 0.810925
4 0.5875 0.109722 0.015625 0.05 0.813871
4 0.533984 0.109028 0.0148437 0.0486111 0.82725
