10 0.419531 0.0173611 0.0171875 0.0347222 0.26165
1 0.766406 0.218056 0.053125 0.158333 0.268705
6 0.721875 0.0270833 0.0421875 0.0458333 0.274046
4 0.944922 0.93125 0.0226563 0.0458333 0.332975
10 0.50625 0.255556 0.015625 0.0388889 0.385228
1 0.450391 0.158333 0.0195312 0.0444444 0.386949
4 0.559766 0.0576389 0.0179687 0.0430556 0.422706
4 0.397656 0.0583333 0.0171875 0.1 0.441716
1 0.560547 0.102778 0.0179687 0.0555556 0.443206
1 0.961328 0.100694 0.0523437 0.1625 0.461779
8 0.477734 0.376389 0.0195312 0.0805556 0.468439
3 0.6625 0.25 0.06875 0.188889 0.492609
4 0.587891 0.05625 0.0179687 0.0430556 0.501079
4 0.505469 0.0479167 0.0171875 0.0569444 0.514652
3 0.45 0.15625 0.01875 0.0458333 0.544289
10 0.477734 0.376389 0.0195312 0.0777778 0.560141
4 0.45 0.111806 0.015625 0.0513889 0.633101
11 0.650781 0.726389 0.0390625 0.130556 0.642601
1 0.837109 0.599306 0.0507812 0.156944 0.675608
4 0.560547 0.109028 0.0148437 0.0486111 0.741064
10 0.533984 0.384722 0.0195312 0.0694444 0.782734
4 0.396094 0.110417 0.015625 0.0458333 0.802709
4 0.5875 0.109028 0.0171875 0.0513889 0.819777
4 0.423438 0.108333 0.015625 0.05 0.830897
4 0.533594 0.110417 0.015625 0.0486111 0.86033
4 0.477734 0.109028 0.0164062 0.0513889 0.872741
