1 0.126563 0.945833 0.0625 0.108333 0.25853
4 0.505469 0.0597222 0.01875 0.0472222 0.258875
4 0.423047 0.213194 0.0148437 0.0680556 0.277187
4 0.846484 0.892361 0.0304688 0.0569444 0.339813
10 0.397266 0.354167 0.0148437 0.05 0.340008
1 0.662109 0.0944444 0.0570313 0.166667 0.42252
10 0.605078 0.711111 0.0335938 0.141667 0.440041
11 0.491797 0.760417 0.0335938 0.123611 0.444432
4 0.450781 0.15625 0.0140625 0.0486111 0.478513
8 0.590625 0.808333 0.0453125 0.155556 0.606773
3 0.653906 0.265278 0.0578125 0.183333 0.608811
10 0.469141 0.646528 0.0273438 0.0819444 0.674902
4 0.560547 0.107639 0.0164062 0.0486111 0.708951
4 0.45 0.109722 0.0140625 0.05 0.720752
4 0.395703 0.159028 0.0148437 0.0513889 0.816855
4 0.587109 0.109028 0.0164062 0.0486111 0.824446
4 0.533594 0.109722 0.015625 0.0472222 0.875063
