10 0.470703 0.674306 0.0351562 0.1375 0.251126
4 0.770703 0.327083 0.0257812 0.106944 0.260486
4 0.945312 0.931944 0.025 0.0444444 0.284728
10 0.561328 0.375 0.0195312 0.0777778 0.292669
10 0.505859 0.254861 0.0148437 0.0375 0.294482
10 0.420312 0.708333 0.0390625 0.133333 0.303795
4 0.751172 0.91875 0.0210938 0.0486111 0.319951
4 0.397266 0.0631944 0.0164062 0.106944 0.372623
1 0.476172 0.0409722 0.0195312 0.0625 0.381737
4 0.533203 0.1125 0.0148437 0.0555556 0.387703
3 0.449609 0.15625 0.0179687 0.0430556 0.399677
4 0.505469 0.206944 0.0140625 0.0388889 0.399863
4 0.532812 0.0472222 0.015625 0.0611111 0.400924
1 0.840625 0.585417 0.0625 0.154167 0.415746
10 0.423438 0.357639 0.0140625 0.0458333 0.434495
11 0.469141 0.664583 0.0320312 0.118056 0.44225
11 0.641016 0.725 0.0429688 0.141667 0.448112
1 0.963672 0.0951389 0.0507812 0.159722 0.45611
4 0.559766 0.05625 0.0179687 0.0402778 0.467897
10 0.505859 0.74375 0.0273438 0.0930556 0.468224
1 0.450391 0.158333 0.0179687 0.0416667 0.476961
8 0.592578 0.798611 0.0492188 0.161111 0.538836
4 0.45 0.111806 0.015625 0.0513889 0.557317
10 0.519531 0.663889 0.03125 0.111111 0.565086
10 0.396484 0.354167 0.0148437 0.0527778 0.574347
10 0.477734 0.375694 0.0195312 0.0791667 0.584848
4 0.84375 0.884722 0.025 0.0388889 0.615562
11 0.594141 0.8 0.0476562 0.166667 0.643279
1 0.533203 0.133333 0.0179687 0.0833333 0.675518
4 0.560547 0.109028 0.0148437 0.0486111 0.770155
4 0.396484 0.111111 0.0148437 0.0472222 0.805736
4 0.5875 0.109028 0.015625 0.0486111 0.829479
4 0.423438 0.109028 0.015625 0.0486111 0.83548
4 0.477734 0.107639 0.0164062 0.0513889 0.841454
