9 0.162891 0.795833 0.0773437 0.191667 0.255825
1 0.341406 0.0416667 0.0359375 0.0583333 0.258618
4 0.505078 0.0604167 0.0179687 0.0458333 0.313197
4 0.845703 0.8875 0.0273438 0.0444444 0.315432
8 0.592969 0.811111 0.0421875 0.161111 0.363764
1 0.534766 0.204167 0.0164062 0.05 0.370556
10 0.605859 0.709722 0.0335938 0.138889 0.385094
4 0.423047 0.209722 0.0148437 0.0583333 0.421676
4 0.450781 0.156944 0.0140625 0.0472222 0.432067
11 0.591016 0.809028 0.0445312 0.154167 0.462783
10 0.396875 0.354861 0.0140625 0.0486111 0.505733
11 0.491016 0.759722 0.0382813 0.127778 0.566032
10 0.469922 0.646528 0.0273438 0.0819444 0.606859
2 0.654688 0.0340278 0.053125 0.0680556 0.652152
4 0.45 0.109722 0.0140625 0.05 0.732832
4 0.560547 0.107639 0.0148437 0.0458333 0.74709
4 0.395703 0.159028 0.0148437 0.0513889 0.81244
4 0.586719 0.111111 0.015625 0.05 0.815548
4 0.533203 0.110417 0.0148437 0.0458333 0.878438
