10 0.423047 0.241667 0.0148437 0.0583333 0.263752
1 0.477344 0.200694 0.015625 0.0486111 0.266874
4 0.847656 0.894444 0.03125 0.0611111 0.284532
10 0.520703 0.70625 0.0320312 0.106944 0.294127
10 0.618359 0.758333 0.0351562 0.141667 0.357443
10 0.55625 0.688889 0.025 0.0777778 0.363918
6 0.756641 0.0361111 0.0226563 0.0638889 0.372126
4 0.50625 0.0590278 0.01875 0.0513889 0.454665
6 0.722266 0.025 0.0320312 0.0444444 0.469168
11 0.589453 0.807639 0.0429688 0.151389 0.508743
11 0.490625 0.756944 0.034375 0.119444 0.516188
6 0.0507812 0.925694 0.0421875 0.104167 0.536825
1 0.969141 0.294444 0.0554687 0.188889 0.544605
4 0.450391 0.160417 0.0148437 0.0458333 0.574913
4 0.560938 0.106944 0.015625 0.05 0.689141
4 0.450391 0.109028 0.0148437 0.0486111 0.717937
4 0.587891 0.109722 0.0164062 0.05 0.797983
4 0.396484 0.109722 0.0148437 0.05 0.829325
4 0.533594 0.109722 0.015625 0.05 0.877756
