8 0.592188 0.809722 0.0421875 0.158333 0.253347
1 0.533594 0.204167 0.0171875 0.0527778 0.266565
11 0.232031 0.869444 0.05625 0.175 0.294428
10 0.521484 0.713194 0.0289063 0.0902778 0.305571
3 0.508594 0.352083 0.0203125 0.0486111 0.307081
1 0.473047 0.0208333 0.0210938 0.0277778 0.307926
9 0.404297 0.695139 0.0414063 0.148611 0.314891
11 0.255078 0.889583 0.0679687 0.170833 0.334147
4 0.397266 0.0638889 0.0164062 0.111111 0.33839
1 0.477344 0.201389 0.0171875 0.0472222 0.353595
4 0.560156 0.0583333 0.01875 0.0472222 0.366517
6 0.762109 0.0597222 0.0304688 0.105556 0.380037
4 0.423828 0.20625 0.0132813 0.0458333 0.397173
3 0.761719 0.0576389 0.03125 0.104167 0.441208
6 0.721875 0.0256944 0.0296875 0.0430556 0.464959
11 0.590625 0.808333 0.04375 0.152778 0.479234
4 0.844141 0.883333 0.0242187 0.0388889 0.551389
10 0.397266 0.354167 0.0164062 0.05 0.587845
4 0.450781 0.161111 0.0140625 0.0472222 0.627174
1 0.784375 0.567361 0.0578125 0.126389 0.629779
3 0.976562 0.2875 0.046875 0.163889 0.642364
4 0.560938 0.106944 0.015625 0.05 0.682558
4 0.45 0.109028 0.0140625 0.0513889 0.713683
11 0.490625 0.757639 0.034375 0.126389 0.744245
4 0.396094 0.109722 0.015625 0.05 0.798095
4 0.5875 0.109028 0.015625 0.0486111 0.815703
4 0.533984 0.109028 0.0148437 0.0486111 0.825088
