4 0.450781 0.295139 0.0140625 0.0486111 0.255923
10 0.527734 0.775 0.0335938 0.1 0.258161
11 0.589063 0.806944 0.0484375 0.141667 0.26954
4 0.417578 0.01875 0.0164062 0.0347222 0.275397
4 0.45 0.0833333 0.015625 0.0777778 0.275492
11 0.705859 0.616667 0.0570313 0.15 0.308368
4 0.946094 0.931944 0.0234375 0.0444444 0.31807
10 0.417578 0.0173611 0.0164062 0.0347222 0.33333
10 0.423828 0.358333 0.0132813 0.0472222 0.338464
1 0.476562 0.0465278 0.01875 0.0541667 0.375823
10 0.450781 0.296528 0.0125 0.0486111 0.389126
1 0.964453 0.100694 0.0554687 0.165278 0.402276
1 0.657031 0.265278 0.0625 0.166667 0.438122
4 0.397656 0.0604167 0.0171875 0.104167 0.439576
11 0.640625 0.730556 0.0453125 0.138889 0.478823
1 0.533594 0.129861 0.01875 0.0819444 0.587411
4 0.451172 0.157639 0.0164062 0.0486111 0.624791
4 0.507031 0.0583333 0.01875 0.05 0.630599
4 0.533203 0.1125 0.0148437 0.0555556 0.651867
4 0.843359 0.884722 0.0210938 0.0333333 0.680252
1 0.708594 0.113889 0.053125 0.194444 0.694543
4 0.560547 0.108333 0.0148437 0.05 0.694664
8 0.589063 0.808333 0.04375 0.147222 0.734342
10 0.478125 0.378472 0.01875 0.0736111 0.746821
4 0.450391 0.108333 0.0164062 0.0472222 0.767043
4 0.5875 0.109722 0.015625 0.05 0.771747
4 0.396094 0.110417 0.015625 0.0458333 0.803551
4 0.423438 0.109028 0.015625 0.0486111 0.836553
