4 0.559766 0.0583333 0.0179687 0.0472222 0.253721
10 0.396875 0.354167 0.015625 0.0555556 0.258031
1 0.50625 0.05625 0.0171875 0.0569444 0.258467
4 0.449609 0.0611111 0.0148437 0.0555556 0.269031
4 0.416016 0.0180556 0.0164062 0.0333333 0.273947
3 0.505859 0.253472 0.0195312 0.0486111 0.274749
4 0.45 0.0847222 0.015625 0.075 0.280233
10 0.423438 0.357639 0.0125 0.0458333 0.29849
3 0.658203 0.252778 0.0632813 0.177778 0.310127
10 0.232031 0.863889 0.0421875 0.147222 0.323499
4 0.945312 0.932639 0.0234375 0.0430556 0.334981
1 0.477344 0.0465278 0.01875 0.0541667 0.374023
11 0.415234 0.711111 0.0476562 0.172222 0.40745
3 0.712891 0.10625 0.0492188 0.173611 0.41744
3 0.764844 0.05 0.0296875 0.0916667 0.425159
4 0.397656 0.0583333 0.0171875 0.102778 0.434637
1 0.958594 0.107639 0.053125 0.170833 0.449252
4 0.844531 0.884722 0.025 0.0388889 0.472755
4 0.507031 0.0569444 0.0171875 0.05 0.504158
11 0.585938 0.799306 0.05 0.154167 0.521547
8 0.586719 0.804167 0.0484375 0.155556 0.529451
4 0.451172 0.156944 0.0164062 0.0472222 0.544742
7 0.646484 0.71875 0.0367187 0.129167 0.607534
4 0.560938 0.107639 0.015625 0.0486111 0.745792
4 0.45 0.107639 0.015625 0.0486111 0.746851
4 0.396094 0.110417 0.015625 0.0458333 0.777362
4 0.423438 0.107639 0.015625 0.0486111 0.812119
4 0.5875 0.109028 0.015625 0.0486111 0.82667
4 0.533594 0.109028 0.015625 0.0486111 0.867833
