1 0.534375 0.204167 0.01875 0.0555556 0.255649
3 0.978516 0.283333 0.0429688 0.161111 0.355202
4 0.50625 0.0604167 0.01875 0.0486111 0.377069
4 0.845312 0.886806 0.0265625 0.0430556 0.390201
11 0.591406 0.809722 0.04375 0.152778 0.440009
10 0.619531 0.756944 0.034375 0.136111 0.499722
4 0.450781 0.158333 0.0140625 0.0472222 0.524482
8 0.592578 0.811806 0.0414063 0.159722 0.525736
11 0.492188 0.759028 0.034375 0.126389 0.609286
4 0.560547 0.109028 0.0164062 0.0486111 0.73948
4 0.45 0.108333 0.0140625 0.0472222 0.748673
4 0.395703 0.110417 0.0148437 0.0513889 0.772995
10 0.469531 0.645833 0.028125 0.0833333 0.797915
4 0.587891 0.109722 0.0164062 0.05 0.826204
4 0.533594 0.109722 0.015625 0.0472222 0.875238
