11 0.470703 0.664583 0.0335938 0.118056 0.265886
1 0.342969 0.0423611 0.034375 0.0680556 0.277578
1 0.477344 0.0423611 0.01875 0.0625 0.290153
10 0.417188 0.0180556 0.015625 0.0361111 0.306839
8 0.594141 0.805556 0.0460938 0.15 0.317284
4 0.45 0.0625 0.015625 0.0611111 0.340205
4 0.521484 0.668056 0.0273438 0.113889 0.358966
4 0.944141 0.931944 0.0242187 0.0444444 0.363964
10 0.477344 0.377778 0.0203125 0.0861111 0.368198
10 0.423828 0.358333 0.0132813 0.0472222 0.378136
10 0.50625 0.251389 0.0140625 0.05 0.387095
6 0.957422 0.105556 0.0523437 0.175 0.391048
1 0.03125 0.198611 0.0578125 0.163889 0.426798
6 0.724609 0.0256944 0.0335938 0.0458333 0.435997
4 0.396094 0.0506944 0.0171875 0.0652778 0.457832
10 0.396484 0.354861 0.0148437 0.0541667 0.467992
1 0.825391 0.606944 0.0570313 0.155556 0.56766
4 0.532812 0.0458333 0.015625 0.0611111 0.580369
4 0.533203 0.1125 0.0148437 0.0555556 0.614627
1 0.533203 0.130556 0.0179687 0.0805556 0.632662
11 0.646484 0.729167 0.0460938 0.144444 0.639219
4 0.560547 0.05625 0.0179687 0.0402778 0.640962
10 0.505859 0.202778 0.0164062 0.0388889 0.69943
4 0.450781 0.158333 0.015625 0.0472222 0.759767
4 0.45 0.107639 0.015625 0.0486111 0.777426
4 0.560547 0.109028 0.0148437 0.0486111 0.80293
4 0.5875 0.109028 0.015625 0.0486111 0.83413
4 0.395703 0.111806 0.0148437 0.0486111 0.835156
4 0.423438 0.108333 0.015625 0.05 0.841017
