10 0.533984 0.247917 0.0164062 0.0541667 0.311913
1 0.0433594 0.958333 0.0335938 0.0583333 0.317796
1 0.695312 0.0722222 0.0234375 0.0944444 0.34706
1 0.669141 0.0868056 0.0320312 0.106944 0.370952
1 0.450391 0.159722 0.0148437 0.0472222 0.412958
4 0.451172 0.156944 0.0148437 0.05 0.462596
3 0.0332031 0.259722 0.0507812 0.147222 0.488816
4 0.422656 0.209722 0.0140625 0.0583333 0.525938
4 0.559375 0.0576389 0.01875 0.0375 0.549635
10 0.396094 0.353472 0.015625 0.0486111 0.652319
4 0.560156 0.105556 0.015625 0.05 0.67082
4 0.396094 0.159722 0.0140625 0.05 0.798537
4 0.586719 0.109028 0.015625 0.0513889 0.821021
4 0.533203 0.109028 0.0148437 0.0486111 0.854927
