4 0.944922 0.931944 0.0242187 0.0416667 0.264355
4 0.751953 0.919444 0.0195312 0.0472222 0.268276
8 0.423438 0.377778 0.0203125 0.0916667 0.272053
11 0.557422 0.813889 0.0414063 0.125 0.272825
1 0.560547 0.104861 0.0179687 0.0541667 0.275054
10 0.471094 0.638194 0.03125 0.0875 0.292564
9 0.664062 0.704167 0.0390625 0.105556 0.360762
4 0.397656 0.0597222 0.0171875 0.108333 0.376402
3 0.661719 0.250694 0.0671875 0.181944 0.389999
10 0.423438 0.380556 0.0234375 0.1 0.394263
4 0.559766 0.0590278 0.0179687 0.0430556 0.421654
8 0.478125 0.377083 0.021875 0.0847222 0.523377
4 0.587891 0.0576389 0.0179687 0.0430556 0.530268
1 0.957422 0.0944444 0.0570313 0.155556 0.551216
10 0.477734 0.376389 0.0195312 0.0833333 0.599923
4 0.844531 0.883333 0.0234375 0.0361111 0.604215
2 0.661719 0.253472 0.06875 0.176389 0.654689
4 0.560547 0.109722 0.0164062 0.0472222 0.792433
4 0.396094 0.110417 0.0171875 0.0458333 0.816042
10 0.533984 0.381944 0.0210938 0.0805556 0.832217
4 0.450391 0.108333 0.0179687 0.0472222 0.837198
4 0.5875 0.109722 0.0171875 0.05 0.838086
4 0.422656 0.109028 0.0171875 0.0513889 0.839603
4 0.533203 0.111111 0.0164062 0.0472222 0.851354
4 0.477344 0.110417 0.0171875 0.0486111 0.873976
