1 0.344141 0.04375 0.0335938 0.0652778 0.252134
10 0.507031 0.744444 0.0296875 0.1 0.257511
9 0.334375 0.725 0.0421875 0.158333 0.257729
3 0.984375 0.275 0.03125 0.155556 0.278014
4 0.942187 0.930556 0.025 0.0472222 0.278913
10 0.417578 0.0166667 0.0164062 0.0333333 0.280617
10 0.505859 0.254167 0.0148437 0.0388889 0.291298
4 0.745703 0.920833 0.0210938 0.05 0.323931
6 0.719141 0.0305556 0.0382813 0.05 0.334087
10 0.423047 0.357639 0.0132813 0.0458333 0.352951
4 0.533203 0.0451389 0.0164062 0.0597222 0.370233
11 0.59375 0.803472 0.0484375 0.156944 0.408306
4 0.397266 0.0631944 0.0164062 0.106944 0.419516
1 0.963672 0.102778 0.0539063 0.155556 0.429554
11 0.64375 0.727083 0.0421875 0.140278 0.458967
1 0.663672 0.255556 0.0570313 0.172222 0.473934
10 0.477344 0.377778 0.01875 0.0777778 0.482689
8 0.59375 0.801389 0.0484375 0.158333 0.489847
4 0.50625 0.20625 0.0140625 0.0402778 0.512194
4 0.560547 0.05625 0.0179687 0.0402778 0.519128
1 0.476172 0.0395833 0.0195312 0.0625 0.534932
10 0.396484 0.354167 0.0148437 0.0527778 0.542523
10 0.450391 0.155556 0.0148437 0.0444444 0.586682
11 0.574609 0.706944 0.0398437 0.130556 0.59758
4 0.844531 0.885417 0.025 0.0402778 0.597875
1 0.903516 0.277778 0.0570313 0.186111 0.673001
4 0.45 0.107639 0.0140625 0.0458333 0.698586
1 0.841016 0.582639 0.0601562 0.165278 0.708269
1 0.533984 0.13125 0.0179687 0.0819444 0.721698
4 0.560547 0.109028 0.0148437 0.0486111 0.79212
4 0.423047 0.107639 0.0164062 0.0513889 0.816734
4 0.477344 0.109722 0.015625 0.05 0.828036
4 0.5875 0.109028 0.015625 0.0486111 0.846118
4 0.395703 0.110417 0.0148437 0.0486111 0.856659
