4 0.842188 0.885417 0.0234375 0.0375 0.253538
10 0.423438 0.379861 0.021875 0.0875 0.326231
3 0.45 0.154861 0.01875 0.0486111 0.327399
3 0.760938 0.222222 0.0578125 0.152778 0.335288
1 0.560156 0.103472 0.0171875 0.0541667 0.352319
10 0.50625 0.254861 0.015625 0.0402778 0.3625
6 0.721094 0.0270833 0.0390625 0.0458333 0.371053
4 0.944531 0.931944 0.0234375 0.0444444 0.373969
4 0.559766 0.0576389 0.0179687 0.0430556 0.387685
4 0.50625 0.0472222 0.0171875 0.0583333 0.397946
4 0.397656 0.0652778 0.0171875 0.102778 0.406471
8 0.477734 0.376389 0.0210938 0.0833333 0.443121
4 0.587891 0.05625 0.0179687 0.0430556 0.445473
1 0.762891 0.21875 0.0507812 0.159722 0.520748
10 0.477734 0.375694 0.0195312 0.0819444 0.539026
3 0.662891 0.248611 0.0695312 0.191667 0.541374
1 0.961328 0.100694 0.0539063 0.165278 0.632847
4 0.45 0.111806 0.015625 0.0513889 0.674623
1 0.835938 0.604861 0.053125 0.156944 0.686246
4 0.560938 0.109028 0.015625 0.0486111 0.752805
10 0.533594 0.383333 0.0203125 0.0722222 0.783252
4 0.396094 0.111111 0.015625 0.0472222 0.810455
4 0.5875 0.109028 0.0171875 0.0513889 0.817629
4 0.423438 0.109722 0.015625 0.05 0.833237
4 0.533594 0.110417 0.015625 0.0486111 0.868813
4 0.477734 0.109028 0.0164062 0.0513889 0.87709
