11 0.491406 0.755556 0.0359375 0.122222 0.251166
10 0.396875 0.354167 0.0140625 0.05 0.254368
3 0.0378906 0.150694 0.0414063 0.1375 0.272674
4 0.560156 0.0583333 0.01875 0.0444444 0.274021
1 0.760156 0.0833333 0.025 0.119444 0.292866
10 0.434375 0.680556 0.0296875 0.0888889 0.321404
4 0.50625 0.0597222 0.01875 0.0472222 0.348637
1 0.477344 0.201389 0.015625 0.0472222 0.381528
8 0.590625 0.808333 0.0421875 0.15 0.407889
10 0.619531 0.754167 0.034375 0.133333 0.430068
4 0.450781 0.161111 0.0140625 0.0444444 0.642809
4 0.560938 0.106944 0.015625 0.05 0.713344
4 0.45 0.109028 0.0140625 0.0486111 0.73778
4 0.5875 0.109028 0.015625 0.0486111 0.805562
4 0.396484 0.109722 0.0148437 0.05 0.828507
4 0.533594 0.110417 0.015625 0.0486111 0.882997
