10 0.422656 0.238889 0.015625 0.0638889 0.251718
1 0.761328 0.0916667 0.0351562 0.155556 0.25396
10 0.620703 0.75625 0.0320312 0.129167 0.255273
3 0.758203 0.08125 0.0304688 0.1375 0.259944
3 0.720703 0.0305556 0.0320312 0.0472222 0.262323
1 0.823438 0.564583 0.0484375 0.151389 0.268565
4 0.423828 0.223611 0.0164062 0.0833333 0.271703
1 0.342187 0.0416667 0.034375 0.0694444 0.277499
4 0.682813 0.025 0.0171875 0.0444444 0.320643
10 0.423828 0.356944 0.0148437 0.0416667 0.327993
3 0.824219 0.570833 0.0484375 0.144444 0.345847
3 0.50625 0.0583333 0.0171875 0.0472222 0.373899
3 0.980078 0.285417 0.0398437 0.173611 0.388011
10 0.55625 0.686111 0.0265625 0.0805556 0.389358
6 0.757031 0.0361111 0.021875 0.0638889 0.401729
4 0.945312 0.932639 0.0265625 0.0430556 0.402761
6 0.723047 0.0243056 0.0289063 0.0430556 0.435484
4 0.844141 0.885417 0.0273438 0.0402778 0.465086
10 0.521094 0.708333 0.03125 0.1 0.496998
10 0.396875 0.354167 0.015625 0.0472222 0.534648
1 0.477734 0.201389 0.0164062 0.0472222 0.555588
6 0.0503906 0.926389 0.0429688 0.102778 0.575636
11 0.489844 0.752778 0.0359375 0.125 0.579144
8 0.589063 0.806944 0.0421875 0.15 0.624191
4 0.450781 0.159722 0.0140625 0.0444444 0.6758
4 0.560938 0.106944 0.015625 0.05 0.678964
4 0.450391 0.108333 0.0148437 0.0472222 0.762001
4 0.5875 0.109028 0.015625 0.0486111 0.836883
4 0.396484 0.109722 0.0148437 0.05 0.850184
4 0.533594 0.109028 0.015625 0.0486111 0.885273
