3 0.775 0.05625 0.0265625 0.0958333 0.250142
6 0.757031 0.0354167 0.021875 0.0597222 0.266227
4 0.45 0.0840278 0.015625 0.0763889 0.272127
3 0.762109 0.0506944 0.0257812 0.0930556 0.273113
4 0.449609 0.0611111 0.0148437 0.0527778 0.282291
4 0.559766 0.0576389 0.0179687 0.0458333 0.294068
1 0.50625 0.0555556 0.0171875 0.0555556 0.29629
10 0.423438 0.357639 0.0125 0.0458333 0.315812
4 0.417188 0.01875 0.0171875 0.0347222 0.317671
10 0.416797 0.0173611 0.0164062 0.0347222 0.325071
10 0.397266 0.354861 0.0148437 0.0541667 0.339432
3 0.505859 0.252778 0.0195312 0.0472222 0.350856
11 0.416016 0.717361 0.0429688 0.145833 0.368876
1 0.476953 0.0451389 0.0179687 0.0541667 0.423714
4 0.506641 0.0569444 0.0164062 0.05 0.488338
4 0.397656 0.05625 0.0171875 0.0986111 0.506286
4 0.451172 0.156944 0.0164062 0.0472222 0.574825
3 0.655859 0.254167 0.0617188 0.177778 0.610241
11 0.642578 0.731944 0.0429688 0.141667 0.613838
3 0.883594 0.266667 0.05625 0.2 0.624809
4 0.560547 0.108333 0.0148437 0.0472222 0.746655
4 0.45 0.108333 0.015625 0.0472222 0.778964
8 0.587891 0.806944 0.0429688 0.15 0.793215
4 0.396094 0.110417 0.015625 0.0458333 0.796163
4 0.5875 0.109028 0.015625 0.0486111 0.832437
4 0.423438 0.107639 0.015625 0.0486111 0.838839
4 0.533594 0.109028 0.015625 0.0486111 0.872657
