1 0.472656 0.0201389 0.0203125 0.0291667 0.253314
4 0.745703 0.920833 0.0195312 0.0472222 0.255172
1 0.533594 0.204861 0.0171875 0.0541667 0.256143
4 0.418359 0.01875 0.0179687 0.0319444 0.282227
3 0.507812 0.351389 0.0203125 0.0472222 0.289773
10 0.554297 0.686111 0.0226563 0.0777778 0.331134
10 0.521094 0.7125 0.0265625 0.0888889 0.338815
10 0.420312 0.0180556 0.0171875 0.0361111 0.347376
1 0.477344 0.201389 0.0171875 0.0472222 0.365466
3 0.786719 0.575 0.0578125 0.133333 0.373488
4 0.423438 0.206944 0.0140625 0.0472222 0.450788
1 0.786719 0.570833 0.0578125 0.133333 0.481509
4 0.396484 0.0555556 0.0164062 0.0944444 0.490456
6 0.723828 0.0236111 0.0304688 0.0416667 0.597647
11 0.489453 0.754167 0.0351562 0.130556 0.688047
4 0.450391 0.160417 0.0148437 0.0486111 0.718898
4 0.560547 0.106944 0.0164062 0.05 0.73443
4 0.450391 0.109722 0.0148437 0.05 0.735393
8 0.589063 0.807639 0.040625 0.148611 0.751086
4 0.395703 0.110417 0.0148437 0.0486111 0.785594
4 0.587891 0.109722 0.0164062 0.05 0.830239
4 0.533594 0.109028 0.0140625 0.0486111 0.858373
