10 0.506641 0.252778 0.0132813 0.0444444 0.28123
3 0.758984 0.0569444 0.0195312 0.0888889 0.287631
4 0.751953 0.919444 0.0195312 0.0472222 0.294106
3 0.967188 0.121528 0.05 0.176389 0.31429
4 0.560547 0.0576389 0.0195312 0.0458333 0.32638
8 0.478125 0.377778 0.0203125 0.0861111 0.330401
1 0.477734 0.0520833 0.0179687 0.0347222 0.342545
1 0.50625 0.05625 0.01875 0.0458333 0.400087
4 0.942187 0.929861 0.025 0.0486111 0.40642
10 0.424219 0.357639 0.0125 0.0458333 0.414538
4 0.396484 0.0590278 0.0179687 0.0486111 0.439787
4 0.683594 0.0284722 0.015625 0.0458333 0.446221
4 0.449609 0.0583333 0.0148437 0.0444444 0.453111
11 0.646875 0.729167 0.04375 0.141667 0.473296
10 0.528906 0.776389 0.03125 0.0916667 0.513133
1 0.832031 0.601389 0.05625 0.166667 0.51362
1 0.533594 0.129167 0.01875 0.0833333 0.580756
10 0.505859 0.204167 0.0148437 0.0361111 0.591193
4 0.506641 0.0590278 0.0179687 0.0458333 0.616318
4 0.844531 0.884028 0.025 0.0402778 0.641853
10 0.51875 0.665278 0.0328125 0.113889 0.654225
4 0.451172 0.156944 0.0148437 0.0472222 0.670655
4 0.533594 0.122917 0.015625 0.0680556 0.674198
4 0.450391 0.107639 0.0148437 0.0486111 0.728058
8 0.589844 0.808333 0.0421875 0.15 0.732566
4 0.560547 0.109028 0.0148437 0.0486111 0.74969
4 0.396875 0.111111 0.0140625 0.0472222 0.770721
4 0.5875 0.109028 0.015625 0.0513889 0.784359
4 0.423438 0.106944 0.0140625 0.05 0.818847
