11 0.590625 0.808333 0.04375 0.158333 0.25121
10 0.699609 0.640278 0.0320312 0.113889 0.265766
4 0.760938 0.0395833 0.0203125 0.0736111 0.279605
10 0.396875 0.354167 0.0140625 0.0527778 0.311928
4 0.506641 0.0604167 0.0179687 0.0486111 0.34597
3 0.506641 0.0597222 0.0179687 0.0472222 0.353637
4 0.844922 0.886806 0.0273438 0.0430556 0.413276
3 0.978125 0.289583 0.0421875 0.148611 0.417836
10 0.619922 0.75625 0.0351562 0.1375 0.444468
4 0.451562 0.157639 0.0140625 0.0458333 0.547824
11 0.491406 0.759028 0.0375 0.126389 0.562839
8 0.592578 0.811806 0.0414063 0.159722 0.617722
4 0.560938 0.109028 0.015625 0.0486111 0.715708
10 0.470313 0.647222 0.028125 0.0861111 0.743214
4 0.450391 0.108333 0.0148437 0.0472222 0.74514
4 0.396094 0.109722 0.0140625 0.05 0.755133
4 0.587891 0.109722 0.0164062 0.05 0.819638
4 0.533984 0.109722 0.0148437 0.0472222 0.883382
