4 0.473828 0.0201389 0.0195312 0.0291667 0.250316
11 0.200391 0.850694 0.0570313 0.170833 0.270499
10 0.00820312 0.247222 0.0164062 0.158333 0.278333
4 0.945312 0.931944 0.0234375 0.0416667 0.304706
1 0.764844 0.138194 0.0421875 0.145833 0.368762
4 0.45 0.0611111 0.015625 0.0583333 0.408411
4 0.683594 0.0284722 0.01875 0.0486111 0.470471
10 0.396875 0.354861 0.015625 0.0513889 0.490125
4 0.397656 0.0548611 0.0171875 0.0958333 0.501579
4 0.451953 0.157639 0.0164062 0.0486111 0.544308
11 0.585938 0.804167 0.05 0.166667 0.576863
4 0.45 0.108333 0.015625 0.05 0.629885
8 0.588281 0.80625 0.046875 0.156944 0.642677
4 0.560547 0.107639 0.0148437 0.0513889 0.681694
4 0.533203 0.110417 0.0148437 0.0569444 0.682475
1 0.533984 0.13125 0.0179687 0.0847222 0.684735
4 0.587891 0.109028 0.0164062 0.0513889 0.778803
4 0.396094 0.111111 0.015625 0.0472222 0.78348
4 0.423438 0.108333 0.015625 0.05 0.814948
