8 0.562109 0.379167 0.0226563 0.0888889 0.251495
4 0.560156 0.0583333 0.01875 0.0472222 0.276675
11 0.585938 0.804861 0.046875 0.145833 0.286318
4 0.45 0.0618056 0.0140625 0.0569444 0.294673
4 0.944922 0.931944 0.0242187 0.0444444 0.300772
10 0.424219 0.357639 0.0125 0.0458333 0.326201
3 0.50625 0.254167 0.01875 0.0472222 0.329175
10 0.414844 0.722222 0.040625 0.15 0.351958
1 0.65625 0.261806 0.0578125 0.179167 0.36355
4 0.756641 0.0375 0.0195312 0.0666667 0.364008
4 0.844141 0.884722 0.0257812 0.0388889 0.386354
4 0.746875 0.920139 0.0203125 0.0486111 0.400235
10 0.231641 0.863889 0.0429688 0.152778 0.410162
4 0.398828 0.0395833 0.0195312 0.0708333 0.412853
3 0.708984 0.113889 0.0492188 0.188889 0.434556
1 0.477344 0.0451389 0.01875 0.0569444 0.448163
1 0.961328 0.104861 0.0539063 0.179167 0.49147
7 0.644141 0.725694 0.0414063 0.134722 0.49848
1 0.831641 0.615972 0.0570313 0.173611 0.564793
4 0.507422 0.0604167 0.0179687 0.0486111 0.645825
11 0.641016 0.727778 0.0445312 0.138889 0.730229
4 0.560938 0.108333 0.015625 0.0472222 0.746284
4 0.451953 0.157639 0.0164062 0.0486111 0.759512
4 0.45 0.108333 0.015625 0.0472222 0.767829
8 0.5875 0.806944 0.04375 0.15 0.786092
4 0.396484 0.110417 0.0148437 0.0458333 0.802758
4 0.423828 0.108333 0.0148437 0.05 0.826789
4 0.587891 0.110417 0.0164062 0.0486111 0.834863
4 0.533594 0.110417 0.015625 0.0486111 0.876427
