6 0.0488281 0.929167 0.0554687 0.105556 0.253831
3 0.661328 0.259722 0.0632813 0.161111 0.256973
4 0.944531 0.931944 0.025 0.0444444 0.267535
4 0.560156 0.0569444 0.0171875 0.0444444 0.27268
11 0.590625 0.80625 0.04375 0.156944 0.289114
11 0.491406 0.75625 0.0328125 0.118056 0.289463
1 0.660547 0.256944 0.0617188 0.163889 0.31395
4 0.423438 0.205556 0.0125 0.0416667 0.338308
4 0.451172 0.15625 0.0148437 0.0486111 0.368584
4 0.844922 0.885417 0.0257812 0.0402778 0.395448
10 0.60625 0.709028 0.0328125 0.131944 0.398311
11 0.234766 0.880556 0.0585938 0.175 0.401616
3 0.50625 0.0597222 0.0171875 0.0444444 0.403616
10 0.491406 0.757639 0.0328125 0.115278 0.42912
3 0.7625 0.18125 0.0515625 0.173611 0.453407
10 0.396875 0.354861 0.015625 0.0486111 0.508474
10 0.433984 0.70625 0.0335938 0.115278 0.512115
8 0.591016 0.807639 0.0445312 0.151389 0.580621
10 0.469141 0.644444 0.0273438 0.0861111 0.587139
3 0.771875 0.0756944 0.0375 0.134722 0.651341
4 0.560547 0.109722 0.0148437 0.0472222 0.706114
4 0.450391 0.109722 0.0148437 0.0527778 0.711915
4 0.395703 0.158333 0.0148437 0.0527778 0.834313
4 0.5875 0.109028 0.015625 0.0486111 0.842503
4 0.533984 0.109028 0.0148437 0.0486111 0.881469
