6 0.653906 0.0381944 0.04375 0.0597222 0.253503
10 0.416406 0.0166667 0.015625 0.0333333 0.259119
4 0.50625 0.213194 0.015625 0.0625 0.264578
6 0.896875 0.895833 0.0359375 0.0555556 0.265591
4 0.586719 0.0576389 0.0203125 0.0513889 0.266682
1 0.659375 0.258333 0.0546875 0.166667 0.272144
10 0.505859 0.252778 0.0148437 0.0416667 0.27634
10 0.533984 0.35625 0.0148437 0.0458333 0.287683
11 0.640234 0.728472 0.0429688 0.1375 0.291221
10 0.476953 0.379167 0.0179687 0.075 0.293163
3 0.45 0.154861 0.0171875 0.0458333 0.293862
10 0.560938 0.354861 0.015625 0.0513889 0.300521
4 0.745703 0.920139 0.0210938 0.0486111 0.303189
7 0.610937 0.795139 0.0390625 0.123611 0.330323
10 0.423828 0.356944 0.0132813 0.0472222 0.336375
10 0.422656 0.201389 0.0140625 0.0472222 0.33784
3 0.840234 0.592361 0.0554687 0.148611 0.350609
10 0.396875 0.354861 0.015625 0.0541667 0.351835
6 0.977734 0.0444444 0.0398437 0.0638889 0.35599
4 0.944531 0.93125 0.0234375 0.0458333 0.357267
1 0.450391 0.156944 0.0179687 0.0444444 0.388288
1 0.654297 0.109028 0.0476562 0.184722 0.395204
10 0.419531 0.706944 0.0375 0.133333 0.406837
10 0.396484 0.0444444 0.0179687 0.0611111 0.412291
4 0.396875 0.0590278 0.0171875 0.101389 0.427851
1 0.842578 0.593056 0.0539063 0.161111 0.433814
7 0.322266 0.611806 0.0632813 0.193056 0.503978
4 0.533203 0.113194 0.0164062 0.0486111 0.512571
4 0.45 0.1125 0.015625 0.05 0.581449
1 0.533594 0.133333 0.01875 0.075 0.587574
4 0.587891 0.109028 0.0164062 0.0486111 0.753755
4 0.396094 0.111111 0.015625 0.05 0.765332
4 0.560938 0.110417 0.015625 0.0458333 0.812331
4 0.423438 0.108333 0.015625 0.0472222 0.826298
4 0.477734 0.109722 0.0164062 0.05 0.874694
