1 0.533984 0.204167 0.0179687 0.0527778 0.267791
1 0.472656 0.0208333 0.0203125 0.0277778 0.282292
8 0.592578 0.809722 0.0414063 0.158333 0.289083
9 0.404687 0.694444 0.0421875 0.147222 0.302843
10 0.521875 0.713889 0.028125 0.0916667 0.304373
11 0.232031 0.870139 0.0578125 0.173611 0.31793
6 0.762891 0.0604167 0.0304688 0.106944 0.324728
3 0.507812 0.352083 0.021875 0.0486111 0.330947
4 0.397266 0.0631944 0.0164062 0.109722 0.336603
11 0.253125 0.888889 0.06875 0.172222 0.348232
1 0.477344 0.201389 0.0171875 0.0472222 0.348445
4 0.560156 0.0583333 0.01875 0.0472222 0.354288
4 0.424219 0.20625 0.0140625 0.0458333 0.412867
6 0.722266 0.025 0.0304688 0.0444444 0.430885
3 0.762109 0.0590278 0.0304688 0.104167 0.448489
4 0.844141 0.883333 0.0242187 0.0388889 0.566656
10 0.397266 0.354167 0.0164062 0.05 0.592192
11 0.591016 0.807639 0.0429688 0.151389 0.593385
4 0.450781 0.161111 0.0140625 0.0472222 0.641505
1 0.785547 0.566667 0.0585938 0.127778 0.664719
3 0.976562 0.2875 0.046875 0.163889 0.682598
4 0.560938 0.106944 0.015625 0.05 0.682712
4 0.45 0.109028 0.0140625 0.0513889 0.719765
11 0.491016 0.756944 0.0351562 0.127778 0.755429
4 0.396094 0.109722 0.015625 0.05 0.80268
4 0.587891 0.109028 0.0164062 0.0486111 0.817084
4 0.533984 0.109028 0.0148437 0.0486111 0.825042
