10 0.533984 0.359028 0.0148437 0.0430556 0.263934
1 0.476953 0.204861 0.0148437 0.0430556 0.266124
4 0.560156 0.0583333 0.01875 0.0472222 0.276113
10 0.424219 0.356944 0.0140625 0.0416667 0.33585
10 0.0105469 0.245139 0.0195312 0.1625 0.352583
3 0.507422 0.355556 0.0195312 0.0472222 0.368323
11 0.453516 0.744444 0.0351562 0.133333 0.369551
4 0.845312 0.884722 0.025 0.0388889 0.424891
3 0.978906 0.280556 0.040625 0.172222 0.455628
4 0.396094 0.0506944 0.0171875 0.0652778 0.458652
1 0.966406 0.101389 0.0546875 0.161111 0.460892
9 0.404297 0.693056 0.0398437 0.152778 0.51812
11 0.490625 0.754861 0.0328125 0.118056 0.609041
11 0.591406 0.808333 0.04375 0.15 0.615194
4 0.450391 0.161111 0.0148437 0.0444444 0.62336
4 0.560938 0.108333 0.015625 0.0472222 0.660182
4 0.45 0.107639 0.0140625 0.0458333 0.732106
4 0.395703 0.110417 0.0148437 0.0458333 0.78638
4 0.423047 0.107639 0.0148437 0.0486111 0.795787
4 0.5875 0.109028 0.015625 0.0486111 0.796286
4 0.533594 0.109028 0.0140625 0.0486111 0.859212
