10 0.417188 0.0166667 0.015625 0.0333333 0.254703
11 0.470313 0.663194 0.034375 0.120833 0.266021
10 0.417578 0.709722 0.0398437 0.141667 0.293887
10 0.505859 0.254167 0.0148437 0.0388889 0.302218
4 0.506641 0.211111 0.0148437 0.0583333 0.30652
1 0.476562 0.0451389 0.0171875 0.0541667 0.33575
1 0.770312 0.230556 0.0328125 0.119444 0.337271
4 0.397266 0.0638889 0.0164062 0.108333 0.356985
3 0.961328 0.0902778 0.0570313 0.152778 0.358543
6 0.719531 0.0291667 0.0359375 0.0472222 0.377124
7 0.591016 0.820139 0.0492188 0.170833 0.391041
10 0.423828 0.356944 0.0132813 0.0472222 0.404442
4 0.945312 0.931944 0.0234375 0.0444444 0.405775
3 0.450391 0.154861 0.0179687 0.0458333 0.422846
10 0.478125 0.375694 0.01875 0.0763889 0.432996
4 0.5875 0.0569444 0.0171875 0.0444444 0.435546
9 0.591406 0.819444 0.0484375 0.169444 0.462636
1 0.450391 0.157639 0.0179687 0.0430556 0.46991
4 0.505859 0.0541667 0.0164062 0.05 0.532701
4 0.533203 0.111806 0.0148437 0.0541667 0.547035
1 0.958984 0.0902778 0.0617188 0.152778 0.593354
4 0.45 0.111806 0.015625 0.0513889 0.631892
10 0.396875 0.354167 0.015625 0.0527778 0.632829
1 0.533984 0.129167 0.0179687 0.0805556 0.656413
4 0.560938 0.109028 0.0140625 0.0486111 0.796858
4 0.396094 0.109722 0.015625 0.0472222 0.816228
4 0.587891 0.108333 0.0164062 0.05 0.82778
4 0.423438 0.107639 0.015625 0.0486111 0.842704
4 0.477734 0.109028 0.0164062 0.0513889 0.870225
