4 0.747266 0.920139 0.0242187 0.0458333 0.259392
3 0.358984 0.229861 0.0648438 0.198611 0.264813
3 0.0386719 0.264583 0.0507812 0.1375 0.27112
3 0.311719 0.184722 0.0484375 0.158333 0.282064
11 0.567578 0.678472 0.0429688 0.126389 0.31438
1 0.857813 0.903472 0.0546875 0.0763889 0.330094
10 0.602344 0.638889 0.0265625 0.0777778 0.344206
1 0.592188 0.304861 0.0515625 0.168056 0.373917
6 0.991016 0.955556 0.0148437 0.0888889 0.41548
3 0.670703 0.0895833 0.0351562 0.1125 0.481241
3 0.198047 0.2 0.0414063 0.122222 0.63093
11 0.139062 0.203472 0.046875 0.176389 0.644099
