10 0.506641 0.744444 0.0289063 0.0972222 0.26248
10 0.575391 0.709028 0.0367187 0.120833 0.270807
10 0.505859 0.254861 0.0148437 0.0375 0.307731
8 0.596094 0.801389 0.0453125 0.158333 0.31082
4 0.422656 0.25 0.0140625 0.0527778 0.321354
10 0.520312 0.663889 0.03125 0.113889 0.326114
6 0.720312 0.0284722 0.040625 0.0486111 0.339972
1 0.963672 0.102083 0.0507812 0.159722 0.347531
3 0.667188 0.253472 0.065625 0.179167 0.348138
10 0.419141 0.711806 0.0382813 0.134722 0.352926
10 0.423047 0.357639 0.0132813 0.0458333 0.396417
4 0.942187 0.930556 0.0234375 0.0472222 0.420579
4 0.532812 0.0451389 0.015625 0.0597222 0.422201
1 0.830469 0.580556 0.05 0.15 0.439823
4 0.397266 0.0618056 0.0164062 0.104167 0.442321
10 0.396484 0.354167 0.0148437 0.0527778 0.443647
4 0.505469 0.20625 0.0140625 0.0402778 0.51454
11 0.574609 0.707639 0.0367187 0.123611 0.51537
1 0.476172 0.0395833 0.0195312 0.0625 0.520127
10 0.477344 0.377778 0.01875 0.0777778 0.520185
4 0.560547 0.0548611 0.0179687 0.0402778 0.572074
10 0.450391 0.154861 0.0148437 0.0458333 0.596482
11 0.646094 0.730556 0.0421875 0.141667 0.666828
4 0.45 0.104861 0.015625 0.0458333 0.684746
1 0.533203 0.131944 0.0179687 0.0805556 0.731261
4 0.560156 0.109028 0.0140625 0.0486111 0.783685
4 0.423047 0.107639 0.0164062 0.0513889 0.819829
4 0.476562 0.109028 0.015625 0.0486111 0.822178
4 0.5875 0.107639 0.015625 0.0486111 0.832039
4 0.395703 0.111111 0.0148437 0.0472222 0.848517
