4 0.473437 0.0173611 0.0171875 0.0236111 0.253654
1 0.507031 0.0541667 0.01875 0.0583333 0.254747
6 0.716406 0.0263889 0.028125 0.0388889 0.263428
4 0.754687 0.0361111 0.021875 0.0638889 0.276782
11 0.614453 0.759028 0.0367187 0.131944 0.303076
1 0.505859 0.254167 0.0179687 0.0444444 0.309138
7 0.519531 0.695833 0.0484375 0.158333 0.30948
10 0.478125 0.297917 0.015625 0.0402778 0.311696
4 0.945312 0.931944 0.0234375 0.0416667 0.313884
4 0.678906 0.0236111 0.0171875 0.0388889 0.333202
10 0.423828 0.356944 0.0132813 0.0472222 0.338781
4 0.416797 0.01875 0.0179687 0.0319444 0.352613
11 0.467187 0.702083 0.040625 0.154167 0.357782
11 0.585547 0.806944 0.0429688 0.147222 0.372292
3 0.761328 0.0902778 0.0382813 0.147222 0.37666
1 0.657422 0.247222 0.0617188 0.177778 0.398896
10 0.571484 0.704167 0.0304688 0.102778 0.407196
4 0.396875 0.0402778 0.01875 0.0722222 0.435962
7 0.644922 0.720139 0.0320312 0.120833 0.45749
4 0.450391 0.0597222 0.0148437 0.0527778 0.463933
10 0.229297 0.861806 0.0398437 0.140278 0.501183
10 0.397656 0.353472 0.015625 0.0541667 0.517947
11 0.644531 0.719444 0.034375 0.125 0.611532
9 0.694141 0.634028 0.0335938 0.109722 0.621655
4 0.560938 0.106944 0.015625 0.0472222 0.628496
4 0.844531 0.884028 0.025 0.0402778 0.678054
4 0.451172 0.157639 0.0164062 0.0486111 0.679303
4 0.450391 0.107639 0.0148437 0.0486111 0.705203
4 0.587891 0.109028 0.0164062 0.0486111 0.827489
4 0.423438 0.108333 0.015625 0.05 0.832629
4 0.396094 0.109722 0.015625 0.0472222 0.838691
4 0.533594 0.108333 0.015625 0.0472222 0.878578
