1 0.190625 0.940972 0.06875 0.118056 0.256188
4 0.560156 0.0590278 0.01875 0.0458333 0.334173
3 0.50625 0.0604167 0.01875 0.0458333 0.336302
4 0.50625 0.0611111 0.01875 0.0472222 0.347284
4 0.423438 0.20625 0.0125 0.0430556 0.353647
4 0.844922 0.885417 0.0257812 0.0402778 0.370551
10 0.397266 0.353472 0.0148437 0.0513889 0.420125
4 0.451172 0.15625 0.0148437 0.0486111 0.440627
10 0.604688 0.709722 0.034375 0.138889 0.463483
3 0.656641 0.247917 0.0664062 0.1875 0.523688
11 0.491406 0.759722 0.034375 0.125 0.654475
10 0.469531 0.645833 0.028125 0.0805556 0.669082
8 0.591016 0.808333 0.0445312 0.152778 0.689779
4 0.450391 0.109722 0.0148437 0.05 0.727014
4 0.560938 0.106944 0.015625 0.05 0.751848
4 0.395703 0.158333 0.0148437 0.0527778 0.822552
4 0.5875 0.110417 0.015625 0.0486111 0.828517
4 0.533594 0.109722 0.015625 0.0472222 0.882732
