4 0.423438 0.211806 0.0140625 0.0652778 0.267243
1 0.451172 0.159028 0.0148437 0.0458333 0.275331
4 0.451172 0.15625 0.0148437 0.0486111 0.27637
10 0.396484 0.354167 0.0148437 0.05 0.284931
11 0.491016 0.759028 0.0335938 0.123611 0.286356
1 0.716797 0.115972 0.0523437 0.190278 0.315786
4 0.845703 0.8875 0.0273438 0.0444444 0.317106
11 0.593359 0.804861 0.0476562 0.151389 0.329255
10 0.491016 0.759028 0.0351562 0.120833 0.329561
10 0.604297 0.708333 0.0335938 0.136111 0.346952
11 0.232422 0.882639 0.0570313 0.170833 0.361166
3 0.505859 0.0604167 0.0179687 0.0458333 0.372698
8 0.590234 0.807639 0.0460938 0.154167 0.656112
4 0.560547 0.109722 0.0148437 0.0472222 0.670406
4 0.450391 0.110417 0.0148437 0.0513889 0.68785
4 0.395703 0.158333 0.0148437 0.0527778 0.786997
4 0.5875 0.109028 0.015625 0.0486111 0.84018
4 0.533594 0.109722 0.015625 0.0472222 0.880765
