4 0.412109 0.0180556 0.0179687 0.0361111 0.271789
11 0.253125 0.889583 0.0671875 0.170833 0.274119
8 0.592188 0.810417 0.0421875 0.159722 0.27788
3 0.508594 0.352778 0.0203125 0.0472222 0.297087
9 0.404297 0.69375 0.0414063 0.148611 0.310791
1 0.477734 0.201389 0.0164062 0.0472222 0.323512
4 0.397266 0.0638889 0.0164062 0.108333 0.323563
1 0.473047 0.0215278 0.0210938 0.0263889 0.330662
10 0.521484 0.713194 0.0289063 0.0902778 0.340861
4 0.560156 0.0583333 0.01875 0.0472222 0.34663
4 0.424219 0.20625 0.0140625 0.0458333 0.356367
6 0.762109 0.0604167 0.0304688 0.106944 0.387449
11 0.590625 0.808333 0.04375 0.152778 0.437002
3 0.761719 0.0590278 0.0296875 0.104167 0.460046
6 0.721875 0.0256944 0.0296875 0.0430556 0.490044
10 0.397266 0.354167 0.0164062 0.05 0.509419
4 0.844141 0.883333 0.0242187 0.0388889 0.533615
3 0.976172 0.2875 0.0476562 0.166667 0.593751
4 0.450781 0.161111 0.0140625 0.0472222 0.606674
1 0.784375 0.567361 0.0578125 0.126389 0.620514
4 0.560938 0.106944 0.015625 0.05 0.668784
4 0.45 0.109028 0.0140625 0.0513889 0.697627
11 0.490625 0.756944 0.034375 0.125 0.738868
4 0.396094 0.109722 0.015625 0.05 0.784497
4 0.5875 0.109028 0.015625 0.0486111 0.812194
4 0.533984 0.109028 0.0148437 0.0486111 0.81786
