10 0.534375 0.358333 0.0140625 0.0444444 0.257799
8 0.589453 0.809028 0.0398437 0.143056 0.263023
10 0.423828 0.357639 0.0132813 0.0430556 0.264209
1 0.476953 0.203472 0.0148437 0.0430556 0.310733
3 0.508203 0.354167 0.0195312 0.0472222 0.343374
7 0.490625 0.754861 0.034375 0.129167 0.353027
11 0.589453 0.809722 0.0414063 0.144444 0.398926
4 0.397266 0.0381944 0.0179687 0.0680556 0.422298
4 0.559766 0.0569444 0.0195312 0.0444444 0.434388
4 0.844531 0.884028 0.025 0.0402778 0.526161
10 0.397266 0.354167 0.0148437 0.05 0.576328
4 0.451172 0.161111 0.0148437 0.0444444 0.683635
11 0.489844 0.752778 0.0328125 0.122222 0.687389
4 0.560938 0.107639 0.015625 0.0486111 0.717178
4 0.396875 0.110417 0.0140625 0.0486111 0.782533
4 0.450391 0.108333 0.0148437 0.0444444 0.791444
4 0.423828 0.106944 0.0148437 0.05 0.794401
4 0.5875 0.108333 0.015625 0.05 0.816326
4 0.533594 0.109028 0.0140625 0.0486111 0.842977
