11 0.591797 0.806944 0.0476562 0.144444 0.252398
10 0.417578 0.01875 0.0164062 0.0375 0.269171
4 0.944922 0.931944 0.0257812 0.0444444 0.273967
11 0.618359 0.759722 0.0351562 0.130556 0.285513
6 0.758594 0.04375 0.025 0.0791667 0.296511
10 0.423828 0.358333 0.0132813 0.0472222 0.320774
4 0.533594 0.135417 0.01875 0.0930556 0.341321
4 0.417969 0.0201389 0.0171875 0.0347222 0.341867
4 0.50625 0.0583333 0.0203125 0.0555556 0.402274
3 0.533203 0.152778 0.0210938 0.0555556 0.405648
3 0.757422 0.0659722 0.0289063 0.118056 0.414985
4 0.450781 0.0611111 0.015625 0.0527778 0.43663
4 0.844922 0.884722 0.0257812 0.0416667 0.437242
1 0.758984 0.148611 0.0367187 0.133333 0.438632
11 0.646484 0.720833 0.0335938 0.116667 0.449083
1 0.533594 0.13125 0.01875 0.0791667 0.480298
10 0.397266 0.354167 0.0148437 0.0555556 0.520877
4 0.397266 0.05625 0.0179687 0.0986111 0.548868
4 0.450781 0.158333 0.0171875 0.05 0.619269
10 0.530078 0.779861 0.0304688 0.0902778 0.620076
8 0.588672 0.808333 0.0445312 0.147222 0.647931
4 0.560547 0.109028 0.0164062 0.0513889 0.71951
4 0.450391 0.108333 0.0164062 0.05 0.723682
4 0.5875 0.110417 0.0171875 0.0513889 0.802501
4 0.533203 0.111806 0.0164062 0.0541667 0.805202
4 0.396094 0.109722 0.015625 0.0472222 0.812493
4 0.423438 0.107639 0.015625 0.0513889 0.831732
