1 0.50625 0.05625 0.0171875 0.0569444 0.261186
6 0.723828 0.0243056 0.0304688 0.0430556 0.267938
4 0.45 0.0840278 0.015625 0.0763889 0.285698
10 0.423438 0.357639 0.0125 0.0458333 0.289387
4 0.449609 0.0604167 0.0148437 0.0541667 0.292455
10 0.397266 0.355556 0.0148437 0.0555556 0.298929
3 0.763672 0.0506944 0.0273438 0.0930556 0.299363
4 0.559766 0.0576389 0.0179687 0.0458333 0.30467
11 0.416016 0.715972 0.0445312 0.148611 0.316476
3 0.713281 0.111111 0.0484375 0.177778 0.330963
4 0.417188 0.01875 0.0171875 0.0347222 0.341816
3 0.505859 0.253472 0.0179687 0.0458333 0.351178
1 0.476953 0.0458333 0.0179687 0.0555556 0.445816
4 0.506641 0.0576389 0.0164062 0.0486111 0.4669
4 0.397656 0.0541667 0.0171875 0.0972222 0.531704
3 0.655859 0.254861 0.0617188 0.176389 0.57645
4 0.451172 0.156944 0.0164062 0.0472222 0.587005
3 0.883984 0.268056 0.0554687 0.194444 0.59506
11 0.642969 0.733333 0.0421875 0.141667 0.609751
4 0.560547 0.108333 0.0148437 0.0472222 0.752238
4 0.45 0.107639 0.015625 0.0486111 0.773072
4 0.396094 0.110417 0.015625 0.0458333 0.800889
8 0.588281 0.807639 0.040625 0.148611 0.818467
4 0.5875 0.109028 0.015625 0.0486111 0.833113
4 0.423438 0.107639 0.015625 0.0486111 0.8346
4 0.533594 0.109028 0.015625 0.0486111 0.874503
