4 0.560156 0.0583333 0.01875 0.0472222 0.254266
3 0.709375 0.1125 0.053125 0.175 0.280097
4 0.398438 0.0409722 0.01875 0.0736111 0.282285
11 0.590234 0.802778 0.0445312 0.152778 0.287472
1 0.860937 0.482639 0.0609375 0.170833 0.294774
4 0.45 0.0618056 0.0140625 0.0569444 0.301015
10 0.424219 0.357639 0.0125 0.0458333 0.301116
4 0.397656 0.075 0.015625 0.105556 0.303411
4 0.944922 0.931944 0.0242187 0.0444444 0.312741
4 0.844141 0.884722 0.0257812 0.0388889 0.342116
4 0.756641 0.0361111 0.0195312 0.0638889 0.353532
1 0.476953 0.0451389 0.0179687 0.0569444 0.407573
1 0.50625 0.254861 0.01875 0.0458333 0.42798
9 0.465234 0.70625 0.0414063 0.151389 0.429267
4 0.746484 0.919444 0.0195312 0.0472222 0.429805
1 0.709375 0.114583 0.05 0.190278 0.492999
1 0.656641 0.2625 0.0585938 0.172222 0.496675
1 0.960938 0.104167 0.0546875 0.180556 0.501495
7 0.644922 0.725694 0.0414063 0.131944 0.532947
1 0.832031 0.614583 0.05625 0.176389 0.594841
4 0.507031 0.0590278 0.0171875 0.0486111 0.611529
4 0.560938 0.108333 0.015625 0.0472222 0.748337
11 0.641406 0.727778 0.04375 0.138889 0.752049
4 0.451172 0.157639 0.0164062 0.0486111 0.767112
8 0.5875 0.806944 0.04375 0.15 0.779889
4 0.45 0.108333 0.015625 0.0472222 0.784852
4 0.396094 0.110417 0.015625 0.0458333 0.821056
4 0.423828 0.108333 0.0148437 0.05 0.841573
4 0.587891 0.110417 0.0164062 0.0486111 0.843731
4 0.533594 0.110417 0.015625 0.0486111 0.877322
