1 0.660156 0.257639 0.0671875 0.173611 0.271855
4 0.945312 0.932639 0.025 0.0430556 0.304671
9 0.404297 0.692361 0.0414063 0.154167 0.341259
4 0.533594 0.203472 0.015625 0.0486111 0.388581
10 0.533984 0.358333 0.0148437 0.0416667 0.406233
4 0.397266 0.0597222 0.0164062 0.1 0.429403
10 0.424219 0.356944 0.0140625 0.0416667 0.442194
4 0.560156 0.0569444 0.01875 0.0444444 0.442696
3 0.507812 0.354861 0.0203125 0.0486111 0.442759
1 0.965234 0.104167 0.0554687 0.163889 0.480463
1 0.533594 0.127083 0.0171875 0.0736111 0.544905
4 0.844922 0.884028 0.0242187 0.0375 0.554436
4 0.451562 0.156944 0.015625 0.0472222 0.618005
10 0.396875 0.354861 0.015625 0.0486111 0.633192
7 0.494141 0.754861 0.0351562 0.129167 0.64825
3 0.979688 0.275694 0.0390625 0.159722 0.669671
11 0.592578 0.802083 0.0460938 0.154167 0.689721
4 0.450391 0.108333 0.0148437 0.0472222 0.710005
11 0.492188 0.752083 0.0390625 0.129167 0.720334
4 0.560938 0.107639 0.015625 0.0486111 0.728306
4 0.533203 0.109722 0.0148437 0.0527778 0.739148
4 0.395703 0.110417 0.0148437 0.0458333 0.789669
4 0.423438 0.107639 0.0140625 0.0486111 0.81513
4 0.587891 0.109722 0.0164062 0.05 0.834598
