3 0.508594 0.352083 0.0203125 0.0486111 0.251139
1 0.533984 0.204861 0.0195312 0.0569444 0.251642
9 0.403906 0.690972 0.04375 0.148611 0.278096
6 0.0359375 0.917361 0.0421875 0.101389 0.279033
4 0.411719 0.0194444 0.015625 0.0361111 0.288735
3 0.969141 0.303472 0.0507812 0.134722 0.332284
10 0.0078125 0.24375 0.015625 0.154167 0.333728
6 0.719922 0.0277778 0.0289063 0.0388889 0.365646
4 0.560156 0.0576389 0.01875 0.0486111 0.376446
10 0.396875 0.354167 0.015625 0.05 0.378409
1 0.476953 0.203472 0.0164062 0.0430556 0.389233
4 0.417188 0.01875 0.015625 0.0319444 0.390816
4 0.396875 0.0444444 0.0171875 0.0611111 0.515517
3 0.651563 0.254167 0.053125 0.166667 0.525683
4 0.844922 0.884722 0.0242187 0.0388889 0.527131
11 0.588672 0.809028 0.0429688 0.148611 0.586133
4 0.450781 0.160417 0.015625 0.0458333 0.719198
4 0.560938 0.106944 0.015625 0.05 0.720159
11 0.489062 0.754861 0.034375 0.126389 0.75401
4 0.45 0.107639 0.0140625 0.0458333 0.773545
4 0.423047 0.106944 0.0148437 0.05 0.813225
4 0.396094 0.109722 0.015625 0.0472222 0.822225
4 0.5875 0.109028 0.015625 0.0486111 0.824247
4 0.533594 0.109028 0.0140625 0.0486111 0.856169
