3 0.1 0.292361 0.0609375 0.206944 0.257413
1 0.725 0.541667 0.0546875 0.119444 0.260768
6 0.925781 0.951389 0.05 0.0861111 0.27189
1 0.741797 0.516667 0.0617188 0.147222 0.276638
3 0.0292969 0.284722 0.0507812 0.213889 0.278998
4 0.751953 0.919444 0.0210938 0.0472222 0.301682
1 0.857422 0.905556 0.0507812 0.0666667 0.308619
7 0.599219 0.645833 0.034375 0.0888889 0.311348
11 0.566797 0.688889 0.0382813 0.119444 0.324222
3 0.671875 0.0923611 0.034375 0.1125 0.328317
6 0.756641 0.979861 0.0320312 0.0402778 0.380352
1 0.592578 0.307639 0.0507812 0.165278 0.427946
6 0.0875 0.418056 0.04375 0.0694444 0.441517
1 0.210938 0.213889 0.05625 0.169444 0.512059
