1 0.534375 0.125 0.0171875 0.0694444 0.251408
4 0.844531 0.885417 0.025 0.0375 0.252239
3 0.659375 0.254167 0.065625 0.172222 0.276596
11 0.416406 0.709722 0.046875 0.166667 0.278816
1 0.656641 0.247222 0.0632813 0.180556 0.302866
10 0.232812 0.8625 0.0421875 0.147222 0.303548
4 0.945703 0.932639 0.0242187 0.0430556 0.318489
4 0.45 0.0625 0.015625 0.0638889 0.320574
10 0.397266 0.354861 0.0148437 0.0541667 0.332163
10 0.423438 0.357639 0.0125 0.0458333 0.356888
7 0.645703 0.719444 0.0351562 0.122222 0.358269
3 0.451172 0.157639 0.0164062 0.0486111 0.380993
1 0.713672 0.10625 0.0476562 0.170833 0.393744
3 0.7625 0.0534722 0.028125 0.101389 0.394352
4 0.417578 0.0194444 0.0179687 0.0361111 0.399996
4 0.451172 0.157639 0.0164062 0.0486111 0.421699
1 0.959375 0.106944 0.053125 0.177778 0.441493
4 0.396875 0.0527778 0.0171875 0.0944444 0.540107
4 0.450391 0.106944 0.0164062 0.05 0.567902
4 0.560547 0.107639 0.0148437 0.0486111 0.696795
10 0.528516 0.757639 0.0335938 0.131944 0.70987
4 0.533203 0.111806 0.0148437 0.0541667 0.744457
8 0.588281 0.807639 0.040625 0.148611 0.752133
4 0.396094 0.110417 0.015625 0.0458333 0.778972
4 0.5875 0.109028 0.015625 0.0486111 0.79127
4 0.423438 0.107639 0.015625 0.0513889 0.794037
