10 0.534375 0.35625 0.015625 0.0458333 0.257695
3 0.962891 0.0895833 0.0601562 0.159722 0.263833
10 0.476953 0.380556 0.0195312 0.0694444 0.269139
10 0.561328 0.354167 0.0164062 0.0527778 0.275455
10 0.505859 0.253472 0.0148437 0.0402778 0.277246
11 0.324219 0.613889 0.0578125 0.175 0.279153
10 0.422656 0.201389 0.0140625 0.0472222 0.282022
7 0.649609 0.721528 0.0398437 0.131944 0.301277
4 0.587891 0.0576389 0.0179687 0.0430556 0.305707
4 0.944922 0.931944 0.0242187 0.0444444 0.307992
9 0.416797 0.7125 0.0429688 0.152778 0.322122
3 0.45 0.155556 0.01875 0.0444444 0.32537
4 0.505859 0.207639 0.0132813 0.0402778 0.328255
10 0.396875 0.354861 0.015625 0.0541667 0.331258
10 0.423828 0.35625 0.0148437 0.0513889 0.333103
10 0.396484 0.0444444 0.0179687 0.0583333 0.342563
7 0.957031 0.0888889 0.0578125 0.155556 0.362078
10 0.419922 0.0173611 0.0164062 0.0347222 0.394949
7 0.324219 0.613889 0.065625 0.188889 0.399117
4 0.396875 0.0590278 0.0171875 0.0986111 0.439881
11 0.636719 0.734722 0.0484375 0.15 0.467678
1 0.655859 0.236111 0.0601562 0.202778 0.487195
1 0.450391 0.157639 0.0179687 0.0430556 0.491974
1 0.698438 0.0916667 0.053125 0.177778 0.522324
4 0.533594 0.1125 0.015625 0.05 0.563954
4 0.84375 0.884722 0.0234375 0.0388889 0.599284
4 0.45 0.1125 0.015625 0.05 0.605185
1 0.533203 0.15 0.0179687 0.0555556 0.612017
1 0.959766 0.0930556 0.0632813 0.158333 0.652442
4 0.395703 0.110417 0.0148437 0.0486111 0.792421
4 0.587891 0.108333 0.0164062 0.05 0.807553
4 0.561328 0.109722 0.0148437 0.0472222 0.823874
4 0.423438 0.107639 0.015625 0.0486111 0.827442
4 0.477734 0.109722 0.0164062 0.05 0.874186
