4 0.648047 0.0416667 0.0257812 0.0583333 0.250907
4 0.423438 0.213194 0.0140625 0.0680556 0.270185
3 0.505859 0.0597222 0.0179687 0.0472222 0.313295
4 0.846484 0.893056 0.0304688 0.0583333 0.334726
4 0.664062 0.0263889 0.025 0.0416667 0.347071
10 0.397266 0.354167 0.0148437 0.05 0.353325
1 0.691406 0.0854167 0.0421875 0.156944 0.444424
10 0.605469 0.709722 0.034375 0.141667 0.454207
4 0.450781 0.15625 0.0140625 0.0486111 0.485276
11 0.491406 0.760417 0.034375 0.126389 0.503231
5 0.692187 0.0881944 0.04375 0.159722 0.553081
8 0.590625 0.809028 0.0453125 0.154167 0.587278
3 0.657812 0.265278 0.05625 0.175 0.614007
10 0.469141 0.646528 0.0273438 0.0819444 0.681854
4 0.560938 0.107639 0.015625 0.0486111 0.722538
4 0.450391 0.109722 0.0148437 0.05 0.727026
4 0.587109 0.109722 0.0164062 0.05 0.81452
4 0.395703 0.159028 0.0148437 0.0513889 0.81612
4 0.533594 0.109722 0.015625 0.0472222 0.878645
