4 0.682031 0.025 0.0171875 0.0444444 0.277921
1 0.343359 0.0416667 0.0320312 0.0638889 0.285216
3 0.721094 0.0305556 0.0328125 0.0472222 0.289274
3 0.758203 0.0819444 0.0289063 0.133333 0.308928
10 0.423438 0.356944 0.0140625 0.0416667 0.346738
10 0.555859 0.686806 0.0257812 0.0791667 0.390091
3 0.50625 0.0583333 0.0171875 0.0472222 0.393936
1 0.768359 0.317361 0.0242187 0.101389 0.395028
4 0.944922 0.932639 0.0257812 0.0430556 0.416695
6 0.723437 0.0243056 0.0296875 0.0430556 0.447414
4 0.84375 0.889583 0.03125 0.0541667 0.459723
10 0.521094 0.707639 0.03125 0.101389 0.470814
6 0.757031 0.0368056 0.021875 0.0652778 0.471455
1 0.476953 0.201389 0.0164062 0.0472222 0.499488
6 0.0507812 0.925694 0.0421875 0.104167 0.553909
8 0.589063 0.806944 0.0421875 0.15 0.581669
11 0.489844 0.754167 0.0359375 0.125 0.581703
10 0.396875 0.354167 0.015625 0.0472222 0.638284
4 0.450781 0.160417 0.0140625 0.0458333 0.660153
4 0.560938 0.106944 0.015625 0.05 0.684636
4 0.45 0.109028 0.0140625 0.0486111 0.740418
4 0.5875 0.109028 0.015625 0.0486111 0.834497
4 0.396484 0.109028 0.0148437 0.0513889 0.839796
4 0.533594 0.109028 0.015625 0.0486111 0.888743
