6 0.751562 0.0354167 0.034375 0.0652778 0.269366
10 0.396484 0.0444444 0.0179687 0.0583333 0.285746
10 0.41875 0.0180556 0.0171875 0.0361111 0.295208
4 0.45 0.0618056 0.015625 0.0597222 0.379229
4 0.396094 0.05 0.01875 0.0666667 0.515456
4 0.451172 0.157639 0.0164062 0.0486111 0.621424
4 0.45 0.108333 0.015625 0.05 0.646153
10 0.396875 0.354167 0.015625 0.0527778 0.649849
4 0.532812 0.111111 0.015625 0.0555556 0.654369
11 0.591797 0.810417 0.0460938 0.151389 0.694397
4 0.560156 0.106944 0.015625 0.0527778 0.698758
1 0.533203 0.131944 0.0195312 0.0888889 0.710916
4 0.5875 0.109028 0.0171875 0.0513889 0.766289
4 0.396094 0.110417 0.015625 0.0486111 0.78672
4 0.423438 0.108333 0.015625 0.05 0.835048
