4 0.50625 0.0569444 0.01875 0.0555556 0.251126
1 0.791797 0.565278 0.0601562 0.127778 0.261083
11 0.414453 0.716667 0.0476562 0.158333 0.263641
10 0.423438 0.358333 0.0125 0.0472222 0.268922
3 0.505859 0.254861 0.0179687 0.0458333 0.282029
1 0.958984 0.1125 0.0539063 0.183333 0.290381
10 0.414844 0.718056 0.04375 0.155556 0.303174
2 0.657031 0.254167 0.0640625 0.177778 0.314703
10 0.232031 0.863194 0.0421875 0.145833 0.321348
3 0.533984 0.153472 0.0195312 0.0458333 0.330085
3 0.758984 0.0541667 0.0242187 0.1 0.392312
10 0.527734 0.759722 0.0335938 0.130556 0.452751
4 0.451172 0.157639 0.0164062 0.0486111 0.48038
4 0.45 0.106944 0.015625 0.05 0.493646
10 0.396875 0.354861 0.015625 0.0569444 0.508683
4 0.397656 0.05625 0.0171875 0.0986111 0.514777
11 0.526953 0.758333 0.0335938 0.133333 0.616898
8 0.587109 0.807639 0.0398437 0.145833 0.648748
4 0.560547 0.107639 0.0148437 0.0486111 0.704368
4 0.396094 0.109722 0.015625 0.0472222 0.758594
4 0.5875 0.109722 0.015625 0.05 0.789675
4 0.423438 0.107639 0.015625 0.0513889 0.794544
4 0.533203 0.111806 0.0148437 0.0541667 0.798685
