4 0.746094 0.921528 0.0203125 0.0486111 0.280723
3 0.780078 0.204861 0.0570313 0.151389 0.294718
10 0.417188 0.0173611 0.015625 0.0347222 0.299149
10 0.00820312 0.245833 0.0164062 0.161111 0.323121
1 0.476562 0.0472222 0.01875 0.0527778 0.351203
7 0.289453 0.354861 0.0601562 0.190278 0.370811
4 0.397656 0.0659722 0.0171875 0.109722 0.37363
4 0.942578 0.930556 0.0242187 0.0472222 0.392863
11 0.587891 0.80625 0.0492188 0.143056 0.400782
10 0.424219 0.357639 0.0125 0.0458333 0.449186
1 0.963281 0.108333 0.053125 0.172222 0.486334
1 0.653125 0.252778 0.0578125 0.194444 0.515557
11 0.638672 0.728472 0.0445312 0.140278 0.534646
4 0.844922 0.884722 0.0257812 0.0388889 0.544644
1 0.533984 0.129861 0.0179687 0.0819444 0.620844
1 0.709375 0.113194 0.053125 0.193056 0.62628
8 0.589453 0.807639 0.0445312 0.148611 0.64075
4 0.507031 0.0583333 0.01875 0.05 0.650741
4 0.533203 0.113194 0.0148437 0.0541667 0.669632
4 0.560547 0.109028 0.0148437 0.0486111 0.725898
4 0.451172 0.157639 0.0164062 0.0486111 0.741078
10 0.478125 0.378472 0.01875 0.0736111 0.746987
4 0.45 0.108333 0.015625 0.0472222 0.759876
4 0.5875 0.109722 0.015625 0.05 0.80187
4 0.396094 0.110417 0.015625 0.0458333 0.814471
4 0.423438 0.109028 0.015625 0.0486111 0.846828
