10 0.396875 0.354167 0.015625 0.0527778 0.257362
4 0.560156 0.0590278 0.01875 0.0458333 0.267021
4 0.845703 0.888194 0.0273438 0.0430556 0.279305
3 0.505859 0.0597222 0.0179687 0.0444444 0.292504
4 0.423438 0.211806 0.0140625 0.0652778 0.308227
11 0.593359 0.804167 0.0476562 0.152778 0.328966
10 0.434375 0.683333 0.0265625 0.0833333 0.343522
4 0.216016 0.361111 0.0226563 0.0833333 0.34697
4 0.450781 0.15625 0.0140625 0.0486111 0.352532
10 0.603906 0.707639 0.0328125 0.134722 0.396149
9 0.403906 0.669444 0.03125 0.122222 0.42309
11 0.491406 0.759722 0.0328125 0.122222 0.508194
11 0.229687 0.88125 0.0546875 0.170833 0.531265
3 0.652734 0.263194 0.0554687 0.154167 0.619964
4 0.45 0.110417 0.0140625 0.0513889 0.675858
8 0.590234 0.807639 0.0460938 0.154167 0.68351
4 0.560938 0.108333 0.015625 0.0472222 0.712466
4 0.395703 0.158333 0.0148437 0.0527778 0.798177
10 0.216797 0.360417 0.0226563 0.0902778 0.798541
4 0.5875 0.109028 0.015625 0.0486111 0.83713
4 0.533984 0.109722 0.0148437 0.0472222 0.883041
