1 0.764844 0.139583 0.0390625 0.143056 0.273298
4 0.560156 0.0569444 0.01875 0.0472222 0.274185
11 0.201172 0.852083 0.0570313 0.170833 0.278773
4 0.944922 0.93125 0.0226563 0.0430556 0.285124
2 0.846094 0.595833 0.05 0.127778 0.32384
4 0.683984 0.0284722 0.0179687 0.0486111 0.393014
4 0.450391 0.0618056 0.0164062 0.0625 0.401894
4 0.397656 0.0569444 0.0171875 0.1 0.477508
4 0.451562 0.157639 0.0171875 0.0486111 0.515813
10 0.396875 0.354861 0.015625 0.0513889 0.516847
10 0.530859 0.779167 0.0304688 0.0916667 0.538738
4 0.45 0.108333 0.015625 0.05 0.63175
8 0.590625 0.811806 0.0421875 0.154167 0.633657
4 0.533203 0.110417 0.0148437 0.0569444 0.669623
4 0.560547 0.107639 0.0148437 0.0513889 0.682486
1 0.533984 0.13125 0.0179687 0.0847222 0.687283
1 0.845703 0.602083 0.0507812 0.154167 0.735265
4 0.587891 0.108333 0.0164062 0.05 0.776832
4 0.396094 0.111111 0.015625 0.0472222 0.787686
4 0.423438 0.108333 0.015625 0.05 0.818446
