1 0.476953 0.204167 0.0148437 0.0416667 0.251061
10 0.533984 0.359028 0.0148437 0.0430556 0.260886
4 0.560156 0.0583333 0.01875 0.0472222 0.295303
10 0.424219 0.35625 0.0140625 0.0430556 0.319581
3 0.507422 0.354167 0.0195312 0.0472222 0.353816
10 0.0101562 0.245139 0.01875 0.1625 0.377833
11 0.453516 0.74375 0.0351562 0.134722 0.393716
4 0.844922 0.884722 0.0242187 0.0388889 0.423439
1 0.966406 0.100694 0.0546875 0.156944 0.441976
3 0.979297 0.279167 0.0398437 0.169444 0.452508
4 0.396094 0.05 0.0171875 0.0638889 0.455471
9 0.404297 0.691667 0.0398437 0.152778 0.5204
11 0.490625 0.754167 0.0328125 0.119444 0.600169
4 0.450391 0.161111 0.0148437 0.0444444 0.621658
11 0.591406 0.808333 0.04375 0.15 0.658628
4 0.560938 0.108333 0.015625 0.0472222 0.667696
4 0.45 0.108333 0.0140625 0.0472222 0.727783
4 0.395703 0.110417 0.0148437 0.0458333 0.785814
4 0.423047 0.107639 0.0148437 0.0486111 0.793422
4 0.5875 0.109028 0.015625 0.0486111 0.794343
4 0.533594 0.109028 0.0140625 0.0486111 0.860774
