4 0.559375 0.0569444 0.01875 0.05 0.252374
11 0.592188 0.804167 0.046875 0.155556 0.253361
10 0.45 0.347917 0.0171875 0.0513889 0.267601
10 0.260938 0.710417 0.034375 0.115278 0.276916
4 0.944922 0.932639 0.0242187 0.0458333 0.324937
10 0.397266 0.353472 0.0148437 0.0513889 0.339085
4 0.423438 0.204861 0.0125 0.0430556 0.374195
4 0.844531 0.886111 0.0265625 0.0416667 0.412049
10 0.436719 0.704861 0.0390625 0.131944 0.423601
10 0.469141 0.645833 0.0273438 0.0805556 0.430757
4 0.505078 0.0597222 0.0179687 0.0472222 0.59946
11 0.231641 0.880556 0.0570313 0.177778 0.612875
3 0.771484 0.0736111 0.0367187 0.130556 0.676221
4 0.450781 0.107639 0.0140625 0.0486111 0.726838
4 0.451172 0.157639 0.0148437 0.0486111 0.760388
8 0.590234 0.807639 0.0460938 0.156944 0.761114
4 0.560156 0.107639 0.015625 0.0486111 0.772016
4 0.587109 0.109722 0.0148437 0.0555556 0.786604
4 0.395703 0.158333 0.0148437 0.0527778 0.809352
4 0.533594 0.109028 0.015625 0.0486111 0.873722
