3 0.714063 0.105556 0.0484375 0.169444 0.265551
4 0.50625 0.0576389 0.0203125 0.0541667 0.271398
10 0.232422 0.863194 0.0414063 0.145833 0.29135
10 0.415234 0.717361 0.0445312 0.156944 0.309581
4 0.45 0.0625 0.015625 0.0638889 0.320833
10 0.423438 0.357639 0.0125 0.0458333 0.367186
3 0.451172 0.157639 0.0164062 0.0486111 0.37605
10 0.397266 0.354861 0.0148437 0.0541667 0.380259
4 0.417578 0.0194444 0.0179687 0.0361111 0.390624
3 0.760547 0.0527778 0.0242187 0.0944444 0.391299
4 0.451172 0.157639 0.0164062 0.0486111 0.447101
10 0.528125 0.758333 0.0328125 0.136111 0.505437
4 0.450391 0.106944 0.0164062 0.05 0.564266
4 0.397266 0.0527778 0.0179687 0.0944444 0.565319
8 0.587109 0.808333 0.0398437 0.147222 0.675757
4 0.560547 0.107639 0.0148437 0.0486111 0.710172
4 0.396094 0.111111 0.015625 0.0472222 0.776592
4 0.533203 0.111806 0.0148437 0.0541667 0.782411
4 0.5875 0.109722 0.015625 0.05 0.793438
4 0.423438 0.107639 0.015625 0.0513889 0.801422
