10 0.520703 0.664583 0.0320312 0.115278 0.254949
10 0.417969 0.711806 0.0375 0.1375 0.26094
1 0.964453 0.104167 0.0523437 0.152778 0.265863
10 0.417969 0.0166667 0.015625 0.0333333 0.268627
1 0.344141 0.04375 0.0335938 0.0652778 0.274485
4 0.944922 0.931944 0.0242187 0.0444444 0.280278
10 0.505859 0.254861 0.0148437 0.0375 0.292654
4 0.746094 0.920833 0.0203125 0.05 0.319746
10 0.423438 0.357639 0.0125 0.0458333 0.358427
4 0.533203 0.0465278 0.0164062 0.0597222 0.371011
11 0.59375 0.803472 0.046875 0.156944 0.373429
6 0.723437 0.0229167 0.0375 0.0402778 0.393471
1 0.665234 0.252778 0.0570313 0.172222 0.416408
4 0.397266 0.0625 0.0164062 0.105556 0.420469
11 0.644141 0.726389 0.0414063 0.141667 0.435941
10 0.477344 0.377778 0.01875 0.0777778 0.48452
1 0.476172 0.0395833 0.0195312 0.0625 0.507614
8 0.593359 0.800694 0.0492188 0.159722 0.524499
4 0.560547 0.05625 0.0179687 0.0402778 0.525777
1 0.837891 0.581944 0.0554687 0.161111 0.525981
4 0.50625 0.206944 0.0140625 0.0388889 0.532
10 0.396875 0.354167 0.015625 0.0527778 0.544735
10 0.451172 0.155556 0.0148437 0.0444444 0.592381
4 0.844531 0.884722 0.025 0.0388889 0.592804
11 0.574609 0.706944 0.0398437 0.130556 0.631884
4 0.45 0.107639 0.0140625 0.0458333 0.704246
1 0.533984 0.131944 0.0179687 0.0805556 0.719362
4 0.560547 0.109028 0.0148437 0.0486111 0.790873
4 0.423047 0.107639 0.0164062 0.0513889 0.816995
4 0.477344 0.109722 0.015625 0.05 0.828446
4 0.5875 0.109028 0.015625 0.0486111 0.843412
4 0.396094 0.110417 0.015625 0.0486111 0.855898
