3 0.505469 0.0597222 0.01875 0.0472222 0.259622
4 0.559766 0.0583333 0.0195312 0.0444444 0.273294
4 0.423047 0.213194 0.0148437 0.0680556 0.276871
10 0.397266 0.354167 0.0148437 0.05 0.358238
4 0.846484 0.892361 0.0304688 0.0569444 0.359452
10 0.605078 0.710417 0.0335938 0.140278 0.422689
11 0.491406 0.760417 0.034375 0.126389 0.469924
4 0.450781 0.15625 0.0140625 0.0486111 0.476113
8 0.591016 0.809028 0.0445312 0.154167 0.536176
3 0.657031 0.265278 0.059375 0.183333 0.626143
10 0.469531 0.645833 0.028125 0.0805556 0.671386
4 0.45 0.109722 0.0140625 0.05 0.719504
4 0.560938 0.107639 0.015625 0.0486111 0.72099
4 0.395703 0.159028 0.0148437 0.0513889 0.816433
4 0.5875 0.109722 0.015625 0.05 0.827091
4 0.533594 0.109722 0.015625 0.0472222 0.878096
