3 0.759766 0.0638889 0.0210938 0.102778 0.269471
4 0.423438 0.20625 0.0125 0.0430556 0.311118
3 0.505859 0.0604167 0.0179687 0.0458333 0.311254
4 0.50625 0.0604167 0.01875 0.0458333 0.316953
4 0.560156 0.0590278 0.01875 0.0458333 0.342182
4 0.845312 0.886111 0.0265625 0.0416667 0.362598
4 0.451172 0.155556 0.0148437 0.05 0.376415
10 0.397266 0.353472 0.0148437 0.0513889 0.419913
10 0.604297 0.709028 0.0335938 0.140278 0.474424
3 0.650781 0.259722 0.05625 0.163889 0.536509
10 0.469531 0.645139 0.028125 0.0791667 0.626876
11 0.491406 0.759028 0.034375 0.123611 0.690922
4 0.450391 0.109722 0.0148437 0.05 0.712958
4 0.560938 0.106944 0.015625 0.05 0.738212
8 0.591016 0.808333 0.0445312 0.152778 0.740262
4 0.395703 0.158333 0.0148437 0.0527778 0.816732
4 0.5875 0.109722 0.015625 0.05 0.835097
4 0.533594 0.109722 0.015625 0.0472222 0.882405
