10 0.605469 0.709028 0.0328125 0.1375 0.325568
3 0.659766 0.268056 0.0554687 0.191667 0.330363
11 0.592188 0.803472 0.046875 0.156944 0.33129
4 0.845703 0.8875 0.0273438 0.0444444 0.332033
11 0.491406 0.757639 0.034375 0.126389 0.370142
4 0.423438 0.205556 0.0125 0.0416667 0.393015
1 0.535156 0.204167 0.0171875 0.0527778 0.419459
4 0.451172 0.156944 0.0148437 0.05 0.428361
4 0.560547 0.05625 0.0195312 0.0486111 0.50827
10 0.469531 0.645833 0.028125 0.0805556 0.547059
10 0.396484 0.354861 0.0148437 0.0486111 0.54841
8 0.590625 0.806944 0.0453125 0.155556 0.584623
3 0.50625 0.0583333 0.0203125 0.0444444 0.637767
4 0.45 0.111111 0.0140625 0.0527778 0.666515
4 0.560938 0.106944 0.015625 0.05 0.752676
4 0.395703 0.159028 0.0148437 0.0513889 0.80928
4 0.587891 0.108333 0.0164062 0.05 0.824977
4 0.533594 0.109028 0.015625 0.0486111 0.880923
