11 0.261719 0.890972 0.059375 0.165278 0.281738
4 0.423828 0.20625 0.0148437 0.0458333 0.310614
4 0.505859 0.0576389 0.0179687 0.0486111 0.314377
10 0.520703 0.7125 0.0289063 0.0916667 0.316897
9 0.404687 0.691667 0.0390625 0.136111 0.335822
1 0.477344 0.201389 0.0171875 0.0472222 0.348648
10 0.61875 0.755556 0.0328125 0.130556 0.350315
4 0.944922 0.932639 0.0257812 0.0430556 0.396056
11 0.617969 0.755556 0.0328125 0.133333 0.399971
10 0.555078 0.6875 0.0242187 0.0777778 0.403045
10 0.396875 0.354167 0.015625 0.05 0.404172
6 0.722656 0.0256944 0.03125 0.0458333 0.447226
1 0.972656 0.290972 0.05 0.179167 0.476131
4 0.450781 0.160417 0.0140625 0.0486111 0.59526
4 0.450391 0.109028 0.0148437 0.0513889 0.699737
4 0.560547 0.106944 0.0164062 0.05 0.709005
8 0.589453 0.807639 0.0429688 0.151389 0.721071
4 0.844922 0.885417 0.0273438 0.0402778 0.738007
11 0.490234 0.755556 0.0351562 0.125 0.743828
4 0.396484 0.109028 0.0148437 0.0513889 0.803879
4 0.5875 0.108333 0.015625 0.05 0.827067
4 0.533594 0.109028 0.015625 0.0486111 0.881667
