4 0.505859 0.0611111 0.0195312 0.0472222 0.310343
3 0.505859 0.0604167 0.0179687 0.0458333 0.325286
4 0.423438 0.20625 0.0125 0.0430556 0.341597
4 0.560156 0.0590278 0.01875 0.0458333 0.362528
4 0.844922 0.885417 0.0257812 0.0402778 0.373052
10 0.397266 0.354167 0.0148437 0.05 0.423321
10 0.604688 0.709722 0.034375 0.138889 0.432556
4 0.451172 0.15625 0.0148437 0.0486111 0.433247
3 0.660547 0.252083 0.0679687 0.184722 0.508245
11 0.491797 0.759722 0.0335938 0.122222 0.642574
8 0.591016 0.808333 0.0445312 0.152778 0.646101
10 0.469141 0.645833 0.0273438 0.0805556 0.671706
4 0.450391 0.109722 0.0148437 0.05 0.729077
4 0.560938 0.106944 0.015625 0.05 0.751471
4 0.395703 0.158333 0.0148437 0.0527778 0.811641
4 0.5875 0.110417 0.015625 0.0486111 0.832094
4 0.533594 0.109722 0.015625 0.0472222 0.880362
