10 0.533984 0.246528 0.0164062 0.0569444 0.255449
1 0.669141 0.0854167 0.0320312 0.106944 0.277294
1 0.0433594 0.959028 0.0335938 0.0652778 0.299768
1 0.694922 0.0729167 0.0242187 0.0958333 0.332647
1 0.450391 0.159722 0.0148437 0.0472222 0.401211
1 0.721875 0.425694 0.059375 0.170833 0.449318
4 0.450781 0.156944 0.015625 0.05 0.452028
4 0.422656 0.209722 0.0140625 0.0583333 0.536074
4 0.559766 0.0576389 0.0195312 0.0375 0.541615
10 0.396094 0.354167 0.015625 0.0472222 0.647753
4 0.560156 0.105556 0.015625 0.05 0.677343
6 0.0339844 0.253472 0.0523437 0.140278 0.731978
4 0.396094 0.159722 0.0140625 0.05 0.795586
4 0.586719 0.109028 0.015625 0.0513889 0.814035
4 0.533203 0.109028 0.0148437 0.0486111 0.853873
