4 0.559766 0.0576389 0.0179687 0.0458333 0.26028
10 0.396875 0.354167 0.015625 0.0555556 0.266307
4 0.449609 0.0604167 0.0148437 0.0541667 0.273108
1 0.50625 0.05625 0.0171875 0.0569444 0.273394
4 0.45 0.0847222 0.015625 0.075 0.276584
4 0.416016 0.0180556 0.0164062 0.0333333 0.276994
8 0.585938 0.803472 0.0484375 0.156944 0.290432
3 0.505859 0.253472 0.0195312 0.0486111 0.291126
10 0.423438 0.356944 0.0125 0.0472222 0.311473
10 0.232031 0.863889 0.0421875 0.147222 0.323873
4 0.945312 0.931944 0.0234375 0.0444444 0.332696
3 0.712891 0.10625 0.0492188 0.173611 0.382015
1 0.477344 0.0458333 0.01875 0.0555556 0.394866
3 0.764844 0.05 0.0296875 0.0916667 0.413674
11 0.415625 0.711111 0.0484375 0.172222 0.419863
4 0.397656 0.0583333 0.0171875 0.102778 0.43392
1 0.958984 0.107639 0.0523437 0.170833 0.457906
4 0.844141 0.884722 0.0242187 0.0388889 0.463636
4 0.507031 0.0569444 0.0171875 0.05 0.494157
11 0.583203 0.799306 0.0523437 0.156944 0.522
4 0.451172 0.156944 0.0164062 0.0472222 0.529437
7 0.646875 0.71875 0.0375 0.126389 0.561313
4 0.560547 0.107639 0.0148437 0.0486111 0.743102
4 0.45 0.107639 0.015625 0.0486111 0.746848
4 0.396094 0.110417 0.015625 0.0458333 0.778984
4 0.423438 0.107639 0.015625 0.0486111 0.813196
4 0.5875 0.109028 0.015625 0.0486111 0.827637
4 0.533594 0.109028 0.015625 0.0486111 0.868082
