4 0.560156 0.0583333 0.01875 0.0472222 0.251161
10 0.424219 0.357639 0.0125 0.0458333 0.290843
11 0.590234 0.802778 0.0445312 0.155556 0.299136
4 0.397266 0.0791667 0.0164062 0.102778 0.300086
4 0.45 0.0847222 0.015625 0.0777778 0.300255
4 0.944922 0.931944 0.0242187 0.0444444 0.309927
4 0.844141 0.884722 0.0257812 0.0388889 0.315565
4 0.45 0.0611111 0.0140625 0.0555556 0.317003
1 0.476953 0.0458333 0.0179687 0.0555556 0.391299
1 0.960938 0.104861 0.0546875 0.179167 0.42825
4 0.746484 0.920139 0.0195312 0.0486111 0.440282
1 0.50625 0.254861 0.01875 0.0458333 0.442873
7 0.644531 0.725694 0.040625 0.131944 0.445928
4 0.756641 0.0361111 0.0195312 0.0638889 0.449583
1 0.708203 0.114583 0.0492188 0.1875 0.485805
1 0.656641 0.263889 0.0585938 0.169444 0.499702
1 0.832031 0.604861 0.0546875 0.159722 0.532223
4 0.507031 0.0597222 0.0171875 0.05 0.628198
4 0.560938 0.108333 0.015625 0.0472222 0.749885
8 0.587109 0.806944 0.0429688 0.15 0.751639
11 0.641406 0.727778 0.04375 0.138889 0.757938
4 0.451172 0.157639 0.0164062 0.0486111 0.786883
4 0.45 0.108333 0.015625 0.0472222 0.790811
4 0.396094 0.110417 0.015625 0.0458333 0.830335
4 0.587891 0.110417 0.0164062 0.0486111 0.844067
4 0.423438 0.108333 0.015625 0.05 0.847468
4 0.533594 0.110417 0.015625 0.0486111 0.875527
