10 0.534766 0.2375 0.0148437 0.0694444 0.252987
1 0.476953 0.204861 0.0148437 0.0430556 0.294495
3 0.661328 0.254861 0.0570313 0.179167 0.298522
10 0.423828 0.35625 0.0132813 0.0430556 0.320515
4 0.560156 0.0576389 0.01875 0.0458333 0.326817
3 0.507422 0.355556 0.0195312 0.0472222 0.349727
11 0.453516 0.74375 0.0351562 0.134722 0.362953
10 0.0105469 0.245833 0.0195312 0.161111 0.393692
1 0.968359 0.104861 0.0523437 0.1625 0.435198
4 0.844922 0.884722 0.0242187 0.0388889 0.474998
4 0.396094 0.05 0.0171875 0.0638889 0.483425
3 0.979688 0.278472 0.0390625 0.165278 0.535171
9 0.404687 0.691667 0.040625 0.152778 0.542899
11 0.491016 0.754167 0.0320312 0.119444 0.560697
11 0.591797 0.807639 0.0445312 0.151389 0.585972
4 0.450391 0.161111 0.0148437 0.0444444 0.624981
4 0.560938 0.108333 0.015625 0.0472222 0.654585
4 0.45 0.107639 0.0140625 0.0458333 0.735617
4 0.395703 0.110417 0.0148437 0.0458333 0.788041
4 0.423047 0.107639 0.0148437 0.0486111 0.798901
4 0.5875 0.109028 0.015625 0.0486111 0.804118
4 0.533594 0.109028 0.0140625 0.0486111 0.856169
