6 0.896484 0.895833 0.0367187 0.0555556 0.253567
4 0.944922 0.93125 0.0242187 0.0458333 0.304534
10 0.422656 0.201389 0.0140625 0.0472222 0.307067
4 0.397656 0.0694444 0.0171875 0.105556 0.312046
7 0.969141 0.0875 0.0507812 0.15 0.324555
3 0.45 0.154167 0.01875 0.0472222 0.330404
1 0.8375 0.602778 0.059375 0.177778 0.384717
4 0.505469 0.0458333 0.0171875 0.0583333 0.40492
1 0.450781 0.15625 0.0171875 0.0458333 0.443993
10 0.396875 0.354167 0.015625 0.0555556 0.444606
4 0.532812 0.113194 0.015625 0.0513889 0.490633
10 0.477344 0.377083 0.01875 0.0791667 0.555611
4 0.589453 0.0493056 0.0179687 0.0513889 0.570479
4 0.450391 0.113889 0.0148437 0.0527778 0.586899
1 0.533594 0.134028 0.01875 0.0763889 0.618611
1 0.969531 0.0965278 0.053125 0.1625 0.61891
4 0.396094 0.109722 0.015625 0.0472222 0.792043
4 0.587891 0.109028 0.0164062 0.0486111 0.809533
4 0.560938 0.109722 0.015625 0.0444444 0.82188
4 0.423438 0.108333 0.015625 0.05 0.828592
4 0.477734 0.109028 0.0164062 0.0513889 0.867736
