10 0.433984 0.680556 0.0304688 0.0888889 0.261522
4 0.846094 0.891667 0.03125 0.0555556 0.2756
10 0.557813 0.688889 0.0265625 0.0777778 0.282549
4 0.50625 0.0590278 0.01875 0.0486111 0.284629
6 0.0511719 0.929861 0.0414063 0.0958333 0.305702
11 0.491016 0.756944 0.0351562 0.122222 0.351479
1 0.477344 0.201389 0.015625 0.0472222 0.369342
1 0.760547 0.0826389 0.0257812 0.120833 0.407578
8 0.590625 0.808333 0.04375 0.15 0.417649
10 0.619141 0.754861 0.0335938 0.131944 0.485297
4 0.450781 0.160417 0.0140625 0.0458333 0.605133
4 0.560938 0.106944 0.015625 0.05 0.693714
4 0.45 0.109028 0.0140625 0.0486111 0.71621
4 0.5875 0.108333 0.015625 0.05 0.798317
4 0.396484 0.109028 0.0148437 0.0513889 0.823877
4 0.533594 0.109722 0.015625 0.05 0.878371
