1 0.194141 0.939583 0.0679687 0.120833 0.254162
3 0.759766 0.0638889 0.0210938 0.102778 0.270711
9 0.161328 0.790972 0.0835937 0.201389 0.274781
4 0.505859 0.0604167 0.0179687 0.0458333 0.330861
4 0.560156 0.0590278 0.01875 0.0458333 0.342989
4 0.423047 0.210417 0.0148437 0.0625 0.362285
4 0.845312 0.886111 0.0265625 0.0416667 0.371154
4 0.450781 0.15625 0.0140625 0.0486111 0.410482
10 0.397266 0.353472 0.0148437 0.0513889 0.429756
10 0.603906 0.708333 0.034375 0.138889 0.501828
3 0.652734 0.257639 0.0601562 0.168056 0.574361
11 0.491406 0.759028 0.034375 0.123611 0.675748
10 0.469531 0.645139 0.028125 0.0791667 0.679404
4 0.450391 0.109722 0.0148437 0.05 0.724817
8 0.591016 0.808333 0.0445312 0.152778 0.725494
4 0.560938 0.106944 0.015625 0.05 0.74912
4 0.395703 0.159028 0.0148437 0.0513889 0.820618
4 0.5875 0.110417 0.015625 0.0486111 0.839078
4 0.533594 0.109722 0.015625 0.0472222 0.88205
