10 0.417578 0.0180556 0.0179687 0.0361111 0.253031
4 0.533984 0.203472 0.0148437 0.0513889 0.255577
8 0.590625 0.811806 0.0421875 0.154167 0.298396
4 0.683203 0.0291667 0.0179687 0.0472222 0.343235
1 0.533984 0.126389 0.0179687 0.0722222 0.396028
11 0.589063 0.809722 0.04375 0.15 0.433104
10 0.534766 0.357639 0.0148437 0.0430556 0.460738
4 0.397656 0.0548611 0.0171875 0.0958333 0.484498
10 0.397656 0.354167 0.015625 0.05 0.508106
4 0.451953 0.157639 0.0164062 0.0458333 0.634887
4 0.560547 0.106944 0.0148437 0.05 0.638076
4 0.844531 0.885417 0.0234375 0.0402778 0.700842
4 0.450391 0.108333 0.0148437 0.0472222 0.727109
10 0.529688 0.777778 0.0296875 0.0916667 0.73295
4 0.5875 0.108333 0.015625 0.05 0.742441
4 0.423438 0.106944 0.015625 0.05 0.784693
4 0.396484 0.110417 0.0148437 0.0486111 0.791007
4 0.533203 0.109722 0.0148437 0.0527778 0.798097
11 0.488672 0.755556 0.0382813 0.127778 0.846958
3 0.964844 0.496528 0.0671875 0.190278 0.89045
