4 0.560156 0.0569444 0.01875 0.0444444 0.254102
4 0.845312 0.885417 0.0265625 0.0402778 0.294434
3 0.961719 0.129167 0.0578125 0.208333 0.318353
4 0.45 0.0611111 0.015625 0.0555556 0.367723
4 0.397266 0.0590278 0.0164062 0.0958333 0.488125
4 0.451172 0.157639 0.0164062 0.0486111 0.532764
4 0.533203 0.110417 0.0148437 0.0569444 0.622123
4 0.45 0.108333 0.015625 0.05 0.641324
10 0.396875 0.354167 0.015625 0.0527778 0.647759
1 0.533594 0.131944 0.01875 0.0861111 0.74033
4 0.560547 0.10625 0.0148437 0.0513889 0.742456
4 0.396094 0.110417 0.015625 0.0486111 0.778713
4 0.587891 0.108333 0.0164062 0.05 0.797119
11 0.591406 0.809028 0.046875 0.151389 0.810568
4 0.423438 0.108333 0.015625 0.05 0.835586
