3 0.765625 0.05 0.0265625 0.0888889 0.273468
1 0.476953 0.203472 0.0148437 0.0430556 0.274697
3 0.508203 0.354167 0.0195312 0.0472222 0.284487
6 0.00664063 0.19375 0.0117188 0.0986111 0.290743
3 0.658594 0.249306 0.065625 0.184722 0.34365
4 0.559766 0.0569444 0.0195312 0.0444444 0.433796
4 0.397266 0.0388889 0.0179687 0.0666667 0.436161
11 0.589453 0.809722 0.0429688 0.147222 0.491692
10 0.396875 0.354167 0.015625 0.05 0.495702
4 0.844922 0.884722 0.0257812 0.0388889 0.505702
11 0.489453 0.752778 0.0351562 0.125 0.689483
4 0.451172 0.161111 0.0148437 0.0444444 0.690011
4 0.560938 0.106944 0.015625 0.05 0.718701
4 0.396875 0.110417 0.0140625 0.0486111 0.787084
4 0.450391 0.107639 0.0148437 0.0458333 0.787684
4 0.423828 0.106944 0.0148437 0.05 0.798394
4 0.5875 0.108333 0.015625 0.05 0.811125
4 0.533594 0.109028 0.0140625 0.0486111 0.857024
