4 0.533984 0.203472 0.0148437 0.0513889 0.253352
1 0.473437 0.0201389 0.0203125 0.0291667 0.256598
7 0.234375 0.865278 0.05 0.155556 0.262256
4 0.560156 0.05625 0.01875 0.0430556 0.281994
4 0.417969 0.0194444 0.0171875 0.0333333 0.287483
4 0.683203 0.0284722 0.0179687 0.0486111 0.344478
11 0.251953 0.889583 0.0648438 0.170833 0.3493
11 0.589453 0.809028 0.0429688 0.148611 0.371372
1 0.533594 0.126389 0.0171875 0.0722222 0.407717
8 0.590625 0.811806 0.0421875 0.154167 0.430365
4 0.397656 0.0555556 0.0171875 0.0972222 0.478322
10 0.534766 0.357639 0.0148437 0.0430556 0.491731
10 0.397656 0.354167 0.015625 0.05 0.527694
4 0.451953 0.158333 0.0164062 0.0472222 0.631591
4 0.560547 0.106944 0.0148437 0.05 0.647813
4 0.844531 0.885417 0.0234375 0.0402778 0.697768
10 0.530469 0.777778 0.0296875 0.0944444 0.709173
4 0.450391 0.108333 0.0148437 0.0472222 0.736736
4 0.5875 0.108333 0.015625 0.05 0.748769
4 0.423438 0.106944 0.015625 0.05 0.790224
4 0.533203 0.109722 0.0148437 0.0527778 0.792557
4 0.396484 0.110417 0.0148437 0.0486111 0.800892
11 0.489062 0.754861 0.0375 0.126389 0.862261
3 0.963281 0.493056 0.0671875 0.197222 0.889027
