6 0.624219 0.0215278 0.0203125 0.0375 0.254992
1 0.794922 0.577778 0.0382813 0.125 0.263518
4 0.745703 0.919444 0.0210938 0.05 0.272813
10 0.423828 0.35625 0.0132813 0.0486111 0.273541
6 0.895703 0.895833 0.0367187 0.0583333 0.276261
4 0.397656 0.0715278 0.015625 0.106944 0.324471
4 0.945312 0.93125 0.0234375 0.0458333 0.325903
4 0.505859 0.0458333 0.0164062 0.0583333 0.339484
3 0.450781 0.154167 0.0171875 0.0444444 0.370117
1 0.838672 0.603472 0.0570313 0.179167 0.414613
10 0.397266 0.354167 0.0148437 0.0555556 0.420509
4 0.533594 0.113889 0.015625 0.05 0.445167
1 0.450781 0.156944 0.0171875 0.0444444 0.447719
4 0.589453 0.0472222 0.0179687 0.0555556 0.493017
10 0.423047 0.201389 0.0148437 0.0472222 0.537106
4 0.450391 0.113194 0.0148437 0.0513889 0.624334
1 0.533594 0.134722 0.01875 0.0777778 0.641139
10 0.477344 0.377083 0.01875 0.0763889 0.67954
1 0.960547 0.100694 0.0554687 0.170833 0.712367
4 0.587891 0.109028 0.0164062 0.0486111 0.804453
4 0.423438 0.107639 0.015625 0.0486111 0.821556
4 0.396094 0.109722 0.015625 0.0472222 0.831313
4 0.561328 0.109722 0.0148437 0.0444444 0.834701
4 0.477734 0.109722 0.0164062 0.05 0.871944
