3 0.971094 0.115972 0.0484375 0.1875 0.251531
10 0.41875 0.0180556 0.015625 0.0361111 0.261656
8 0.596484 0.804861 0.0445312 0.148611 0.278471
6 0.979688 0.0381944 0.0390625 0.0708333 0.28238
4 0.688281 0.0229167 0.021875 0.0402778 0.32224
4 0.449609 0.0604167 0.0148437 0.0541667 0.352904
4 0.944531 0.931944 0.0234375 0.0444444 0.357737
4 0.521875 0.66875 0.0265625 0.1125 0.362524
10 0.477344 0.377778 0.0203125 0.0861111 0.36313
10 0.423438 0.358333 0.0125 0.0472222 0.393759
10 0.50625 0.250694 0.0140625 0.0513889 0.417387
4 0.397266 0.0638889 0.0164062 0.105556 0.43952
10 0.396484 0.354861 0.0148437 0.0541667 0.488747
1 0.824219 0.605556 0.053125 0.15 0.554111
6 0.724219 0.025 0.034375 0.0416667 0.603499
4 0.532812 0.0451389 0.015625 0.0625 0.606003
4 0.533203 0.1125 0.0148437 0.0555556 0.613575
1 0.533203 0.130556 0.0179687 0.0805556 0.639716
4 0.560547 0.05625 0.0179687 0.0402778 0.659401
11 0.646875 0.729861 0.0453125 0.143056 0.678557
10 0.505859 0.202778 0.0164062 0.0388889 0.684392
4 0.450781 0.158333 0.015625 0.0472222 0.762535
4 0.45 0.107639 0.015625 0.0486111 0.775185
4 0.560547 0.109028 0.0148437 0.0486111 0.80293
4 0.5875 0.109028 0.015625 0.0486111 0.832735
4 0.396094 0.111806 0.015625 0.0486111 0.838473
4 0.423438 0.108333 0.015625 0.05 0.841515
