10 0.604688 0.70625 0.03125 0.140278 0.261411
6 0.046875 0.925694 0.0546875 0.106944 0.320727
4 0.941797 0.929861 0.0257812 0.0486111 0.324849
11 0.434766 0.70625 0.0398437 0.120833 0.365304
4 0.844922 0.884722 0.0257812 0.0388889 0.374302
11 0.235156 0.881944 0.0546875 0.172222 0.414278
4 0.423438 0.204861 0.0125 0.0430556 0.424864
4 0.560156 0.0569444 0.0171875 0.0444444 0.428079
10 0.397266 0.353472 0.0148437 0.0513889 0.458233
10 0.21875 0.358333 0.0203125 0.0805556 0.501959
3 0.662109 0.2625 0.0632813 0.166667 0.531057
4 0.451172 0.156944 0.0148437 0.0472222 0.578573
8 0.590625 0.80625 0.04375 0.154167 0.718535
4 0.45 0.109722 0.0140625 0.05 0.738574
4 0.560547 0.110417 0.0148437 0.0458333 0.744474
4 0.395703 0.158333 0.0148437 0.0527778 0.810812
4 0.5875 0.109722 0.015625 0.0472222 0.846112
4 0.533594 0.109722 0.015625 0.0472222 0.878533
