4 0.842969 0.886111 0.0234375 0.0333333 0.274214
10 0.417578 0.0166667 0.0164062 0.0333333 0.275474
4 0.506641 0.211111 0.0148437 0.0583333 0.278872
10 0.505859 0.254167 0.0148437 0.0388889 0.283669
10 0.418359 0.711111 0.0382813 0.138889 0.291005
10 0.521094 0.665972 0.0328125 0.118056 0.297412
1 0.869922 0.607639 0.0601562 0.1625 0.321884
1 0.476953 0.0451389 0.0179687 0.0541667 0.340875
1 0.770312 0.229861 0.03125 0.120833 0.347258
3 0.45 0.154861 0.01875 0.0458333 0.371599
11 0.294922 0.359028 0.0617188 0.170833 0.380009
4 0.397266 0.0611111 0.0164062 0.105556 0.40434
4 0.944922 0.931944 0.0226563 0.0444444 0.409313
10 0.423828 0.356944 0.0132813 0.0472222 0.416804
4 0.5875 0.0569444 0.0171875 0.0444444 0.426337
8 0.592969 0.8 0.0484375 0.161111 0.442872
1 0.450391 0.157639 0.0179687 0.0430556 0.458978
10 0.478125 0.375694 0.01875 0.0763889 0.472586
1 0.957812 0.0875 0.0625 0.15 0.475317
7 0.646094 0.722917 0.0421875 0.145833 0.478417
6 0.720312 0.0291667 0.0375 0.0472222 0.504106
11 0.642187 0.725 0.040625 0.15 0.519631
11 0.596484 0.798611 0.0476562 0.166667 0.520461
4 0.505859 0.0541667 0.0164062 0.05 0.551283
4 0.533203 0.111806 0.0148437 0.0541667 0.573898
10 0.397266 0.354167 0.0148437 0.0527778 0.626813
4 0.45 0.111806 0.015625 0.0513889 0.629135
9 0.632031 0.539583 0.05625 0.140278 0.62992
1 0.533984 0.129167 0.0179687 0.0805556 0.650595
4 0.560938 0.109028 0.0140625 0.0486111 0.792569
4 0.396094 0.110417 0.015625 0.0458333 0.810022
4 0.587891 0.108333 0.0164062 0.05 0.819645
4 0.423438 0.108333 0.015625 0.05 0.840959
4 0.477734 0.108333 0.0164062 0.05 0.869375
