4 0.423828 0.222222 0.0164062 0.0833333 0.251781
1 0.342187 0.0409722 0.034375 0.0708333 0.252279
1 0.891016 0.294444 0.0648438 0.216667 0.256009
4 0.682422 0.025 0.0179687 0.0444444 0.262524
10 0.435156 0.677083 0.03125 0.0902778 0.265515
10 0.423828 0.356944 0.0148437 0.0416667 0.266059
10 0.620313 0.75625 0.03125 0.129167 0.26947
6 0.967578 0.461111 0.0585938 0.108333 0.274013
6 0.757031 0.0361111 0.0234375 0.0666667 0.275263
4 0.944922 0.932639 0.0273438 0.0430556 0.370561
3 0.50625 0.0590278 0.0171875 0.0486111 0.377332
10 0.555859 0.686111 0.0257812 0.0805556 0.388693
6 0.723047 0.025 0.0304688 0.0444444 0.397435
6 0.05 0.930556 0.0421875 0.0944444 0.399313
10 0.521094 0.708333 0.0296875 0.0972222 0.520644
1 0.477344 0.201389 0.0171875 0.0472222 0.532343
1 0.971875 0.286806 0.0515625 0.181944 0.543707
11 0.489844 0.753472 0.0359375 0.123611 0.557531
10 0.396875 0.354167 0.015625 0.0472222 0.621884
8 0.589453 0.806944 0.0414063 0.147222 0.658239
4 0.560938 0.106944 0.015625 0.05 0.659172
4 0.450781 0.159722 0.0140625 0.0444444 0.660761
4 0.845312 0.885417 0.028125 0.0402778 0.689427
4 0.450391 0.108333 0.0148437 0.0472222 0.764253
4 0.5875 0.108333 0.015625 0.05 0.827753
4 0.396484 0.109028 0.0148437 0.0513889 0.84584
4 0.533984 0.109028 0.0148437 0.0486111 0.881452
