4 0.944922 0.931944 0.0242187 0.0416667 0.27737
11 0.200391 0.850694 0.0570313 0.170833 0.294086
1 0.765625 0.140972 0.0421875 0.145833 0.381283
4 0.45 0.0611111 0.015625 0.0583333 0.394255
1 0.835547 0.600694 0.0523437 0.120833 0.396389
4 0.683594 0.0284722 0.01875 0.0486111 0.452327
10 0.396875 0.354861 0.015625 0.0513889 0.46261
4 0.397656 0.0548611 0.0171875 0.0958333 0.504278
4 0.451562 0.157639 0.0171875 0.0486111 0.51119
10 0.530469 0.780556 0.0296875 0.0888889 0.591178
8 0.589844 0.809722 0.04375 0.147222 0.596734
4 0.45 0.108333 0.015625 0.05 0.622851
4 0.533203 0.110417 0.0148437 0.0569444 0.668531
4 0.560547 0.107639 0.0148437 0.0513889 0.669854
1 0.533984 0.13125 0.0179687 0.0847222 0.687793
4 0.587891 0.108333 0.0164062 0.05 0.766101
4 0.396094 0.111111 0.015625 0.0472222 0.780704
4 0.423438 0.108333 0.015625 0.05 0.813651
