10 0.593359 0.802083 0.0492188 0.1625 0.252804
4 0.846094 0.891667 0.0296875 0.0555556 0.263939
1 0.534766 0.204167 0.0179687 0.05 0.284489
11 0.594141 0.804167 0.0476562 0.152778 0.293782
4 0.423438 0.20625 0.0125 0.0430556 0.299641
4 0.450781 0.15625 0.0140625 0.0486111 0.32617
3 0.505859 0.0604167 0.0179687 0.0458333 0.353458
10 0.602734 0.706944 0.0335938 0.136111 0.444001
11 0.491406 0.761111 0.0328125 0.119444 0.444699
10 0.396875 0.354167 0.015625 0.0527778 0.461594
3 0.652734 0.261806 0.0570313 0.159722 0.501479
11 0.230469 0.884028 0.059375 0.176389 0.542475
8 0.590234 0.808333 0.0460938 0.155556 0.631667
4 0.45 0.110417 0.0140625 0.0513889 0.684235
10 0.468359 0.645833 0.0273438 0.0805556 0.712904
4 0.560938 0.108333 0.015625 0.0472222 0.717781
4 0.396094 0.159028 0.0140625 0.0513889 0.798422
4 0.587109 0.110417 0.0148437 0.0513889 0.829401
4 0.533594 0.109722 0.015625 0.0472222 0.884122
