11 0.557813 0.813889 0.0421875 0.125 0.255535
10 0.50625 0.251389 0.015625 0.0472222 0.261444
11 0.576563 0.825694 0.053125 0.1375 0.267152
1 0.560547 0.104167 0.0179687 0.0555556 0.277844
10 0.471094 0.6375 0.03125 0.0861111 0.281555
8 0.423438 0.377778 0.0203125 0.0916667 0.282657
4 0.751953 0.919444 0.0195312 0.0472222 0.288042
4 0.944922 0.931944 0.0242187 0.0416667 0.305189
9 0.657812 0.710417 0.0421875 0.126389 0.33973
4 0.397656 0.0597222 0.0171875 0.108333 0.371098
10 0.423828 0.380556 0.0242187 0.1 0.390758
4 0.559766 0.0590278 0.0179687 0.0430556 0.420193
10 0.00859375 0.234028 0.015625 0.134722 0.482888
3 0.661719 0.254167 0.065625 0.177778 0.489889
8 0.478125 0.377083 0.021875 0.0847222 0.500305
4 0.587891 0.0576389 0.0179687 0.0430556 0.530098
10 0.477734 0.376389 0.0195312 0.0833333 0.606454
2 0.661719 0.255556 0.0671875 0.172222 0.619754
4 0.844141 0.883333 0.0226563 0.0361111 0.656832
4 0.560938 0.109722 0.015625 0.0472222 0.792628
1 0.962891 0.0993056 0.0585938 0.165278 0.814956
4 0.396094 0.110417 0.0171875 0.0458333 0.818772
10 0.533984 0.382639 0.0210938 0.0791667 0.837428
4 0.450391 0.108333 0.0179687 0.0472222 0.838291
4 0.5875 0.109722 0.0171875 0.05 0.839868
4 0.423047 0.109028 0.0179687 0.0513889 0.841953
4 0.533203 0.111111 0.0164062 0.0472222 0.853058
4 0.477344 0.110417 0.0171875 0.0486111 0.874409
