10 0.396875 0.354167 0.0140625 0.05 0.250328
4 0.559766 0.0583333 0.0195312 0.0444444 0.251303
3 0.759766 0.0625 0.0210938 0.102778 0.258815
10 0.557813 0.688889 0.0265625 0.0777778 0.268716
6 0.0507812 0.929861 0.0421875 0.0958333 0.268982
4 0.50625 0.0597222 0.01875 0.0472222 0.269906
10 0.433594 0.680556 0.03125 0.0888889 0.270944
4 0.845703 0.891667 0.0304688 0.0555556 0.286756
11 0.491016 0.756944 0.0351562 0.122222 0.309279
1 0.477344 0.201389 0.015625 0.0472222 0.389925
1 0.760156 0.0840278 0.025 0.118056 0.416215
8 0.590625 0.808333 0.04375 0.15 0.430661
10 0.619141 0.755556 0.0335938 0.133333 0.433348
4 0.450781 0.160417 0.0140625 0.0458333 0.616257
4 0.560938 0.106944 0.015625 0.05 0.70523
4 0.45 0.109028 0.0140625 0.0486111 0.72085
4 0.5875 0.109028 0.015625 0.0486111 0.803306
4 0.396484 0.109028 0.0148437 0.0513889 0.828817
4 0.533594 0.109722 0.015625 0.05 0.880096
