6 0.0382813 0.917361 0.04375 0.101389 0.253022
3 0.219141 0.0722222 0.0460938 0.122222 0.285333
3 0.969922 0.117361 0.0507812 0.204167 0.287388
2 0.663672 0.254167 0.0664062 0.177778 0.308482
10 0.412891 0.688889 0.0445312 0.138889 0.311752
4 0.844531 0.885417 0.025 0.0402778 0.327536
10 0.00898437 0.244444 0.0164062 0.163889 0.369559
4 0.396484 0.0631944 0.0164062 0.109722 0.375424
6 0.762109 0.0423611 0.0320312 0.0791667 0.399763
1 0.342187 0.0430556 0.0359375 0.0722222 0.422515
1 0.477344 0.202083 0.0171875 0.0458333 0.445619
4 0.423828 0.20625 0.0148437 0.0458333 0.448977
1 0.780469 0.540278 0.059375 0.161111 0.456334
6 0.724609 0.0256944 0.0320312 0.0458333 0.462449
3 0.760547 0.0444444 0.0304688 0.0805556 0.547037
1 0.970703 0.111111 0.0507812 0.183333 0.578959
11 0.341406 0.599306 0.059375 0.181944 0.592198
11 0.491016 0.755556 0.0351562 0.127778 0.627641
11 0.590625 0.807639 0.04375 0.151389 0.65136
4 0.560547 0.109722 0.0148437 0.05 0.656634
10 0.397266 0.354861 0.0164062 0.0486111 0.686716
4 0.450391 0.161111 0.0148437 0.0472222 0.694607
4 0.45 0.109028 0.0140625 0.0486111 0.780426
4 0.396094 0.109028 0.015625 0.0486111 0.805369
4 0.5875 0.109028 0.015625 0.0486111 0.825189
4 0.533984 0.109028 0.0148437 0.0486111 0.852192
