10 0.506641 0.252083 0.0132813 0.0458333 0.277351
3 0.758984 0.0576389 0.0195312 0.0902778 0.284176
4 0.751953 0.919444 0.0195312 0.0472222 0.301199
8 0.478125 0.377778 0.0203125 0.0861111 0.322252
3 0.967188 0.121528 0.05 0.176389 0.323839
4 0.560547 0.0569444 0.0195312 0.0472222 0.329655
1 0.50625 0.0569444 0.01875 0.0444444 0.33097
1 0.477734 0.0520833 0.0179687 0.0347222 0.362415
4 0.396484 0.0541667 0.0195312 0.0444444 0.367898
4 0.942187 0.929861 0.025 0.0486111 0.404095
10 0.424219 0.357639 0.0125 0.0458333 0.432602
4 0.683594 0.0284722 0.015625 0.0458333 0.436549
4 0.449609 0.0583333 0.0148437 0.0444444 0.444075
11 0.646875 0.730556 0.04375 0.141667 0.498405
1 0.832031 0.601389 0.05625 0.166667 0.511524
10 0.528906 0.776389 0.03125 0.0916667 0.525729
10 0.505859 0.204167 0.0148437 0.0361111 0.578156
4 0.506641 0.0590278 0.0179687 0.0458333 0.578746
1 0.533594 0.129167 0.01875 0.0833333 0.613835
10 0.51875 0.665278 0.0328125 0.113889 0.644884
4 0.844531 0.884028 0.025 0.0402778 0.650969
4 0.451172 0.156944 0.0148437 0.0472222 0.659996
4 0.533594 0.122917 0.015625 0.0680556 0.674815
4 0.450391 0.107639 0.0148437 0.0486111 0.725708
4 0.560547 0.108333 0.0148437 0.05 0.745399
8 0.590234 0.808333 0.0429688 0.15 0.751825
4 0.5875 0.108333 0.015625 0.05 0.782416
4 0.423438 0.106944 0.0140625 0.05 0.818956
4 0.396875 0.111111 0.0140625 0.0472222 0.828305
