3 0.974609 0.245833 0.0414063 0.116667 0.28381
3 0.977734 0.296528 0.0429688 0.140278 0.294199
10 0.621094 0.755556 0.034375 0.136111 0.306573
4 0.560156 0.0576389 0.0203125 0.0513889 0.315645
4 0.844922 0.886806 0.0273438 0.0430556 0.421049
1 0.50625 0.05625 0.01875 0.0486111 0.422091
10 0.396875 0.353472 0.015625 0.0513889 0.49132
8 0.592969 0.810417 0.040625 0.156944 0.498354
3 0.50625 0.0569444 0.01875 0.0472222 0.52362
11 0.591406 0.808333 0.04375 0.15 0.536081
10 0.469922 0.64375 0.0273438 0.0791667 0.571832
4 0.450781 0.156944 0.0140625 0.05 0.612527
11 0.491797 0.75625 0.0335938 0.126389 0.662813
4 0.45 0.109028 0.0140625 0.0513889 0.675291
4 0.561328 0.10625 0.0164062 0.0513889 0.74036
4 0.396094 0.109722 0.015625 0.0527778 0.805729
4 0.587891 0.108333 0.0164062 0.05 0.814298
4 0.533594 0.108333 0.015625 0.05 0.875471
