4 0.944531 0.931944 0.025 0.0444444 0.272744
4 0.560156 0.0576389 0.0171875 0.0458333 0.272959
3 0.964063 0.109028 0.0546875 0.179167 0.273878
10 0.491016 0.759028 0.0351562 0.120833 0.339045
4 0.844922 0.885417 0.0257812 0.0402778 0.366508
4 0.423438 0.205556 0.0125 0.0416667 0.37181
4 0.451172 0.15625 0.0148437 0.0486111 0.376538
11 0.235156 0.88125 0.059375 0.176389 0.381033
3 0.768359 0.168056 0.0507812 0.183333 0.383072
10 0.434375 0.709722 0.0359375 0.116667 0.392267
1 0.971875 0.288889 0.0515625 0.183333 0.410121
10 0.605469 0.709028 0.0328125 0.134722 0.411236
10 0.397266 0.354167 0.0148437 0.05 0.414946
3 0.50625 0.0604167 0.0171875 0.0458333 0.422377
3 0.662109 0.260417 0.0632813 0.1625 0.426931
3 0.774609 0.0763889 0.0398437 0.136111 0.469702
11 0.589844 0.808333 0.0453125 0.155556 0.474083
8 0.591016 0.808333 0.0445312 0.152778 0.525876
10 0.218359 0.359722 0.0195312 0.0861111 0.601473
10 0.469531 0.643056 0.0296875 0.0833333 0.697676
4 0.560547 0.109722 0.0148437 0.0472222 0.71565
4 0.450391 0.110417 0.0148437 0.0513889 0.722699
11 0.410156 0.633333 0.04375 0.138889 0.724071
4 0.395703 0.158333 0.0148437 0.0527778 0.839708
4 0.5875 0.109028 0.015625 0.0486111 0.8445
4 0.533984 0.109722 0.0148437 0.0472222 0.885148
