1 0.422656 0.235417 0.0171875 0.0819444 0.257995
1 0.780078 0.535417 0.0523437 0.159722 0.259151
10 0.517578 0.675694 0.0304688 0.0958333 0.261711
10 0.423828 0.356944 0.0132813 0.0444444 0.280118
10 0.396875 0.354167 0.0140625 0.05 0.302717
10 0.620703 0.754167 0.0335938 0.133333 0.308856
6 0.0109375 0.929861 0.0203125 0.0958333 0.30984
10 0.699219 0.640278 0.03125 0.108333 0.334101
3 0.978906 0.296528 0.040625 0.131944 0.336173
4 0.844922 0.886806 0.0273438 0.0430556 0.40187
4 0.50625 0.0590278 0.01875 0.0486111 0.466848
11 0.491406 0.752778 0.0328125 0.125 0.489879
8 0.592578 0.809722 0.0414063 0.158333 0.675169
4 0.451172 0.157639 0.0148437 0.0458333 0.703212
4 0.560547 0.107639 0.0164062 0.0486111 0.729877
4 0.450391 0.107639 0.0148437 0.0486111 0.748052
4 0.396094 0.109722 0.015625 0.0527778 0.815582
4 0.587891 0.109028 0.0164062 0.0486111 0.831647
4 0.533594 0.109722 0.015625 0.0472222 0.880253
