1 0.673437 0.239583 0.0609375 0.195833 0.270895
10 0.561719 0.375694 0.01875 0.0791667 0.279067
6 0.901172 0.894444 0.0398437 0.0444444 0.281054
4 0.533984 0.0513889 0.0164062 0.05 0.285216
4 0.533203 0.111111 0.0148437 0.0527778 0.288647
10 0.505859 0.254167 0.0148437 0.0388889 0.292265
4 0.745703 0.919444 0.0210938 0.05 0.297906
4 0.687891 0.0243056 0.0164062 0.0430556 0.298198
1 0.840234 0.591667 0.0679687 0.125 0.334927
4 0.505859 0.206944 0.0132813 0.0388889 0.335835
4 0.397656 0.0659722 0.015625 0.106944 0.342185
1 0.450391 0.157639 0.0179687 0.0430556 0.378038
6 0.720312 0.0291667 0.0375 0.0472222 0.387395
11 0.595312 0.799306 0.0484375 0.154167 0.391693
10 0.423828 0.356944 0.0132813 0.0472222 0.396115
1 0.476953 0.0416667 0.0195312 0.0611111 0.403516
10 0.397266 0.354167 0.0148437 0.0555556 0.416902
4 0.559766 0.0555556 0.0179687 0.0388889 0.420816
3 0.450391 0.155556 0.0179687 0.0444444 0.423072
11 0.644531 0.725694 0.0421875 0.140278 0.525106
4 0.450391 0.111111 0.0148437 0.0527778 0.568765
4 0.84375 0.885417 0.025 0.0402778 0.575123
1 0.960547 0.109028 0.0601562 0.190278 0.580474
10 0.477734 0.376389 0.0195312 0.0777778 0.594693
1 0.533594 0.13125 0.0171875 0.0791667 0.650206
7 0.295312 0.353472 0.0578125 0.204167 0.688617
4 0.560547 0.109028 0.0148437 0.0486111 0.743383
4 0.396484 0.110417 0.0148437 0.0458333 0.807173
4 0.5875 0.109028 0.015625 0.0486111 0.811549
4 0.423438 0.107639 0.015625 0.0486111 0.830113
4 0.477734 0.106944 0.0164062 0.0527778 0.836778
