10 0.397266 0.354167 0.0148437 0.0555556 0.250045
4 0.506641 0.211806 0.0148437 0.0597222 0.250397
10 0.50625 0.252083 0.0140625 0.0402778 0.250909
10 0.417578 0.0166667 0.0164062 0.0333333 0.253894
11 0.521094 0.665972 0.0328125 0.120833 0.255328
1 0.832812 0.623611 0.0625 0.169444 0.263919
11 0.469922 0.6625 0.0320312 0.116667 0.268063
3 0.450391 0.155556 0.0179687 0.0444444 0.272834
11 0.639453 0.734028 0.0507812 0.154167 0.275836
10 0.424219 0.356944 0.0125 0.0472222 0.277682
4 0.6875 0.0229167 0.0171875 0.0402778 0.299931
10 0.396875 0.0451389 0.0171875 0.0597222 0.319369
10 0.507031 0.744444 0.028125 0.0972222 0.345382
4 0.746094 0.920139 0.021875 0.0541667 0.363682
1 0.476562 0.0451389 0.0171875 0.0513889 0.372816
10 0.533984 0.354861 0.0148437 0.0458333 0.405066
1 0.450781 0.157639 0.0171875 0.0430556 0.407007
4 0.397266 0.0597222 0.0164062 0.102778 0.407446
4 0.945312 0.931944 0.0234375 0.0444444 0.431252
4 0.5875 0.0569444 0.0171875 0.0444444 0.473235
10 0.476953 0.378472 0.0179687 0.0736111 0.489906
4 0.844141 0.884028 0.0257812 0.0375 0.500065
4 0.506641 0.0541667 0.0148437 0.0444444 0.516223
1 0.969141 0.0916667 0.0539063 0.152778 0.636096
4 0.450391 0.111111 0.0148437 0.05 0.654309
1 0.533984 0.129167 0.0179687 0.0805556 0.707912
4 0.395703 0.110417 0.0148437 0.0458333 0.804953
4 0.560938 0.108333 0.0140625 0.0472222 0.809824
4 0.423438 0.107639 0.015625 0.0486111 0.822728
4 0.587891 0.107639 0.0164062 0.0486111 0.847167
4 0.477734 0.108333 0.0164062 0.05 0.877952
