10 0.534375 0.358333 0.0140625 0.0444444 0.257924
10 0.423828 0.357639 0.0132813 0.0430556 0.263178
1 0.476953 0.203472 0.0148437 0.0430556 0.3278
2 0.660156 0.254861 0.065625 0.176389 0.363674
3 0.508203 0.354167 0.0195312 0.0472222 0.366204
11 0.589453 0.809028 0.0414063 0.145833 0.391669
4 0.559766 0.05625 0.0195312 0.0430556 0.446186
4 0.397266 0.0381944 0.0179687 0.0680556 0.44731
7 0.489844 0.754861 0.03125 0.118056 0.477697
4 0.844531 0.884028 0.025 0.0402778 0.520346
10 0.396875 0.354167 0.015625 0.05 0.576202
11 0.489844 0.753472 0.0328125 0.118056 0.598419
4 0.451172 0.161111 0.0148437 0.0444444 0.690266
4 0.560938 0.109028 0.015625 0.0486111 0.721498
4 0.396875 0.110417 0.0140625 0.0486111 0.785849
4 0.450391 0.108333 0.0148437 0.0444444 0.795693
4 0.423828 0.106944 0.0148437 0.05 0.797504
4 0.5875 0.109028 0.015625 0.0486111 0.821604
4 0.533594 0.108333 0.0140625 0.0472222 0.843591
