4 0.505859 0.0597222 0.0179687 0.0472222 0.250325
3 0.660156 0.261806 0.0609375 0.159722 0.281259
3 0.978906 0.2875 0.0421875 0.158333 0.305047
10 0.603516 0.709722 0.0367187 0.15 0.315283
6 0.0472656 0.925694 0.0539063 0.106944 0.318952
10 0.424609 0.355556 0.0132813 0.0444444 0.352536
1 0.658594 0.260417 0.059375 0.1625 0.361573
7 0.497656 0.746528 0.04375 0.159722 0.362449
4 0.423438 0.205556 0.0125 0.0416667 0.414082
4 0.560547 0.0569444 0.0179687 0.0444444 0.427609
10 0.397656 0.353472 0.015625 0.0486111 0.433196
11 0.592188 0.802083 0.0484375 0.159722 0.475855
11 0.233203 0.883333 0.0570313 0.175 0.497839
4 0.451172 0.156944 0.0148437 0.0472222 0.592079
4 0.560938 0.109722 0.015625 0.0472222 0.731325
4 0.45 0.109722 0.0140625 0.05 0.740699
8 0.590625 0.804861 0.0453125 0.156944 0.808481
4 0.395703 0.158333 0.0148437 0.0527778 0.811997
4 0.5875 0.109722 0.015625 0.0472222 0.844776
4 0.533984 0.109722 0.0148437 0.0472222 0.879453
