12 0.199219 0.853472 0.0375 0.101389 0.260507
10 0.450391 0.348611 0.0179687 0.0527778 0.321194
4 0.942187 0.930556 0.028125 0.0472222 0.330264
4 0.759375 0.0347222 0.0171875 0.0638889 0.330334
4 0.423438 0.205556 0.0125 0.0444444 0.346549
10 0.218359 0.357639 0.0210938 0.0847222 0.364069
6 0.0515625 0.929861 0.046875 0.101389 0.369606
3 0.746484 0.213889 0.0570313 0.202778 0.383341
10 0.458203 0.749306 0.0382813 0.118056 0.397753
10 0.604688 0.7 0.03125 0.127778 0.40337
10 0.469531 0.646528 0.0265625 0.0791667 0.410058
4 0.844922 0.886806 0.0273438 0.0430556 0.472933
3 0.758984 0.0604167 0.0210938 0.0902778 0.491629
11 0.651563 0.727778 0.03125 0.0944444 0.521426
4 0.451172 0.15625 0.0148437 0.0486111 0.539408
10 0.396875 0.353472 0.015625 0.0486111 0.551924
3 0.98125 0.283333 0.0375 0.163889 0.556678
10 0.437109 0.665278 0.0320312 0.116667 0.655119
4 0.450781 0.0576389 0.0171875 0.0430556 0.68502
4 0.560547 0.10625 0.0148437 0.0486111 0.69416
11 0.590234 0.808333 0.0476562 0.158333 0.70609
4 0.450781 0.107639 0.0140625 0.0513889 0.745933
4 0.587109 0.109028 0.0148437 0.0513889 0.78039
4 0.395703 0.157639 0.0148437 0.0541667 0.809117
4 0.533203 0.108333 0.0148437 0.0472222 0.832461
