3 0.761719 0.0923611 0.0390625 0.151389 0.253352
4 0.473437 0.0180556 0.0171875 0.025 0.259377
1 0.507031 0.0555556 0.01875 0.0583333 0.261411
4 0.678906 0.0236111 0.0171875 0.0388889 0.26211
4 0.945312 0.932639 0.025 0.0430556 0.275293
4 0.754687 0.0368056 0.021875 0.0652778 0.278269
1 0.505859 0.254167 0.0179687 0.0444444 0.281969
1 0.657422 0.244444 0.0601562 0.183333 0.300061
4 0.414453 0.0180556 0.0164062 0.0361111 0.304845
7 0.645312 0.719444 0.03125 0.122222 0.309644
11 0.644141 0.718056 0.0351562 0.125 0.340289
10 0.423828 0.357639 0.0132813 0.0458333 0.390572
4 0.397266 0.0604167 0.0164062 0.106944 0.420379
4 0.450391 0.0597222 0.0148437 0.0527778 0.467704
11 0.584375 0.80625 0.0453125 0.151389 0.502203
9 0.694141 0.636111 0.0335938 0.105556 0.53526
10 0.397266 0.354167 0.0148437 0.0555556 0.565574
12 0.694531 0.636111 0.034375 0.102778 0.601699
4 0.451172 0.157639 0.0164062 0.0486111 0.611564
4 0.560938 0.106944 0.015625 0.0472222 0.630365
4 0.450391 0.107639 0.0148437 0.0486111 0.701692
4 0.844531 0.883333 0.025 0.0388889 0.702198
4 0.587891 0.109028 0.0164062 0.0486111 0.821093
4 0.423438 0.108333 0.015625 0.05 0.84256
4 0.396094 0.110417 0.015625 0.0458333 0.844054
4 0.533594 0.108333 0.015625 0.0472222 0.877017
