3 0.786719 0.570833 0.0578125 0.133333 0.252287
4 0.560156 0.0590278 0.01875 0.0486111 0.29148
1 0.533984 0.204861 0.0179687 0.0541667 0.2969
4 0.419141 0.01875 0.0164062 0.0319444 0.309605
3 0.760938 0.0590278 0.03125 0.106944 0.357109
1 0.472656 0.0208333 0.0203125 0.0277778 0.362465
6 0.761328 0.0604167 0.0304688 0.106944 0.392432
10 0.00859375 0.245833 0.015625 0.15 0.409432
6 0.722266 0.025 0.0304688 0.0444444 0.428295
3 0.971094 0.289583 0.053125 0.1625 0.431231
10 0.520703 0.7125 0.0273438 0.0888889 0.446393
11 0.590234 0.807639 0.0429688 0.151389 0.464006
4 0.396094 0.0381944 0.01875 0.0652778 0.483629
4 0.423828 0.20625 0.0148437 0.0458333 0.487569
1 0.477344 0.202083 0.0171875 0.0458333 0.492549
1 0.785547 0.567361 0.0585938 0.126389 0.615601
4 0.450391 0.159722 0.0148437 0.0472222 0.617502
11 0.489844 0.754861 0.034375 0.123611 0.629577
10 0.396875 0.354167 0.015625 0.0472222 0.647346
4 0.844141 0.882639 0.0242187 0.0375 0.650696
4 0.450391 0.109722 0.0148437 0.05 0.733473
4 0.560547 0.106944 0.0164062 0.05 0.749522
4 0.395703 0.109722 0.0148437 0.05 0.767296
4 0.587891 0.109722 0.0164062 0.05 0.82274
4 0.533984 0.108333 0.0148437 0.05 0.848151
