10 0.561328 0.354861 0.0148437 0.0513889 0.250164
3 0.825781 0.532639 0.05 0.170833 0.261525
10 0.424219 0.354167 0.0140625 0.0472222 0.274807
3 0.978906 0.286111 0.0421875 0.177778 0.300954
6 0.0238281 0.933333 0.0335938 0.0805556 0.302561
1 0.654688 0.175 0.0421875 0.122222 0.310597
3 0.772266 0.0583333 0.0320312 0.105556 0.320138
4 0.423438 0.205556 0.0125 0.0444444 0.321456
1 0.650781 0.249306 0.0515625 0.1625 0.358349
4 0.683203 0.0277778 0.0195312 0.0444444 0.359209
4 0.944531 0.931944 0.0234375 0.0444444 0.380289
10 0.450781 0.349306 0.0171875 0.0513889 0.400172
4 0.745703 0.921528 0.0210938 0.0486111 0.400455
11 0.651172 0.727778 0.0304688 0.0944444 0.410698
11 0.589063 0.800694 0.046875 0.1625 0.425747
10 0.610547 0.722917 0.0289063 0.0986111 0.435838
4 0.451172 0.350694 0.0164062 0.0513889 0.43814
12 0.201172 0.852083 0.0414063 0.101389 0.555864
10 0.397656 0.352778 0.015625 0.05 0.567033
6 0.0417969 0.93125 0.0382813 0.0847222 0.581036
4 0.450781 0.0576389 0.0171875 0.0402778 0.627181
4 0.560547 0.10625 0.0148437 0.0486111 0.655005
10 0.492188 0.75625 0.0328125 0.118056 0.658267
4 0.844531 0.886111 0.0265625 0.0416667 0.666359
4 0.451953 0.156944 0.0148437 0.0472222 0.684628
4 0.587109 0.109028 0.0148437 0.0513889 0.752832
4 0.450781 0.107639 0.0140625 0.0513889 0.759019
4 0.533594 0.108333 0.0140625 0.0472222 0.804893
4 0.396094 0.158333 0.0140625 0.0527778 0.808648
8 0.590625 0.80625 0.0453125 0.156944 0.847004
