12 0.407031 0.682639 0.040625 0.145833 0.262511
10 0.0125 0.247222 0.025 0.163889 0.274006
11 0.532812 0.775 0.0328125 0.105556 0.274211
10 0.533203 0.776389 0.0320312 0.0972222 0.280064
3 0.507812 0.355556 0.0203125 0.0472222 0.291855
7 0.492578 0.758333 0.0351562 0.119444 0.302696
4 0.533594 0.204167 0.015625 0.05 0.323603
10 0.423438 0.356944 0.0140625 0.0416667 0.376832
4 0.845312 0.883333 0.025 0.0388889 0.382056
9 0.404297 0.692361 0.0414063 0.154167 0.383711
4 0.397656 0.0631944 0.015625 0.104167 0.385002
4 0.451562 0.156944 0.015625 0.0472222 0.443533
4 0.560547 0.0569444 0.0195312 0.0444444 0.491427
1 0.533984 0.124306 0.0164062 0.0736111 0.548813
11 0.591797 0.809028 0.0445312 0.148611 0.575765
10 0.396875 0.354167 0.015625 0.05 0.580988
3 0.979297 0.288889 0.0398437 0.163889 0.68497
4 0.450391 0.108333 0.0148437 0.0472222 0.725384
4 0.560547 0.106944 0.0148437 0.05 0.725453
11 0.492188 0.757639 0.0328125 0.123611 0.727081
4 0.533203 0.109722 0.0148437 0.0527778 0.750055
4 0.5875 0.109722 0.015625 0.05 0.815388
4 0.396484 0.111806 0.0148437 0.0486111 0.815882
4 0.423438 0.106944 0.015625 0.05 0.818247
