1 0.533984 0.204861 0.0195312 0.0569444 0.258437
3 0.508594 0.352083 0.0203125 0.0486111 0.267154
6 0.0363281 0.918056 0.0429688 0.102778 0.274216
4 0.411719 0.0194444 0.015625 0.0361111 0.281261
9 0.403906 0.691667 0.04375 0.147222 0.282181
10 0.00742187 0.244444 0.0148437 0.152778 0.293082
3 0.96875 0.304167 0.0515625 0.136111 0.314191
6 0.719531 0.0277778 0.0296875 0.0388889 0.314563
4 0.417188 0.01875 0.015625 0.0319444 0.354656
10 0.396875 0.354167 0.015625 0.05 0.366558
4 0.560156 0.0569444 0.01875 0.05 0.375798
1 0.476953 0.203472 0.0164062 0.0430556 0.399434
3 0.651563 0.255556 0.053125 0.166667 0.516732
4 0.396875 0.04375 0.0171875 0.0625 0.525617
4 0.844922 0.884722 0.0242187 0.0388889 0.537329
11 0.588672 0.809028 0.0429688 0.148611 0.592435
4 0.450781 0.160417 0.015625 0.0458333 0.715808
4 0.560938 0.106944 0.015625 0.05 0.721424
11 0.489453 0.754167 0.0351562 0.127778 0.755738
4 0.45 0.107639 0.0140625 0.0458333 0.770712
4 0.423047 0.106944 0.0148437 0.05 0.813812
4 0.396094 0.109722 0.015625 0.0472222 0.823402
4 0.5875 0.109028 0.015625 0.0486111 0.824996
4 0.533594 0.108333 0.0140625 0.05 0.854015
