10 0.41875 0.01875 0.0171875 0.0347222 0.25094
10 0.423828 0.35625 0.0132813 0.0458333 0.270517
4 0.450391 0.0625 0.0164062 0.0638889 0.340222
3 0.961328 0.13125 0.0585938 0.2125 0.426879
4 0.450781 0.158333 0.0171875 0.05 0.445186
7 0.651563 0.719444 0.0359375 0.122222 0.457933
11 0.591406 0.809028 0.0453125 0.145833 0.500569
4 0.397266 0.0590278 0.0179687 0.0958333 0.508673
4 0.50625 0.0583333 0.0203125 0.0527778 0.593103
10 0.396875 0.354167 0.015625 0.0555556 0.631543
1 0.533984 0.130556 0.0195312 0.0833333 0.633458
4 0.450391 0.109028 0.0164062 0.0513889 0.659899
4 0.533203 0.1125 0.0164062 0.0555556 0.672082
4 0.560547 0.106944 0.0164062 0.0527778 0.725117
4 0.5875 0.109028 0.0171875 0.0513889 0.774657
4 0.396094 0.110417 0.015625 0.0486111 0.781197
4 0.423438 0.108333 0.015625 0.05 0.837807
