1 0.533594 0.204167 0.0171875 0.0527778 0.268379
11 0.253906 0.888889 0.06875 0.172222 0.299476
9 0.404297 0.695139 0.0414063 0.148611 0.307753
1 0.473047 0.0208333 0.0210938 0.0277778 0.308325
3 0.508594 0.352083 0.0203125 0.0486111 0.310959
10 0.521484 0.713194 0.0289063 0.0902778 0.315874
4 0.397266 0.0631944 0.0164062 0.109722 0.333808
1 0.477344 0.201389 0.0171875 0.0472222 0.351988
4 0.560156 0.0583333 0.01875 0.0472222 0.368874
6 0.762109 0.0597222 0.0304688 0.105556 0.378048
4 0.423828 0.20625 0.0132813 0.0458333 0.395435
3 0.761719 0.0576389 0.0296875 0.104167 0.450695
6 0.721875 0.0256944 0.0296875 0.0430556 0.458944
11 0.590625 0.808333 0.04375 0.152778 0.516655
4 0.844141 0.883333 0.0242187 0.0388889 0.5417
10 0.397266 0.354167 0.0164062 0.05 0.576868
3 0.976172 0.2875 0.0476562 0.163889 0.622347
4 0.450781 0.161111 0.0140625 0.0472222 0.622547
1 0.784375 0.567361 0.0578125 0.126389 0.627863
4 0.560938 0.106944 0.015625 0.05 0.68154
4 0.45 0.109028 0.0140625 0.0513889 0.713995
11 0.490625 0.756944 0.034375 0.125 0.7392
4 0.396094 0.109722 0.015625 0.05 0.797486
4 0.5875 0.109722 0.015625 0.05 0.816534
4 0.533984 0.109028 0.0148437 0.0486111 0.824212
