4 0.559766 0.0576389 0.0179687 0.0458333 0.265936
4 0.944531 0.931944 0.025 0.0444444 0.266991
3 0.957812 0.1 0.0578125 0.169444 0.314311
11 0.491406 0.759722 0.0328125 0.119444 0.333204
4 0.845312 0.885417 0.0265625 0.0402778 0.334146
3 0.764063 0.176389 0.0515625 0.177778 0.345152
8 0.592578 0.811111 0.0414063 0.158333 0.370751
4 0.423438 0.205556 0.0125 0.0416667 0.384833
4 0.451172 0.15625 0.0148437 0.0486111 0.39985
10 0.397266 0.354167 0.0148437 0.05 0.401746
10 0.60625 0.709028 0.0328125 0.134722 0.406778
10 0.491406 0.760417 0.0328125 0.118056 0.407707
3 0.505859 0.0597222 0.0179687 0.0444444 0.411694
10 0.434766 0.707639 0.0351562 0.120833 0.417149
11 0.234375 0.881944 0.059375 0.175 0.420398
3 0.661328 0.260417 0.0632813 0.1625 0.42636
3 0.772656 0.0777778 0.0390625 0.138889 0.457928
11 0.591016 0.808333 0.0445312 0.152778 0.603651
4 0.560547 0.109722 0.0148437 0.0472222 0.718115
4 0.450391 0.110417 0.0148437 0.0513889 0.719138
10 0.217187 0.361111 0.0203125 0.0888889 0.74968
4 0.395703 0.158333 0.0148437 0.0527778 0.84104
4 0.5875 0.109028 0.015625 0.0486111 0.845578
4 0.533984 0.109722 0.0148437 0.0472222 0.88357
