11 0.248047 0.888194 0.0664062 0.176389 0.275175
10 0.449609 0.347917 0.0179687 0.0513889 0.275334
4 0.844531 0.884722 0.0265625 0.0388889 0.288073
10 0.21875 0.359722 0.021875 0.0833333 0.307552
4 0.941797 0.930556 0.0289063 0.05 0.319618
11 0.591797 0.804167 0.0476562 0.155556 0.323341
1 0.0492188 0.0805556 0.06875 0.155556 0.34105
3 0.978516 0.289583 0.0414063 0.151389 0.407639
10 0.469141 0.645833 0.0273438 0.0805556 0.412993
4 0.423438 0.205556 0.0125 0.0444444 0.454699
1 0.649609 0.236806 0.0507812 0.195833 0.458053
10 0.436328 0.704167 0.0382813 0.130556 0.495701
10 0.396875 0.352778 0.015625 0.05 0.49873
4 0.505078 0.0597222 0.0179687 0.0472222 0.590292
4 0.560156 0.107639 0.015625 0.0486111 0.726723
4 0.45 0.107639 0.0140625 0.0486111 0.740751
4 0.5875 0.107639 0.015625 0.0486111 0.745654
8 0.590234 0.806944 0.0460938 0.155556 0.751353
4 0.450781 0.157639 0.015625 0.0486111 0.751652
4 0.395703 0.158333 0.0148437 0.0527778 0.822008
4 0.533203 0.109028 0.0164062 0.0486111 0.870066
