8 0.592578 0.809722 0.0429688 0.161111 0.265999
4 0.941797 0.929861 0.0289063 0.0486111 0.279958
3 0.661719 0.260417 0.0625 0.159722 0.295329
10 0.603516 0.702083 0.0320312 0.1375 0.322331
4 0.845312 0.884722 0.0265625 0.0388889 0.328708
3 0.771484 0.08125 0.0445312 0.143056 0.345443
4 0.423438 0.205556 0.0125 0.0416667 0.368505
4 0.451562 0.15625 0.015625 0.0486111 0.380105
11 0.434375 0.711111 0.0328125 0.113889 0.422003
11 0.235938 0.883333 0.0609375 0.177778 0.430789
3 0.50625 0.0597222 0.0171875 0.0444444 0.436699
11 0.491016 0.759722 0.0320312 0.122222 0.43842
11 0.590625 0.807639 0.0453125 0.154167 0.529701
10 0.21875 0.356944 0.0203125 0.0805556 0.581781
10 0.469531 0.643056 0.028125 0.0833333 0.615313
10 0.434375 0.707639 0.0328125 0.118056 0.663389
4 0.560938 0.109722 0.015625 0.0472222 0.701414
4 0.450391 0.109722 0.0148437 0.0527778 0.718837
4 0.396094 0.157639 0.015625 0.0541667 0.834019
4 0.5875 0.109028 0.015625 0.0486111 0.848384
4 0.533984 0.109722 0.0148437 0.0472222 0.883489
