10 0.699219 0.640972 0.03125 0.1125 0.258174
4 0.559766 0.0590278 0.0195312 0.0486111 0.2674
1 0.533984 0.204167 0.0195312 0.0555556 0.276961
3 0.762891 0.0423611 0.0242187 0.0736111 0.292449
11 0.590625 0.807639 0.0421875 0.156944 0.292859
3 0.975 0.247222 0.040625 0.119444 0.348511
4 0.845312 0.886806 0.0265625 0.0430556 0.372838
4 0.505859 0.0597222 0.0179687 0.05 0.400089
10 0.620313 0.75625 0.034375 0.134722 0.410444
3 0.978125 0.292361 0.0421875 0.143056 0.441826
4 0.451172 0.157639 0.0148437 0.0458333 0.49886
10 0.396484 0.354167 0.0148437 0.05 0.565904
8 0.592578 0.811111 0.0414063 0.158333 0.624202
11 0.492188 0.756944 0.034375 0.127778 0.711061
4 0.560547 0.108333 0.0164062 0.05 0.743835
4 0.45 0.108333 0.0140625 0.0472222 0.746952
10 0.469531 0.644444 0.028125 0.0833333 0.801891
4 0.395703 0.110417 0.0148437 0.0513889 0.813978
4 0.5875 0.109722 0.015625 0.05 0.832142
4 0.533594 0.109722 0.015625 0.0472222 0.879198
