10 0.00976562 0.25 0.0179687 0.158333 0.259646
10 0.534375 0.241667 0.015625 0.0638889 0.261911
7 0.492969 0.760417 0.0359375 0.118056 0.262068
11 0.533203 0.775694 0.0351562 0.1125 0.304945
4 0.512891 0.0243056 0.0195312 0.0208333 0.314085
3 0.507812 0.354861 0.0203125 0.0458333 0.327229
9 0.406641 0.688889 0.0460938 0.158333 0.328732
4 0.397656 0.0680556 0.015625 0.108333 0.333335
4 0.560156 0.05625 0.01875 0.0430556 0.343014
4 0.533594 0.204167 0.015625 0.05 0.353427
10 0.533203 0.776389 0.0335938 0.1 0.362794
10 0.423828 0.356944 0.0132813 0.0416667 0.390551
4 0.844922 0.892361 0.0304688 0.0569444 0.441239
1 0.533984 0.122917 0.0164062 0.0708333 0.466619
10 0.397266 0.354167 0.0148437 0.05 0.611072
11 0.592578 0.810417 0.0476562 0.151389 0.626593
11 0.492969 0.759028 0.034375 0.126389 0.627874
4 0.451172 0.157639 0.0164062 0.0486111 0.652454
4 0.560547 0.107639 0.0148437 0.0486111 0.7267
4 0.450391 0.108333 0.0148437 0.0472222 0.749935
3 0.973047 0.503472 0.0492188 0.170833 0.76312
4 0.533203 0.109722 0.0148437 0.0527778 0.799695
4 0.587109 0.111111 0.0148437 0.0527778 0.801418
4 0.396484 0.111111 0.0148437 0.05 0.804738
4 0.423047 0.107639 0.0148437 0.0513889 0.813057
