10 0.416797 0.0159722 0.0164062 0.0319444 0.253874
1 0.840625 0.595139 0.071875 0.126389 0.262464
4 0.944922 0.931944 0.0242187 0.0444444 0.269464
10 0.419531 0.711806 0.0390625 0.134722 0.277657
10 0.561719 0.375694 0.01875 0.0791667 0.284728
10 0.505859 0.254861 0.0148437 0.0375 0.28587
4 0.745313 0.919444 0.021875 0.05 0.298049
8 0.594141 0.802778 0.0507812 0.155556 0.300288
10 0.521094 0.665278 0.0328125 0.116667 0.316021
4 0.534375 0.0513889 0.0171875 0.05 0.318255
4 0.505859 0.20625 0.0132813 0.0402778 0.358998
4 0.559766 0.05625 0.0179687 0.0402778 0.37705
1 0.476953 0.0409722 0.0195312 0.0625 0.382513
4 0.533203 0.111806 0.0148437 0.0569444 0.383432
4 0.397266 0.0611111 0.0164062 0.102778 0.392582
1 0.450391 0.158333 0.0179687 0.0416667 0.396438
3 0.449609 0.15625 0.0179687 0.0430556 0.398862
11 0.596094 0.798611 0.0484375 0.158333 0.40364
10 0.423828 0.356944 0.0132813 0.0472222 0.40378
10 0.396484 0.354861 0.0148437 0.0541667 0.502167
6 0.720703 0.0284722 0.0382813 0.0486111 0.524334
11 0.644141 0.726389 0.0429688 0.138889 0.535262
1 0.961328 0.103472 0.0585938 0.176389 0.558034
4 0.45 0.111111 0.015625 0.0527778 0.563828
10 0.477734 0.376389 0.0195312 0.0777778 0.613777
1 0.533203 0.131944 0.0179687 0.0777778 0.643957
4 0.843359 0.885417 0.0257812 0.0402778 0.692424
4 0.560547 0.109028 0.0148437 0.0486111 0.74771
4 0.396484 0.110417 0.0148437 0.0486111 0.78551
4 0.5875 0.109028 0.015625 0.0486111 0.809157
4 0.423438 0.107639 0.015625 0.0486111 0.830949
4 0.477734 0.107639 0.0164062 0.0513889 0.832373
