11 0.532812 0.776389 0.0328125 0.1 0.254413
3 0.962891 0.134722 0.0570313 0.216667 0.260116
4 0.560156 0.0576389 0.01875 0.0430556 0.284457
10 0.647266 0.720139 0.0351562 0.1125 0.340213
4 0.45 0.0611111 0.015625 0.0611111 0.360233
4 0.397266 0.0590278 0.0164062 0.0958333 0.493317
4 0.451172 0.157639 0.0164062 0.0486111 0.525818
3 0.662891 0.252778 0.0695312 0.177778 0.548223
4 0.533203 0.110417 0.0148437 0.0569444 0.611415
10 0.396875 0.354167 0.015625 0.0527778 0.636155
4 0.45 0.108333 0.015625 0.05 0.638085
1 0.533594 0.131944 0.01875 0.0861111 0.740762
4 0.560547 0.10625 0.0148437 0.0513889 0.750937
4 0.396484 0.111111 0.0148437 0.05 0.78094
11 0.591016 0.810417 0.0460938 0.151389 0.792027
4 0.587891 0.108333 0.0164062 0.05 0.81991
4 0.423438 0.108333 0.015625 0.05 0.834249
