3 0.776563 0.0555556 0.0265625 0.0972222 0.259898
4 0.45 0.0840278 0.015625 0.0763889 0.268627
4 0.449609 0.0618056 0.0148437 0.0541667 0.273913
4 0.417188 0.0180556 0.0171875 0.0333333 0.276811
1 0.50625 0.0555556 0.0171875 0.0555556 0.280826
4 0.559766 0.0576389 0.0179687 0.0458333 0.290433
3 0.760547 0.05 0.0257812 0.0916667 0.302078
10 0.416797 0.0173611 0.0164062 0.0347222 0.319868
10 0.423438 0.357639 0.0125 0.0458333 0.325211
3 0.505859 0.253472 0.0195312 0.0486111 0.333137
6 0.757422 0.0347222 0.0226563 0.0611111 0.346653
11 0.416016 0.717361 0.0429688 0.145833 0.361737
10 0.397266 0.354861 0.0148437 0.0541667 0.36194
1 0.476953 0.0451389 0.0179687 0.0541667 0.398283
4 0.397656 0.05625 0.0171875 0.0986111 0.501271
4 0.506641 0.0569444 0.0164062 0.05 0.508532
11 0.642578 0.73125 0.0429688 0.143056 0.579754
4 0.451172 0.156944 0.0164062 0.0472222 0.583482
3 0.655859 0.253472 0.0617188 0.179167 0.588278
3 0.885156 0.265972 0.0546875 0.201389 0.647488
4 0.560547 0.108333 0.0148437 0.0472222 0.742432
8 0.587891 0.806944 0.0429688 0.15 0.758983
4 0.45 0.108333 0.015625 0.0472222 0.778848
4 0.396094 0.110417 0.015625 0.0458333 0.796184
4 0.5875 0.109028 0.015625 0.0486111 0.830369
4 0.423438 0.107639 0.015625 0.0486111 0.840506
4 0.533594 0.109028 0.015625 0.0486111 0.871611
