11 0.529688 0.777778 0.0328125 0.102778 0.274256
4 0.745313 0.920833 0.0203125 0.05 0.285273
4 0.410937 0.0201389 0.015625 0.0375 0.294546
4 0.560156 0.0569444 0.01875 0.0444444 0.312619
1 0.757422 0.0909722 0.0226563 0.104167 0.320988
4 0.450391 0.0611111 0.0148437 0.0555556 0.343056
4 0.417578 0.0194444 0.0164062 0.0333333 0.364979
4 0.683594 0.0284722 0.01875 0.0458333 0.37312
1 0.821484 0.59375 0.0523437 0.123611 0.466077
10 0.397266 0.355556 0.0148437 0.05 0.490983
4 0.396875 0.0430556 0.0171875 0.0638889 0.586667
4 0.451953 0.157639 0.0164062 0.0486111 0.601414
8 0.588672 0.809028 0.0445312 0.148611 0.626068
4 0.450391 0.107639 0.0148437 0.0486111 0.632286
4 0.533203 0.109722 0.0148437 0.0555556 0.661056
1 0.533594 0.13125 0.01875 0.0847222 0.686056
4 0.560938 0.107639 0.015625 0.0513889 0.69162
10 0.529688 0.778472 0.0296875 0.0902778 0.719652
4 0.423438 0.106944 0.015625 0.05 0.778185
4 0.396094 0.110417 0.015625 0.0458333 0.790717
4 0.587891 0.109028 0.0164062 0.0513889 0.80935
