1 0.474219 0.0194444 0.0203125 0.0277778 0.251023
11 0.528125 0.778472 0.03125 0.0986111 0.252084
3 0.508203 0.355556 0.0195312 0.0472222 0.259771
4 0.745703 0.919444 0.0210938 0.05 0.279854
4 0.533594 0.202778 0.015625 0.0527778 0.289569
4 0.416406 0.01875 0.015625 0.0319444 0.291386
4 0.560156 0.0569444 0.01875 0.0444444 0.29471
1 0.533984 0.122222 0.0164062 0.0694444 0.301755
1 0.756641 0.0888889 0.0242187 0.111111 0.3105
10 0.396875 0.354861 0.015625 0.0513889 0.449903
4 0.397656 0.0395833 0.01875 0.0680556 0.476694
11 0.587891 0.809028 0.0445312 0.151389 0.613644
4 0.451953 0.157639 0.0164062 0.0458333 0.641098
4 0.450391 0.108333 0.0148437 0.0472222 0.703036
4 0.560938 0.106944 0.015625 0.05 0.709058
1 0.824609 0.593056 0.0523437 0.130556 0.714613
11 0.488281 0.755556 0.0375 0.127778 0.727838
10 0.528906 0.778472 0.0296875 0.0930556 0.767784
4 0.396875 0.110417 0.0140625 0.0486111 0.782776
4 0.423828 0.106944 0.0148437 0.05 0.784325
4 0.533203 0.109722 0.0148437 0.0527778 0.786297
4 0.587891 0.108333 0.0164062 0.05 0.811091
