10 0.533984 0.359028 0.0148437 0.0430556 0.26012
10 0.533203 0.775694 0.0320312 0.0986111 0.282962
10 0.0125 0.246528 0.025 0.1625 0.28415
3 0.978906 0.286111 0.0421875 0.169444 0.285301
11 0.532422 0.772917 0.0335938 0.104167 0.30724
3 0.507812 0.355556 0.0203125 0.0472222 0.32903
7 0.492578 0.758333 0.0351562 0.119444 0.342159
4 0.533594 0.204167 0.015625 0.05 0.344884
10 0.423438 0.356944 0.0140625 0.0416667 0.352497
3 0.973828 0.240972 0.0445312 0.115278 0.362154
4 0.844922 0.883333 0.0242187 0.0388889 0.38579
9 0.404297 0.693056 0.0414063 0.152778 0.40591
4 0.396875 0.0388889 0.01875 0.0666667 0.427124
4 0.451953 0.156944 0.0164062 0.0472222 0.483415
4 0.560156 0.0569444 0.01875 0.0444444 0.497225
10 0.396875 0.354167 0.015625 0.05 0.546011
1 0.533984 0.124306 0.0164062 0.0736111 0.568731
11 0.591797 0.809028 0.0445312 0.148611 0.572146
4 0.560938 0.107639 0.015625 0.0486111 0.726442
11 0.492188 0.757639 0.0328125 0.123611 0.727019
4 0.450391 0.109028 0.0148437 0.0486111 0.729838
4 0.533203 0.109722 0.0148437 0.0527778 0.74331
4 0.396094 0.111806 0.0140625 0.0486111 0.805631
4 0.423438 0.107639 0.015625 0.0513889 0.822304
4 0.5875 0.109722 0.015625 0.05 0.825838
