1 0.778125 0.5625 0.05 0.136111 0.250378
6 0.00664063 0.19375 0.0117188 0.0986111 0.267669
1 0.476953 0.202778 0.0148437 0.0444444 0.268847
3 0.776953 0.567361 0.0445312 0.134722 0.288945
3 0.508203 0.354167 0.0195312 0.0472222 0.29167
3 0.766016 0.0493056 0.0273438 0.0902778 0.345322
4 0.559766 0.05625 0.0195312 0.0458333 0.402028
4 0.397266 0.0381944 0.0179687 0.0680556 0.437239
3 0.655859 0.248611 0.0648438 0.183333 0.496867
4 0.844922 0.884722 0.0257812 0.0388889 0.526996
10 0.396875 0.354167 0.015625 0.05 0.53253
11 0.589453 0.809722 0.0429688 0.147222 0.646271
4 0.451172 0.160417 0.0148437 0.0430556 0.653229
11 0.489844 0.753472 0.0359375 0.126389 0.721736
4 0.560547 0.106944 0.0164062 0.05 0.722986
4 0.450391 0.107639 0.0148437 0.0458333 0.781334
4 0.396875 0.110417 0.0140625 0.0486111 0.787512
4 0.423828 0.106944 0.0148437 0.05 0.793002
4 0.5875 0.108333 0.015625 0.05 0.8114
4 0.533594 0.109028 0.0140625 0.0486111 0.856622
