10 0.418359 0.0173611 0.0164062 0.0347222 0.261591
10 0.424609 0.357639 0.0132813 0.0402778 0.273081
4 0.560156 0.0569444 0.01875 0.0444444 0.292911
4 0.683203 0.0298611 0.0179687 0.0486111 0.298382
1 0.473437 0.0208333 0.0203125 0.0277778 0.317177
1 0.533594 0.126389 0.0171875 0.0722222 0.444686
4 0.397656 0.0569444 0.0171875 0.1 0.459236
8 0.590625 0.811111 0.0421875 0.152778 0.462394
10 0.534766 0.357639 0.0148437 0.0430556 0.465092
10 0.397656 0.354861 0.015625 0.0486111 0.522466
4 0.451953 0.158333 0.0164062 0.0472222 0.587444
4 0.560547 0.106944 0.0148437 0.05 0.64328
10 0.530469 0.777778 0.0296875 0.0916667 0.701593
4 0.844531 0.885417 0.0234375 0.0402778 0.704168
4 0.450391 0.108333 0.0148437 0.0472222 0.726226
11 0.489453 0.754861 0.0367187 0.123611 0.727679
4 0.5875 0.108333 0.015625 0.05 0.757143
4 0.533203 0.109722 0.0148437 0.0527778 0.781524
4 0.423828 0.107639 0.0148437 0.0513889 0.795403
4 0.396484 0.111111 0.0148437 0.0472222 0.802469
3 0.964063 0.495139 0.0671875 0.193056 0.891419
