1 0.560156 0.103472 0.0171875 0.0541667 0.254413
11 0.575781 0.825694 0.053125 0.140278 0.263782
6 0.844141 0.888889 0.0257812 0.0472222 0.278446
4 0.751172 0.91875 0.0195312 0.0486111 0.278696
9 0.655078 0.715278 0.0398437 0.125 0.291669
4 0.944922 0.931944 0.0242187 0.0444444 0.377108
6 0.895312 0.89375 0.0375 0.0541667 0.38014
6 0.717969 0.0277778 0.0390625 0.05 0.416163
4 0.397656 0.0583333 0.0171875 0.108333 0.424439
4 0.559766 0.0590278 0.0179687 0.0430556 0.437515
10 0.423438 0.380556 0.0234375 0.0972222 0.461025
8 0.478125 0.377083 0.021875 0.0847222 0.466812
3 0.661328 0.248611 0.0664062 0.186111 0.495025
4 0.587891 0.0569444 0.0179687 0.0444444 0.531114
10 0.477734 0.375694 0.0195312 0.0819444 0.602675
4 0.84375 0.884722 0.0234375 0.0388889 0.619732
2 0.661719 0.252778 0.06875 0.180556 0.619928
1 0.959766 0.1 0.0554687 0.163889 0.682459
4 0.560938 0.109722 0.015625 0.05 0.76994
10 0.533984 0.382639 0.0210938 0.0791667 0.817845
4 0.396094 0.110417 0.0171875 0.0458333 0.819288
4 0.5875 0.109722 0.0171875 0.05 0.829394
4 0.450391 0.107639 0.0179687 0.0486111 0.82997
4 0.423047 0.109028 0.0179687 0.0513889 0.834809
4 0.533594 0.110417 0.015625 0.0486111 0.85857
4 0.477344 0.109722 0.0171875 0.05 0.871604
