4 0.450391 0.35 0.0164062 0.05 0.265423
10 0.423438 0.352778 0.015625 0.0472222 0.287068
4 0.683594 0.0284722 0.0171875 0.0402778 0.317872
4 0.942578 0.929861 0.0273438 0.0486111 0.319833
10 0.00859375 0.245833 0.015625 0.158333 0.320903
10 0.450391 0.348611 0.0179687 0.05 0.332091
3 0.984766 0.277083 0.0304688 0.1625 0.367119
1 0.648047 0.245833 0.0507812 0.175 0.391568
4 0.845312 0.886111 0.028125 0.0416667 0.474594
4 0.423047 0.209028 0.0148437 0.0597222 0.476075
3 0.771484 0.0569444 0.0414063 0.105556 0.477949
6 0.0515625 0.93125 0.0453125 0.0958333 0.490839
11 0.591016 0.802083 0.0460938 0.159722 0.492003
4 0.451172 0.15625 0.0148437 0.0486111 0.492189
4 0.45 0.0576389 0.0171875 0.0402778 0.657557
4 0.602734 0.697222 0.0304688 0.130556 0.661594
10 0.396484 0.353472 0.0164062 0.0486111 0.696312
8 0.589844 0.804167 0.0453125 0.155556 0.717028
4 0.560547 0.10625 0.0148437 0.0486111 0.723082
4 0.450391 0.108333 0.0148437 0.05 0.742476
4 0.587109 0.109028 0.0148437 0.0513889 0.783352
4 0.395703 0.158333 0.0148437 0.0527778 0.807176
4 0.533203 0.108333 0.0148437 0.0472222 0.825888
