2 0.657422 0.254167 0.0648438 0.177778 0.255047
1 0.958594 0.111111 0.0546875 0.186111 0.267656
3 0.713281 0.105556 0.0484375 0.169444 0.269399
3 0.505859 0.254861 0.0179687 0.0458333 0.273722
4 0.505859 0.0576389 0.0195312 0.0569444 0.274142
3 0.533984 0.153472 0.0195312 0.0458333 0.282767
10 0.423438 0.358333 0.0125 0.0472222 0.287097
4 0.417578 0.0194444 0.0179687 0.0361111 0.313563
3 0.758203 0.05625 0.0242187 0.106944 0.321205
10 0.231641 0.863889 0.0414063 0.144444 0.339002
10 0.414453 0.718056 0.0445312 0.158333 0.343012
11 0.526172 0.760417 0.0351562 0.131944 0.343845
4 0.451172 0.157639 0.0164062 0.0486111 0.486629
4 0.45 0.106944 0.015625 0.05 0.505694
4 0.397266 0.05625 0.0179687 0.0986111 0.513423
10 0.526953 0.759028 0.0335938 0.131944 0.523533
10 0.396875 0.354167 0.015625 0.0555556 0.541027
8 0.586719 0.808333 0.0390625 0.147222 0.546731
4 0.560547 0.107639 0.0148437 0.0486111 0.704434
4 0.396094 0.109722 0.015625 0.0472222 0.760212
4 0.423438 0.107639 0.015625 0.0513889 0.790049
4 0.5875 0.109722 0.015625 0.05 0.790099
4 0.533203 0.111806 0.0148437 0.0541667 0.805765
