4 0.505859 0.0576389 0.0195312 0.0541667 0.257379
3 0.714063 0.106944 0.0484375 0.169444 0.260692
10 0.415625 0.717361 0.0453125 0.156944 0.274144
10 0.232422 0.863194 0.0414063 0.145833 0.32195
4 0.45 0.0625 0.015625 0.0638889 0.327203
10 0.423438 0.357639 0.0125 0.0458333 0.359401
10 0.397266 0.354861 0.0148437 0.0541667 0.367507
3 0.761328 0.0534722 0.0242187 0.0958333 0.37881
3 0.451172 0.157639 0.0164062 0.0486111 0.383178
4 0.417578 0.0194444 0.0179687 0.0361111 0.402435
4 0.451172 0.157639 0.0164062 0.0486111 0.443878
10 0.528125 0.758333 0.0328125 0.136111 0.513149
4 0.450391 0.106944 0.0164062 0.05 0.567433
4 0.397266 0.0527778 0.0179687 0.0944444 0.57402
8 0.5875 0.808333 0.0390625 0.147222 0.689976
4 0.560547 0.107639 0.0148437 0.0486111 0.71164
4 0.396094 0.110417 0.015625 0.0458333 0.78022
4 0.533203 0.111806 0.0148437 0.0541667 0.782551
4 0.5875 0.109722 0.015625 0.05 0.79485
4 0.423438 0.107639 0.015625 0.0513889 0.802387
