3 0.758203 0.0590278 0.0242187 0.106944 0.263943
3 0.507812 0.351389 0.0203125 0.0472222 0.275547
4 0.417969 0.01875 0.0171875 0.0319444 0.285938
1 0.473047 0.0208333 0.0210938 0.0277778 0.306067
10 0.520703 0.7125 0.0273438 0.0916667 0.319473
1 0.477734 0.201389 0.0164062 0.0472222 0.344429
10 0.419141 0.0180556 0.0164062 0.0361111 0.345357
6 0.759766 0.0506944 0.0273438 0.0930556 0.346528
4 0.423438 0.206944 0.0140625 0.0472222 0.456665
4 0.844531 0.884722 0.025 0.0388889 0.46141
4 0.396484 0.0555556 0.0164062 0.0916667 0.490877
6 0.723437 0.0243056 0.03125 0.0430556 0.608603
8 0.588281 0.806944 0.040625 0.147222 0.621329
11 0.489844 0.754167 0.034375 0.127778 0.713571
4 0.450781 0.160417 0.015625 0.0486111 0.714485
4 0.560547 0.106944 0.0164062 0.05 0.719324
4 0.450391 0.109722 0.0148437 0.05 0.73475
4 0.396094 0.110417 0.0140625 0.0486111 0.777115
4 0.587891 0.109722 0.0164062 0.05 0.825339
4 0.533594 0.109028 0.0140625 0.0486111 0.860478
