4 0.560156 0.0569444 0.01875 0.0444444 0.296186
1 0.669922 0.520833 0.0367187 0.130556 0.299794
1 0.65625 0.106944 0.05 0.183333 0.313891
4 0.944922 0.931944 0.0242187 0.0444444 0.325733
10 0.45 0.348611 0.0171875 0.0527778 0.358706
10 0.396875 0.353472 0.015625 0.0513889 0.384175
4 0.844922 0.884722 0.0257812 0.0388889 0.384674
6 0.0171875 0.934028 0.028125 0.0791667 0.394535
4 0.423438 0.204861 0.0125 0.0430556 0.397898
4 0.505859 0.0597222 0.0179687 0.0472222 0.470711
8 0.592969 0.808333 0.04375 0.163889 0.493828
3 0.769141 0.0722222 0.0351562 0.125 0.549901
11 0.231641 0.88125 0.0554687 0.173611 0.558791
11 0.591016 0.807639 0.0476562 0.154167 0.566253
6 0.0429688 0.93125 0.0390625 0.0847222 0.572025
4 0.451172 0.156944 0.0148437 0.0472222 0.6864
4 0.45 0.109722 0.0140625 0.05 0.726048
4 0.560938 0.108333 0.015625 0.0472222 0.772593
4 0.5875 0.109028 0.015625 0.0486111 0.783601
4 0.396094 0.159028 0.0140625 0.0513889 0.80895
4 0.533594 0.109722 0.015625 0.0472222 0.874338
