11 0.594141 0.803472 0.0476562 0.156944 0.29837
4 0.50625 0.0597222 0.0171875 0.0472222 0.337292
4 0.560547 0.0590278 0.0195312 0.0458333 0.343967
4 0.757812 0.0659722 0.021875 0.104167 0.352739
11 0.231641 0.881944 0.0570313 0.172222 0.35985
4 0.845312 0.886111 0.0265625 0.0416667 0.389946
11 0.491406 0.759028 0.0328125 0.123611 0.415943
10 0.603906 0.709028 0.034375 0.140278 0.453216
4 0.451172 0.15625 0.0148437 0.0486111 0.486599
10 0.469531 0.645139 0.028125 0.0819444 0.584722
10 0.396875 0.352778 0.015625 0.05 0.599347
8 0.590625 0.807639 0.0453125 0.156944 0.660626
4 0.45 0.109722 0.0140625 0.05 0.675448
3 0.652734 0.263194 0.0570313 0.156944 0.708903
4 0.560938 0.108333 0.015625 0.0472222 0.734946
4 0.395703 0.159028 0.0148437 0.0541667 0.79266
4 0.5875 0.110417 0.015625 0.0486111 0.816267
4 0.533984 0.109722 0.0148437 0.0472222 0.883566
