3 0.892969 0.297222 0.065625 0.227778 0.258106
10 0.434766 0.672917 0.0335938 0.106944 0.26267
10 0.555859 0.685417 0.0257812 0.0819444 0.297758
10 0.619922 0.755556 0.0320312 0.130556 0.305824
6 0.0488281 0.925 0.0429688 0.105556 0.315354
6 0.722656 0.0256944 0.03125 0.0458333 0.341761
3 0.96875 0.4625 0.059375 0.108333 0.35057
4 0.945312 0.932639 0.0265625 0.0430556 0.383572
1 0.477734 0.201389 0.0164062 0.0472222 0.455344
1 0.972656 0.288889 0.05 0.186111 0.455808
10 0.520703 0.708333 0.0304688 0.102778 0.460083
10 0.396875 0.354167 0.015625 0.05 0.513361
11 0.489844 0.753472 0.034375 0.120833 0.544108
4 0.450391 0.160417 0.0148437 0.0458333 0.609644
4 0.844922 0.885417 0.0273438 0.0402778 0.697263
4 0.560938 0.109028 0.015625 0.0513889 0.697458
4 0.45 0.109028 0.0140625 0.0486111 0.699917
8 0.589844 0.807639 0.0421875 0.151389 0.709809
4 0.5875 0.108333 0.015625 0.05 0.825485
4 0.396094 0.109028 0.0140625 0.0513889 0.831918
4 0.533594 0.109028 0.015625 0.0486111 0.876964
