11 0.454297 0.742361 0.0382813 0.145833 0.25031
8 0.59375 0.811111 0.0453125 0.161111 0.254837
4 0.560156 0.0583333 0.01875 0.0444444 0.272506
10 0.411719 0.0208333 0.0171875 0.0388889 0.283684
10 0.424219 0.357639 0.0140625 0.0402778 0.288579
10 0.396875 0.0444444 0.0171875 0.0555556 0.292583
11 0.254687 0.886111 0.0640625 0.172222 0.308152
10 0.419531 0.01875 0.0171875 0.0375 0.353072
10 0.009375 0.256944 0.0171875 0.147222 0.357452
9 0.405078 0.696528 0.0429688 0.151389 0.380238
4 0.397266 0.0631944 0.0164062 0.104167 0.393285
4 0.534375 0.204167 0.015625 0.0444444 0.433372
10 0.397656 0.354861 0.015625 0.0486111 0.625779
11 0.591797 0.809722 0.0460938 0.152778 0.644924
4 0.560938 0.107639 0.015625 0.0486111 0.673116
4 0.844531 0.886111 0.0265625 0.0388889 0.711722
4 0.451953 0.158333 0.0164062 0.0472222 0.71576
4 0.5875 0.109722 0.015625 0.05 0.745145
4 0.450391 0.107639 0.0148437 0.0458333 0.76514
4 0.423438 0.106944 0.015625 0.05 0.784292
11 0.492578 0.756944 0.0351562 0.133333 0.802833
4 0.396484 0.111111 0.0148437 0.05 0.814533
4 0.533594 0.110417 0.0140625 0.0513889 0.830055
3 0.964063 0.497222 0.0671875 0.194444 0.897748
