4 0.417969 0.0194444 0.0171875 0.0333333 0.255765
10 0.00820312 0.246528 0.0164062 0.159722 0.264707
4 0.473828 0.0194444 0.0195312 0.0305556 0.281948
4 0.845312 0.885417 0.025 0.0375 0.28662
11 0.200391 0.850694 0.0570313 0.170833 0.291933
4 0.945312 0.932639 0.0234375 0.0430556 0.354302
4 0.450391 0.0618056 0.0164062 0.0625 0.404574
4 0.683594 0.0277778 0.01875 0.0472222 0.467176
4 0.397656 0.0555556 0.0171875 0.0972222 0.495924
10 0.396875 0.354861 0.015625 0.0513889 0.52289
4 0.451562 0.157639 0.0171875 0.0486111 0.54874
4 0.45 0.108333 0.015625 0.05 0.626581
11 0.586328 0.804861 0.0492188 0.165278 0.633903
1 0.533984 0.13125 0.0179687 0.0847222 0.665465
4 0.560547 0.107639 0.0148437 0.0513889 0.679699
4 0.533203 0.110417 0.0148437 0.0569444 0.688893
8 0.588281 0.804861 0.046875 0.156944 0.72224
4 0.587891 0.109028 0.0164062 0.0513889 0.772469
4 0.396094 0.111111 0.015625 0.0472222 0.782223
4 0.423438 0.108333 0.015625 0.05 0.81535
