10 0.418359 0.0166667 0.0148437 0.0333333 0.256291
4 0.45 0.0618056 0.0140625 0.0569444 0.261586
4 0.449609 0.0847222 0.0148437 0.0777778 0.264791
4 0.689062 0.0222222 0.021875 0.0388889 0.285611
1 0.476953 0.0409722 0.0179687 0.0625 0.287347
4 0.397266 0.0402778 0.0179687 0.0694444 0.296773
10 0.477734 0.377778 0.0210938 0.0916667 0.302362
4 0.397656 0.0722222 0.015625 0.105556 0.302737
10 0.423438 0.358333 0.0125 0.0472222 0.314842
10 0.521484 0.665972 0.0273438 0.118056 0.317622
4 0.506641 0.210417 0.0148437 0.0541667 0.321376
9 0.335547 0.722917 0.0429688 0.154167 0.332631
4 0.944531 0.931944 0.0234375 0.0444444 0.335175
1 0.964063 0.104861 0.0515625 0.168056 0.352815
8 0.596875 0.800694 0.0453125 0.156944 0.353377
4 0.533203 0.1125 0.0148437 0.0555556 0.402132
10 0.396875 0.354167 0.0140625 0.0555556 0.429655
4 0.532812 0.04375 0.015625 0.0625 0.461488
6 0.724609 0.025 0.0335938 0.0444444 0.49664
1 0.826953 0.599306 0.0523437 0.145833 0.51515
4 0.560938 0.0555556 0.0171875 0.0388889 0.611177
4 0.451172 0.156944 0.0148437 0.0472222 0.627066
11 0.646875 0.727778 0.0453125 0.144444 0.63155
1 0.533984 0.129861 0.0179687 0.0819444 0.689547
4 0.450391 0.10625 0.0148437 0.0458333 0.747968
4 0.560547 0.109028 0.0148437 0.0486111 0.769502
4 0.423828 0.107639 0.0148437 0.0486111 0.811107
4 0.396094 0.111111 0.0140625 0.0472222 0.837417
4 0.5875 0.109028 0.015625 0.0486111 0.837942
