10 0.423828 0.354861 0.0132813 0.0430556 0.259671
4 0.603516 0.69375 0.0289063 0.120833 0.266376
11 0.435937 0.704167 0.0390625 0.130556 0.305075
3 0.728516 0.59375 0.0460938 0.0458333 0.318975
4 0.944922 0.931944 0.0242187 0.0444444 0.329533
1 0.667578 0.392361 0.0414063 0.120833 0.332848
10 0.603516 0.702778 0.0304688 0.136111 0.335662
6 0.0476562 0.926389 0.0546875 0.105556 0.374553
10 0.470313 0.645833 0.0265625 0.0805556 0.392942
4 0.423438 0.204861 0.0125 0.0430556 0.397462
4 0.844922 0.884722 0.0273438 0.0388889 0.407603
4 0.560156 0.0569444 0.0171875 0.0444444 0.435363
10 0.397266 0.353472 0.0148437 0.0513889 0.445485
11 0.233984 0.880556 0.0570313 0.177778 0.455881
4 0.451172 0.156944 0.0148437 0.0472222 0.544984
3 0.662109 0.261806 0.0632813 0.1625 0.57901
10 0.218359 0.358333 0.0195312 0.0805556 0.696653
4 0.45 0.109722 0.0140625 0.05 0.717255
4 0.560547 0.109722 0.0148437 0.0472222 0.736129
8 0.590625 0.806944 0.0421875 0.152778 0.780846
4 0.395703 0.158333 0.0148437 0.0527778 0.80637
4 0.5875 0.109722 0.015625 0.0472222 0.843878
4 0.533594 0.109722 0.015625 0.0472222 0.876267
