1 0.477344 0.200694 0.015625 0.0486111 0.265433
10 0.55625 0.6875 0.025 0.0777778 0.2792
4 0.847266 0.894444 0.0320312 0.0611111 0.29114
10 0.619141 0.756944 0.0335938 0.136111 0.309033
10 0.520703 0.706944 0.0304688 0.105556 0.316292
6 0.757031 0.0368056 0.0234375 0.0652778 0.365198
8 0.589063 0.808333 0.0421875 0.15 0.382243
11 0.490625 0.756944 0.034375 0.119444 0.467246
4 0.506641 0.0590278 0.0179687 0.0513889 0.467457
6 0.722656 0.0243056 0.03125 0.0430556 0.474241
1 0.96875 0.29375 0.05625 0.193056 0.512452
4 0.450781 0.160417 0.0140625 0.0458333 0.530009
6 0.0503906 0.925694 0.0429688 0.104167 0.578034
4 0.560938 0.106944 0.015625 0.05 0.687701
4 0.450391 0.109028 0.0148437 0.0486111 0.708787
4 0.587891 0.109722 0.0164062 0.05 0.798916
4 0.396484 0.109722 0.0148437 0.05 0.831885
4 0.533984 0.109028 0.0148437 0.0486111 0.879591
