4 0.751172 0.91875 0.0195312 0.0486111 0.251337
11 0.585938 0.805556 0.046875 0.144444 0.272452
10 0.232031 0.863194 0.04375 0.151389 0.2747
1 0.834375 0.573611 0.0546875 0.15 0.290463
4 0.75625 0.0361111 0.0203125 0.0638889 0.304545
4 0.45 0.0840278 0.015625 0.0791667 0.320238
4 0.945312 0.932639 0.025 0.0458333 0.337582
3 0.707422 0.109028 0.0507812 0.179167 0.362966
4 0.45 0.0604167 0.0140625 0.0513889 0.388938
10 0.423438 0.356944 0.0125 0.0444444 0.392602
4 0.844141 0.884722 0.0257812 0.0388889 0.428874
1 0.651563 0.245833 0.0578125 0.205556 0.430199
10 0.396875 0.354861 0.015625 0.0541667 0.453396
1 0.70625 0.110417 0.0515625 0.1875 0.476081
4 0.41875 0.0194444 0.0171875 0.0361111 0.49059
1 0.505859 0.254167 0.0179687 0.0444444 0.495218
1 0.476562 0.0472222 0.01875 0.0527778 0.506251
7 0.645703 0.724306 0.0445312 0.140278 0.529885
4 0.507031 0.0597222 0.0171875 0.0472222 0.535481
4 0.396875 0.0444444 0.0171875 0.0638889 0.5637
11 0.641797 0.727778 0.0476562 0.141667 0.59505
8 0.589063 0.808333 0.04375 0.147222 0.700602
7 0.288672 0.357639 0.0554687 0.181944 0.707914
4 0.451172 0.157639 0.0164062 0.0486111 0.757741
4 0.560547 0.108333 0.0164062 0.05 0.786819
4 0.45 0.108333 0.015625 0.0472222 0.81262
4 0.395703 0.110417 0.0148437 0.0458333 0.815036
4 0.5875 0.109722 0.015625 0.05 0.837698
4 0.423438 0.108333 0.015625 0.05 0.848338
4 0.533594 0.110417 0.015625 0.0486111 0.87972
