4 0.410937 0.01875 0.015625 0.0375 0.255006
4 0.745703 0.919444 0.0210938 0.05 0.265422
3 0.508203 0.355556 0.0195312 0.0472222 0.267194
11 0.528125 0.778472 0.03125 0.0986111 0.269097
4 0.533594 0.202778 0.015625 0.0527778 0.288202
4 0.560156 0.0569444 0.01875 0.0444444 0.292724
4 0.416406 0.01875 0.015625 0.0319444 0.293625
1 0.756641 0.0888889 0.0242187 0.111111 0.295256
1 0.533984 0.122222 0.0164062 0.0694444 0.315096
10 0.396875 0.354861 0.015625 0.0513889 0.452124
4 0.397656 0.0395833 0.01875 0.0680556 0.48306
11 0.588281 0.809028 0.0453125 0.151389 0.62015
4 0.451953 0.158333 0.0164062 0.0472222 0.63985
4 0.450391 0.108333 0.0148437 0.0472222 0.704297
4 0.560938 0.106944 0.015625 0.05 0.707296
1 0.824609 0.593056 0.0523437 0.130556 0.7141
11 0.488281 0.755556 0.0375 0.127778 0.761073
10 0.528906 0.778472 0.0296875 0.0930556 0.772099
4 0.396875 0.110417 0.0140625 0.0486111 0.783299
4 0.533203 0.109722 0.0148437 0.0527778 0.785674
4 0.423828 0.106944 0.0148437 0.05 0.786668
4 0.587891 0.108333 0.0164062 0.05 0.809592
