4 0.757422 0.0625 0.0226563 0.1 0.275549
1 0.534766 0.204861 0.0179687 0.0513889 0.277176
4 0.423438 0.20625 0.0125 0.0430556 0.321769
4 0.560547 0.0590278 0.0195312 0.0458333 0.373092
4 0.845703 0.886111 0.0273438 0.0416667 0.406252
4 0.505859 0.0604167 0.0179687 0.0486111 0.44109
10 0.604688 0.709722 0.034375 0.141667 0.474498
10 0.396875 0.353472 0.015625 0.0513889 0.527261
4 0.451172 0.156944 0.0148437 0.05 0.537734
11 0.491016 0.758333 0.0335938 0.125 0.580262
10 0.469141 0.644444 0.0273438 0.0805556 0.614586
8 0.591016 0.807639 0.0445312 0.154167 0.690434
3 0.653516 0.261806 0.0585938 0.156944 0.69115
4 0.45 0.109722 0.0140625 0.05 0.71949
4 0.560938 0.108333 0.015625 0.0472222 0.748498
4 0.395703 0.159028 0.0148437 0.0541667 0.802308
4 0.5875 0.110417 0.015625 0.0486111 0.82404
4 0.533594 0.109722 0.015625 0.0472222 0.884263
