10 0.46875 0.645139 0.028125 0.0791667 0.262777
4 0.683203 0.0277778 0.0164062 0.0416667 0.262885
8 0.589453 0.805556 0.0460938 0.155556 0.279614
10 0.450391 0.348611 0.0179687 0.05 0.30167
11 0.648438 0.508333 0.0578125 0.158333 0.33813
4 0.942187 0.930556 0.028125 0.05 0.367221
6 0.0503906 0.93125 0.0460938 0.0958333 0.407591
4 0.603906 0.698611 0.0328125 0.133333 0.449303
4 0.845312 0.886111 0.0265625 0.0416667 0.451292
11 0.651563 0.726389 0.03125 0.0944444 0.468573
4 0.422656 0.20625 0.0125 0.0430556 0.521681
4 0.450781 0.156944 0.0140625 0.0472222 0.532826
10 0.4375 0.663194 0.0328125 0.115278 0.587081
11 0.590625 0.803472 0.046875 0.156944 0.620749
4 0.45 0.0583333 0.0171875 0.0416667 0.651101
10 0.396875 0.353472 0.015625 0.0486111 0.673619
4 0.560547 0.10625 0.0148437 0.0486111 0.700502
4 0.450391 0.107639 0.0148437 0.0486111 0.746989
4 0.587109 0.109028 0.0148437 0.0513889 0.76578
4 0.395703 0.158333 0.0148437 0.0527778 0.813313
4 0.533203 0.108333 0.0148437 0.0472222 0.839127
