3 0.508594 0.352083 0.0203125 0.0486111 0.258379
4 0.411719 0.01875 0.015625 0.0347222 0.272957
6 0.0363281 0.918056 0.0429688 0.102778 0.27538
9 0.403906 0.691667 0.04375 0.147222 0.291439
10 0.0078125 0.244444 0.015625 0.152778 0.326868
3 0.96875 0.303472 0.0515625 0.134722 0.357339
4 0.417188 0.01875 0.015625 0.0319444 0.367185
10 0.396875 0.354167 0.015625 0.05 0.376954
4 0.560156 0.0576389 0.01875 0.0486111 0.377028
1 0.476953 0.203472 0.0164062 0.0430556 0.385131
6 0.719922 0.0270833 0.0289063 0.0402778 0.385285
4 0.396875 0.04375 0.0171875 0.0625 0.509588
3 0.651563 0.254167 0.053125 0.166667 0.509755
4 0.844922 0.884722 0.0242187 0.0388889 0.527942
11 0.588672 0.809028 0.0429688 0.148611 0.589608
4 0.450781 0.160417 0.015625 0.0458333 0.71563
4 0.560938 0.106944 0.015625 0.05 0.723596
11 0.489453 0.754861 0.0351562 0.126389 0.754121
4 0.45 0.107639 0.0140625 0.0458333 0.771039
4 0.423047 0.106944 0.0148437 0.05 0.811493
4 0.396094 0.109722 0.015625 0.0472222 0.822865
4 0.5875 0.109028 0.015625 0.0486111 0.824711
4 0.533984 0.109028 0.0148437 0.0486111 0.858618
