1 0.766406 0.219444 0.0546875 0.166667 0.269526
4 0.942187 0.929861 0.0265625 0.0486111 0.280496
6 0.721094 0.0263889 0.0421875 0.0444444 0.281278
10 0.417969 0.0173611 0.0171875 0.0347222 0.28549
3 0.963281 0.105556 0.05625 0.177778 0.345108
10 0.50625 0.255556 0.015625 0.0388889 0.355268
1 0.560547 0.103472 0.0179687 0.0541667 0.372001
1 0.450391 0.159028 0.0195312 0.0458333 0.38084
8 0.477734 0.377778 0.0195312 0.0805556 0.413696
4 0.397266 0.0583333 0.0179687 0.1 0.464428
4 0.559766 0.0576389 0.0179687 0.0430556 0.493605
4 0.505469 0.0472222 0.0171875 0.0583333 0.501964
4 0.587891 0.05625 0.0179687 0.0430556 0.515476
3 0.661719 0.25 0.06875 0.186111 0.525057
3 0.450391 0.15625 0.0195312 0.0458333 0.528417
10 0.477734 0.376389 0.0195312 0.0777778 0.562545
4 0.844141 0.885417 0.0242187 0.0402778 0.581755
4 0.45 0.1125 0.015625 0.0527778 0.625524
1 0.958984 0.101389 0.0570313 0.169444 0.689904
4 0.560938 0.109722 0.015625 0.05 0.747941
10 0.533984 0.385417 0.0195312 0.0708333 0.779414
4 0.396094 0.110417 0.015625 0.0458333 0.788436
4 0.5875 0.109722 0.0171875 0.05 0.807711
4 0.423438 0.109028 0.015625 0.0486111 0.834587
4 0.533594 0.110417 0.015625 0.0486111 0.86059
4 0.477734 0.109028 0.0164062 0.0513889 0.872988
