1 0.343359 0.0402778 0.0335938 0.0611111 0.261397
4 0.944531 0.932639 0.0265625 0.0430556 0.277899
3 0.480469 0.497222 0.04375 0.108333 0.310202
1 0.534766 0.204167 0.0179687 0.0527778 0.370526
11 0.592578 0.803472 0.0476562 0.154167 0.381128
10 0.604297 0.705556 0.0335938 0.136111 0.386659
4 0.560938 0.0576389 0.01875 0.0513889 0.404923
4 0.845703 0.885417 0.0273438 0.0402778 0.412274
4 0.423047 0.20625 0.0132813 0.0430556 0.417142
4 0.451172 0.15625 0.0148437 0.0513889 0.435738
4 0.398828 0.01875 0.0164062 0.0347222 0.450724
4 0.50625 0.0583333 0.01875 0.0444444 0.466461
11 0.491406 0.756944 0.034375 0.125 0.500967
10 0.469531 0.64375 0.028125 0.0791667 0.507978
10 0.396875 0.354861 0.015625 0.0486111 0.557657
8 0.590625 0.806944 0.0453125 0.155556 0.587942
4 0.450391 0.113194 0.0148437 0.0569444 0.64163
4 0.561328 0.106944 0.0164062 0.05 0.768311
4 0.395703 0.159722 0.0148437 0.0527778 0.810033
4 0.587891 0.109028 0.0164062 0.0486111 0.842795
4 0.533594 0.109028 0.015625 0.0486111 0.883957
