7 0.612109 0.79375 0.0351562 0.115278 0.253174
7 0.562109 0.672222 0.0414063 0.133333 0.254563
9 0.417188 0.714583 0.0453125 0.156944 0.266012
3 0.830469 0.205556 0.0609375 0.172222 0.269465
1 0.758203 0.100694 0.0257812 0.101389 0.27771
11 0.639844 0.721528 0.04375 0.140278 0.281286
4 0.50625 0.211806 0.015625 0.0597222 0.306039
11 0.324219 0.613889 0.0578125 0.177778 0.31089
3 0.45 0.154861 0.01875 0.0458333 0.312453
10 0.505859 0.253472 0.0148437 0.0402778 0.314139
1 0.766406 0.165972 0.03125 0.118056 0.323452
4 0.944531 0.93125 0.0234375 0.0430556 0.327639
10 0.396484 0.0444444 0.0179687 0.0583333 0.329556
10 0.476953 0.379861 0.0179687 0.0736111 0.331496
10 0.533984 0.35625 0.0148437 0.0458333 0.343082
10 0.422656 0.201389 0.0140625 0.0472222 0.353442
4 0.587891 0.0576389 0.0179687 0.0458333 0.354364
10 0.423828 0.35625 0.0148437 0.0513889 0.367276
10 0.420312 0.0173611 0.0171875 0.0347222 0.378199
1 0.450391 0.156944 0.0179687 0.0444444 0.395014
10 0.560938 0.354167 0.015625 0.05 0.395198
10 0.396875 0.354861 0.015625 0.0541667 0.416633
1 0.770312 0.225694 0.03125 0.101389 0.425381
1 0.963672 0.0847222 0.0585938 0.138889 0.430302
7 0.323828 0.613889 0.0664062 0.191667 0.440456
4 0.396875 0.0597222 0.0171875 0.1 0.450844
3 0.845703 0.584722 0.0570313 0.136111 0.510475
1 0.533594 0.133333 0.01875 0.075 0.576286
7 0.651953 0.716667 0.0414063 0.127778 0.581796
4 0.533594 0.113194 0.015625 0.0486111 0.584134
4 0.45 0.1125 0.015625 0.05 0.601675
4 0.84375 0.885417 0.0234375 0.0375 0.623867
1 0.722656 0.518056 0.0578125 0.169444 0.638039
1 0.847266 0.586111 0.0585938 0.144444 0.660211
4 0.395703 0.110417 0.0148437 0.0486111 0.795971
4 0.587891 0.109028 0.0164062 0.0486111 0.802059
4 0.423438 0.107639 0.015625 0.0486111 0.828129
4 0.561328 0.110417 0.0148437 0.0458333 0.831055
4 0.477734 0.109722 0.0164062 0.05 0.879742
