3 0.964063 0.106944 0.053125 0.175 0.258801
10 0.0105469 0.246528 0.0195312 0.165278 0.271722
4 0.942578 0.929861 0.0257812 0.0486111 0.295047
10 0.417578 0.0173611 0.0164062 0.0347222 0.295245
6 0.721484 0.0270833 0.0398437 0.0458333 0.303949
1 0.84375 0.652778 0.0609375 0.194444 0.313937
1 0.450391 0.157639 0.0195312 0.0458333 0.34765
1 0.766797 0.222917 0.0539063 0.176389 0.349073
10 0.50625 0.255556 0.015625 0.0388889 0.364885
1 0.560547 0.102778 0.0179687 0.0555556 0.378873
8 0.477734 0.377778 0.0195312 0.0805556 0.419811
4 0.559766 0.0583333 0.0179687 0.0444444 0.445664
4 0.397266 0.0583333 0.0179687 0.0972222 0.455036
4 0.505078 0.0479167 0.0164062 0.0569444 0.469727
3 0.661719 0.25 0.06875 0.188889 0.496951
4 0.587891 0.05625 0.0179687 0.0430556 0.502446
4 0.844531 0.884722 0.0234375 0.0388889 0.504828
3 0.450391 0.15625 0.0195312 0.0458333 0.544912
10 0.477734 0.376389 0.0195312 0.0777778 0.550762
4 0.45 0.1125 0.015625 0.0527778 0.628011
1 0.960938 0.101389 0.0546875 0.163889 0.63253
4 0.560938 0.109722 0.015625 0.05 0.737508
10 0.533984 0.384722 0.0195312 0.0694444 0.781856
4 0.396094 0.110417 0.015625 0.0458333 0.783363
4 0.5875 0.109722 0.0171875 0.05 0.806329
4 0.423438 0.109028 0.015625 0.0486111 0.833468
4 0.533594 0.110417 0.015625 0.0486111 0.86337
4 0.477734 0.109028 0.0164062 0.0513889 0.87325
