9 0.417578 0.715278 0.0429688 0.15 0.255148
4 0.506641 0.211111 0.0148437 0.0583333 0.260188
10 0.50625 0.253472 0.0140625 0.0402778 0.266754
3 0.450391 0.155556 0.0179687 0.0444444 0.281711
10 0.423828 0.356944 0.0132813 0.0472222 0.282634
11 0.521875 0.665278 0.0328125 0.119444 0.294158
11 0.469141 0.663194 0.0351562 0.120833 0.300082
3 0.965625 0.113889 0.053125 0.186111 0.309891
4 0.397656 0.0666667 0.015625 0.105556 0.319195
1 0.707812 0.102083 0.05 0.159722 0.319294
1 0.476172 0.0444444 0.0164062 0.0527778 0.330129
10 0.419531 0.0166667 0.0171875 0.0333333 0.335788
10 0.396875 0.0451389 0.0171875 0.0597222 0.337751
4 0.746094 0.920139 0.021875 0.0541667 0.366784
4 0.942187 0.930556 0.025 0.0472222 0.421403
10 0.533984 0.355556 0.0148437 0.0472222 0.42201
11 0.641016 0.733333 0.0492188 0.15 0.423525
1 0.450781 0.157639 0.0171875 0.0430556 0.452616
11 0.295703 0.349306 0.0601562 0.195833 0.458743
1 0.765234 0.168056 0.0398437 0.127778 0.48424
4 0.84375 0.884028 0.025 0.0375 0.485195
10 0.476953 0.377778 0.0179687 0.075 0.503631
1 0.967578 0.105556 0.0539063 0.175 0.533188
4 0.5875 0.0569444 0.0171875 0.0444444 0.563997
4 0.506641 0.0520833 0.0148437 0.0486111 0.564032
4 0.450391 0.111111 0.0148437 0.05 0.622277
1 0.533984 0.129861 0.0179687 0.0819444 0.718888
4 0.396484 0.111806 0.0148437 0.0486111 0.816386
4 0.560938 0.108333 0.0140625 0.0472222 0.820818
4 0.423438 0.107639 0.015625 0.0486111 0.82613
4 0.587891 0.107639 0.0164062 0.0486111 0.852935
4 0.477734 0.108333 0.0164062 0.05 0.86851
