11 0.282422 0.903472 0.0539063 0.143056 0.257808
10 0.421094 0.01875 0.0171875 0.0347222 0.266533
4 0.844922 0.886806 0.0273438 0.0430556 0.2774
6 0.753516 0.0361111 0.0304688 0.0638889 0.308355
4 0.45 0.0618056 0.015625 0.0597222 0.363649
4 0.396094 0.0493056 0.01875 0.0625 0.52465
10 0.396875 0.354167 0.015625 0.0527778 0.599598
4 0.45 0.108333 0.015625 0.05 0.640312
4 0.451172 0.157639 0.0164062 0.0486111 0.644188
11 0.591406 0.810417 0.046875 0.151389 0.655585
4 0.532812 0.111111 0.015625 0.0555556 0.672274
1 0.533203 0.132639 0.0195312 0.0875 0.695806
4 0.560156 0.106944 0.015625 0.0527778 0.69963
4 0.5875 0.109028 0.0171875 0.0513889 0.773062
4 0.396094 0.110417 0.015625 0.0486111 0.787692
4 0.423438 0.108333 0.015625 0.05 0.833401
