11 0.258594 0.89375 0.059375 0.159722 0.253399
4 0.398047 0.0798611 0.0164062 0.0875 0.257752
9 0.409766 0.679861 0.0414063 0.1375 0.285896
10 0.00898437 0.265278 0.0164062 0.141667 0.323417
10 0.534375 0.357639 0.015625 0.0430556 0.326988
1 0.533984 0.126389 0.0179687 0.0722222 0.33054
10 0.618359 0.717361 0.0320312 0.0902778 0.332871
8 0.592188 0.811111 0.04375 0.158333 0.358122
4 0.533984 0.202778 0.0148437 0.0527778 0.364276
11 0.590234 0.809028 0.0445312 0.151389 0.435992
4 0.396484 0.0555556 0.0195312 0.0472222 0.449316
4 0.450391 0.109028 0.0148437 0.0486111 0.670899
10 0.530469 0.776389 0.0296875 0.0944444 0.690955
4 0.560938 0.105556 0.015625 0.0527778 0.698772
4 0.451172 0.156944 0.0164062 0.05 0.702418
4 0.844531 0.885417 0.0234375 0.0402778 0.734592
11 0.490234 0.75625 0.0351562 0.120833 0.742275
4 0.396484 0.109722 0.0148437 0.05 0.753864
4 0.587891 0.108333 0.0164062 0.05 0.774132
4 0.423438 0.106944 0.015625 0.0527778 0.806959
4 0.533594 0.109028 0.015625 0.0541667 0.825103
3 0.964453 0.494444 0.0664062 0.197222 0.898074
