4 0.533984 0.203472 0.0148437 0.0513889 0.252425
11 0.232031 0.873611 0.0578125 0.180556 0.252903
1 0.473828 0.0208333 0.0210938 0.0277778 0.257969
4 0.560156 0.0569444 0.01875 0.0444444 0.258757
4 0.417578 0.0194444 0.0179687 0.0333333 0.282875
11 0.251563 0.891667 0.06875 0.172222 0.292362
4 0.683203 0.0291667 0.0179687 0.0472222 0.333997
8 0.590625 0.811806 0.0421875 0.154167 0.345203
1 0.533594 0.126389 0.0171875 0.0722222 0.400951
11 0.589063 0.809722 0.04375 0.15 0.403034
10 0.534766 0.357639 0.0148437 0.0430556 0.464278
4 0.397656 0.0548611 0.0171875 0.0958333 0.50487
10 0.397656 0.354861 0.015625 0.0486111 0.530678
4 0.560547 0.106944 0.0148437 0.05 0.646172
4 0.451953 0.158333 0.0164062 0.0472222 0.650798
4 0.844531 0.885417 0.0234375 0.0402778 0.708985
4 0.450391 0.108333 0.0148437 0.0472222 0.73458
10 0.529688 0.777778 0.0296875 0.0916667 0.735646
4 0.5875 0.108333 0.015625 0.05 0.744205
4 0.533203 0.109722 0.0148437 0.0527778 0.798974
4 0.423438 0.106944 0.015625 0.05 0.799177
4 0.396484 0.111111 0.0148437 0.0472222 0.809424
11 0.488672 0.755556 0.0382813 0.127778 0.850584
3 0.964844 0.495833 0.0671875 0.194444 0.889262
