4 0.559766 0.0583333 0.0195312 0.0444444 0.250451
4 0.505469 0.0597222 0.01875 0.0472222 0.256808
4 0.423047 0.213194 0.0148437 0.0680556 0.263504
10 0.397266 0.354167 0.0148437 0.05 0.337311
4 0.846484 0.892361 0.0304688 0.0569444 0.371704
10 0.605078 0.709028 0.0335938 0.140278 0.430654
11 0.491406 0.760417 0.034375 0.126389 0.443444
4 0.450781 0.15625 0.0140625 0.0486111 0.463687
8 0.591016 0.809028 0.0445312 0.154167 0.519899
10 0.469141 0.645833 0.0273438 0.0805556 0.643826
4 0.45 0.110417 0.0140625 0.0513889 0.712063
3 0.658203 0.261806 0.0648438 0.1875 0.71305
4 0.560938 0.107639 0.015625 0.0486111 0.723043
4 0.395703 0.159028 0.0148437 0.0513889 0.815082
4 0.5875 0.109722 0.015625 0.05 0.824279
4 0.533594 0.109722 0.015625 0.0472222 0.878808
