3 0.715234 0.107639 0.0476562 0.170833 0.250465
6 0.757422 0.0354167 0.0226563 0.0597222 0.258616
3 0.7625 0.0506944 0.0265625 0.0930556 0.271429
4 0.45 0.0840278 0.015625 0.0763889 0.272617
3 0.775 0.0555556 0.0265625 0.0944444 0.277979
4 0.449609 0.0611111 0.0148437 0.0527778 0.287621
1 0.50625 0.0555556 0.0171875 0.0555556 0.291066
4 0.559766 0.0576389 0.0179687 0.0458333 0.293309
10 0.416797 0.0173611 0.0164062 0.0347222 0.314401
4 0.417188 0.01875 0.0171875 0.0347222 0.320202
10 0.423438 0.357639 0.0125 0.0458333 0.320652
10 0.397266 0.354861 0.0148437 0.0541667 0.346113
3 0.505859 0.253472 0.0195312 0.0486111 0.350645
11 0.416016 0.717361 0.0429688 0.145833 0.366139
1 0.476953 0.0451389 0.0179687 0.0541667 0.4223
4 0.506641 0.0569444 0.0164062 0.05 0.501264
4 0.397656 0.0548611 0.0171875 0.0986111 0.511496
4 0.451172 0.156944 0.0164062 0.0472222 0.575776
3 0.65625 0.253472 0.0625 0.179167 0.588558
11 0.642578 0.731944 0.0429688 0.141667 0.607724
3 0.883984 0.265972 0.0554687 0.201389 0.642427
4 0.560547 0.108333 0.0148437 0.0472222 0.747726
4 0.45 0.108333 0.015625 0.0472222 0.777963
8 0.587891 0.806944 0.0429688 0.15 0.783486
4 0.396094 0.110417 0.015625 0.0458333 0.796384
4 0.5875 0.109028 0.015625 0.0486111 0.832124
4 0.423438 0.107639 0.015625 0.0486111 0.838361
4 0.533594 0.109028 0.015625 0.0486111 0.872602
