11 0.255078 0.888194 0.0664062 0.168056 0.255206
1 0.533984 0.149306 0.0164062 0.0486111 0.2675
7 0.492969 0.760417 0.0359375 0.120833 0.278942
3 0.507812 0.355556 0.0203125 0.0472222 0.285235
10 0.421875 0.01875 0.0171875 0.0347222 0.287053
10 0.533203 0.777778 0.0335938 0.1 0.309837
11 0.532812 0.776389 0.0359375 0.113889 0.327706
4 0.397656 0.0694444 0.015625 0.105556 0.34604
4 0.844922 0.892361 0.0304688 0.0569444 0.353882
4 0.560547 0.05625 0.0179687 0.0430556 0.356815
4 0.533594 0.204167 0.015625 0.05 0.365222
4 0.512109 0.0243056 0.0195312 0.0208333 0.377729
10 0.424219 0.35625 0.0140625 0.0430556 0.413542
1 0.533984 0.122917 0.0164062 0.0708333 0.436303
9 0.404687 0.693056 0.04375 0.155556 0.447862
11 0.592578 0.810417 0.0476562 0.151389 0.572143
10 0.397266 0.354861 0.0148437 0.0486111 0.646183
4 0.451953 0.157639 0.0164062 0.0486111 0.702062
11 0.493359 0.759722 0.0335938 0.127778 0.703989
4 0.560938 0.108333 0.0140625 0.0472222 0.704962
3 0.972266 0.499306 0.0523437 0.179167 0.769727
4 0.450391 0.108333 0.0148437 0.0472222 0.770836
4 0.5875 0.109028 0.015625 0.0486111 0.787874
4 0.533594 0.109722 0.0140625 0.0527778 0.806906
4 0.423438 0.106944 0.015625 0.05 0.813558
4 0.396484 0.111111 0.0148437 0.05 0.826964
