4 0.560156 0.0576389 0.01875 0.0458333 0.256826
4 0.683984 0.0291667 0.0179687 0.0444444 0.267276
11 0.491406 0.75625 0.0359375 0.123611 0.306866
10 0.397266 0.354167 0.0148437 0.05 0.308879
10 0.434375 0.679861 0.0296875 0.0902778 0.322902
10 0.7 0.638889 0.0328125 0.119444 0.354026
3 0.760938 0.0534722 0.025 0.0986111 0.366415
4 0.505859 0.0597222 0.0179687 0.0472222 0.394084
1 0.477344 0.201389 0.015625 0.0472222 0.419024
4 0.845312 0.884722 0.0265625 0.0388889 0.488402
8 0.590625 0.80625 0.04375 0.151389 0.646098
4 0.450781 0.160417 0.0140625 0.0458333 0.664069
4 0.560938 0.106944 0.015625 0.05 0.728528
4 0.45 0.109028 0.0140625 0.0486111 0.741258
4 0.587891 0.109028 0.0164062 0.0486111 0.824675
4 0.396484 0.109722 0.0148437 0.05 0.83499
4 0.533594 0.110417 0.015625 0.0486111 0.88318
