10 0.533984 0.247222 0.0164062 0.0555556 0.253282
6 0.910547 0.947917 0.0320312 0.0680556 0.268331
4 0.745703 0.921528 0.0210938 0.0486111 0.302353
10 0.536719 0.632639 0.0234375 0.0902778 0.31217
1 0.450781 0.159028 0.015625 0.0513889 0.319971
1 0.259375 0.175694 0.0625 0.154167 0.328231
11 0.505078 0.6375 0.0320312 0.108333 0.367908
10 0.56875 0.629167 0.0234375 0.0833333 0.397415
1 0.04375 0.959028 0.0328125 0.0569444 0.397503
1 0.670313 0.0881944 0.0328125 0.109722 0.416622
4 0.451172 0.156944 0.0148437 0.05 0.484969
4 0.559766 0.0576389 0.0195312 0.0375 0.495496
4 0.423047 0.209722 0.0148437 0.0611111 0.499321
10 0.396094 0.354167 0.015625 0.0472222 0.594039
6 0.0441406 0.208333 0.0695312 0.255556 0.608579
4 0.560547 0.105556 0.0164062 0.05 0.678258
4 0.395703 0.159028 0.0148437 0.0513889 0.802922
4 0.587109 0.109722 0.0148437 0.0527778 0.807985
4 0.533203 0.108333 0.0148437 0.05 0.861205
