10 0.605078 0.709028 0.0335938 0.134722 0.257031
1 0.665625 0.257639 0.0625 0.179167 0.271324
4 0.450781 0.348611 0.015625 0.05 0.291214
1 0.669531 0.520833 0.0359375 0.130556 0.305254
4 0.559766 0.0569444 0.0179687 0.0444444 0.314963
4 0.944922 0.931944 0.0242187 0.0444444 0.322783
6 0.0171875 0.935417 0.0265625 0.0791667 0.368513
4 0.844922 0.884722 0.0257812 0.0388889 0.375907
4 0.423438 0.204861 0.0125 0.0430556 0.397515
11 0.591406 0.799306 0.0484375 0.159722 0.412574
10 0.396875 0.353472 0.015625 0.0513889 0.450334
4 0.505859 0.0597222 0.0179687 0.0472222 0.455414
10 0.450781 0.347222 0.0171875 0.0527778 0.532845
6 0.0429688 0.930556 0.0390625 0.0861111 0.550723
11 0.232031 0.881944 0.05625 0.175 0.55913
3 0.769531 0.0722222 0.034375 0.125 0.560703
4 0.451172 0.156944 0.0148437 0.0472222 0.693512
4 0.45 0.109722 0.0140625 0.05 0.727339
8 0.591016 0.806944 0.0460938 0.155556 0.758703
4 0.560938 0.108333 0.015625 0.0472222 0.775181
4 0.5875 0.109028 0.015625 0.0486111 0.788409
4 0.396094 0.159028 0.0140625 0.0513889 0.808257
4 0.533594 0.109722 0.015625 0.0472222 0.874013
