4 0.505859 0.0597222 0.0179687 0.0472222 0.251101
3 0.505859 0.0590278 0.0179687 0.0458333 0.277315
4 0.846094 0.891667 0.0296875 0.0555556 0.28004
1 0.534766 0.204167 0.0179687 0.05 0.286864
11 0.59375 0.803472 0.0484375 0.151389 0.290669
4 0.560156 0.0583333 0.01875 0.0444444 0.29467
4 0.423438 0.20625 0.0125 0.0430556 0.319323
3 0.653125 0.259028 0.0578125 0.168056 0.322497
4 0.450781 0.155556 0.0140625 0.05 0.355403
11 0.232031 0.879167 0.0578125 0.172222 0.417988
10 0.396875 0.354167 0.015625 0.0527778 0.418359
11 0.491406 0.759028 0.034375 0.123611 0.448748
10 0.603516 0.709722 0.0351562 0.141667 0.49471
10 0.217969 0.35625 0.021875 0.0791667 0.568922
10 0.46875 0.644444 0.0265625 0.0805556 0.596987
8 0.590625 0.808333 0.0453125 0.152778 0.598836
3 0.160547 0.475 0.0601562 0.225 0.634597
4 0.45 0.110417 0.0140625 0.0513889 0.677883
4 0.560938 0.107639 0.015625 0.0486111 0.731634
4 0.395703 0.158333 0.0148437 0.0527778 0.794997
4 0.5875 0.109028 0.015625 0.0486111 0.828604
4 0.533594 0.109722 0.015625 0.0472222 0.881229
