4 0.450391 0.0631944 0.0164062 0.0625 0.270833
10 0.00859375 0.245139 0.015625 0.1625 0.277603
4 0.559766 0.0576389 0.0195312 0.0458333 0.287979
10 0.417578 0.0173611 0.0164062 0.0347222 0.331816
4 0.746094 0.921528 0.0203125 0.0486111 0.342093
11 0.590625 0.803472 0.04375 0.151389 0.345145
10 0.528125 0.775 0.03125 0.0944444 0.35336
4 0.945312 0.931944 0.0234375 0.0444444 0.380794
1 0.476172 0.0479167 0.0195312 0.0513889 0.383378
7 0.287891 0.35625 0.0570313 0.184722 0.385887
4 0.397656 0.0659722 0.0171875 0.109722 0.397818
7 0.644141 0.725 0.0382813 0.133333 0.411815
10 0.424219 0.355556 0.0140625 0.05 0.476247
1 0.962109 0.10625 0.0539063 0.170833 0.504013
1 0.653125 0.252083 0.0578125 0.193056 0.524932
4 0.844922 0.883333 0.0242187 0.0388889 0.575948
11 0.638672 0.729167 0.0429688 0.138889 0.583015
1 0.533594 0.129167 0.01875 0.0805556 0.637774
4 0.506641 0.0590278 0.0179687 0.0486111 0.673153
1 0.708984 0.115278 0.0539063 0.197222 0.686179
4 0.533203 0.111806 0.0148437 0.0541667 0.693375
10 0.478125 0.377778 0.01875 0.0722222 0.734293
4 0.560547 0.108333 0.0148437 0.05 0.737715
4 0.451172 0.157639 0.0164062 0.0486111 0.740086
8 0.589453 0.807639 0.0429688 0.148611 0.758101
4 0.45 0.108333 0.015625 0.0472222 0.775308
4 0.5875 0.109722 0.015625 0.05 0.816454
4 0.396094 0.111111 0.015625 0.05 0.821531
4 0.423438 0.109028 0.015625 0.0486111 0.854204
