4 0.682031 0.0256944 0.0171875 0.0402778 0.255742
9 0.402734 0.697222 0.0382813 0.141667 0.259372
3 0.508594 0.352778 0.0203125 0.0472222 0.274666
4 0.412109 0.0180556 0.0164062 0.0361111 0.29429
3 0.7875 0.570139 0.0578125 0.131944 0.307737
1 0.477344 0.201389 0.0171875 0.0472222 0.315836
1 0.472656 0.0215278 0.0203125 0.0291667 0.316502
4 0.560156 0.0583333 0.01875 0.0472222 0.360523
4 0.424219 0.20625 0.0140625 0.0458333 0.360872
4 0.396875 0.0368056 0.01875 0.0652778 0.377837
6 0.722266 0.025 0.0304688 0.0444444 0.402137
10 0.397266 0.354167 0.0164062 0.05 0.419404
6 0.761719 0.0604167 0.03125 0.106944 0.432709
11 0.590234 0.809028 0.0429688 0.151389 0.438541
3 0.761328 0.0583333 0.0304688 0.105556 0.455754
4 0.844141 0.883333 0.0242187 0.0388889 0.568913
3 0.975781 0.286806 0.046875 0.165278 0.577853
4 0.451172 0.161111 0.0148437 0.0472222 0.611309
1 0.785547 0.567361 0.0601562 0.126389 0.619753
11 0.491016 0.75625 0.0351562 0.126389 0.675128
4 0.560938 0.106944 0.015625 0.05 0.68591
4 0.450391 0.109028 0.0148437 0.0513889 0.718983
4 0.396094 0.109722 0.015625 0.05 0.805198
4 0.587891 0.109722 0.0164062 0.05 0.820765
4 0.533984 0.109028 0.0148437 0.0486111 0.8279
