10 0.589844 0.809028 0.040625 0.143056 0.265694
3 0.714063 0.0972222 0.05 0.158333 0.294245
3 0.96875 0.304167 0.0515625 0.141667 0.332179
4 0.559766 0.0576389 0.0195312 0.0486111 0.363765
10 0.396875 0.353472 0.015625 0.0513889 0.442158
4 0.397266 0.0388889 0.0179687 0.0666667 0.461187
9 0.403906 0.684028 0.0421875 0.148611 0.5009
4 0.845312 0.884722 0.025 0.0388889 0.529761
3 0.651953 0.25625 0.0585938 0.170833 0.657934
4 0.451172 0.160417 0.0148437 0.0458333 0.691683
11 0.589063 0.809028 0.04375 0.145833 0.693809
4 0.560938 0.106944 0.015625 0.05 0.735427
11 0.488672 0.752083 0.0351562 0.123611 0.749527
4 0.45 0.107639 0.0140625 0.0458333 0.771579
4 0.396484 0.110417 0.0148437 0.0458333 0.772582
4 0.423438 0.106944 0.0140625 0.05 0.783539
4 0.5875 0.108333 0.015625 0.05 0.827672
4 0.533594 0.109028 0.0140625 0.0486111 0.871528
