11 0.469922 0.665278 0.0320312 0.116667 0.263221
4 0.945703 0.931944 0.0242187 0.0444444 0.265076
9 0.335156 0.724306 0.04375 0.156944 0.279042
4 0.745703 0.919444 0.0210938 0.05 0.295248
10 0.505859 0.254167 0.0148437 0.0388889 0.295848
1 0.34375 0.0416667 0.0328125 0.0666667 0.299348
10 0.520312 0.664583 0.03125 0.115278 0.300287
1 0.760938 0.255556 0.05 0.186111 0.302961
10 0.418359 0.711806 0.0367187 0.134722 0.333716
6 0.718359 0.0298611 0.0382813 0.0486111 0.342751
10 0.423047 0.357639 0.0132813 0.0458333 0.362803
11 0.594531 0.803472 0.046875 0.159722 0.36368
10 0.506641 0.745139 0.0289063 0.0958333 0.383758
1 0.663281 0.258333 0.0578125 0.169444 0.386257
3 0.664453 0.259722 0.0601562 0.166667 0.399244
4 0.397266 0.0631944 0.0164062 0.106944 0.4038
4 0.533203 0.0458333 0.0164062 0.0583333 0.410022
1 0.476172 0.0395833 0.0195312 0.0625 0.491331
10 0.477344 0.377778 0.01875 0.0777778 0.492675
11 0.642969 0.727778 0.040625 0.138889 0.502064
10 0.396484 0.354167 0.0148437 0.0527778 0.50247
4 0.560547 0.0555556 0.0179687 0.0416667 0.512673
4 0.505859 0.20625 0.0132813 0.0402778 0.514767
1 0.960156 0.101389 0.0546875 0.166667 0.54852
10 0.450391 0.155556 0.0148437 0.0444444 0.596335
5 0.760156 0.24375 0.0484375 0.179167 0.605276
8 0.59375 0.800694 0.0484375 0.1625 0.619732
11 0.573438 0.707639 0.0390625 0.129167 0.637115
4 0.844531 0.885417 0.025 0.0402778 0.638787
4 0.45 0.107639 0.0140625 0.0458333 0.697468
1 0.533594 0.13125 0.0171875 0.0819444 0.725554
1 0.846094 0.604167 0.0640625 0.169444 0.74323
4 0.560547 0.109028 0.0148437 0.0486111 0.793002
4 0.423047 0.107639 0.0164062 0.0513889 0.811346
4 0.477344 0.109028 0.015625 0.0486111 0.82769
4 0.5875 0.108333 0.015625 0.0472222 0.842789
4 0.395703 0.110417 0.0148437 0.0486111 0.853528
