4 0.450781 0.295833 0.0140625 0.05 0.254483
4 0.745703 0.920139 0.0210938 0.0486111 0.260446
4 0.45 0.0826389 0.015625 0.0791667 0.281609
4 0.945703 0.931944 0.0242187 0.0444444 0.291891
4 0.417578 0.01875 0.0164062 0.0347222 0.300209
11 0.587891 0.806944 0.0476562 0.141667 0.306965
10 0.397656 0.355556 0.015625 0.0583333 0.342653
10 0.417188 0.0180556 0.015625 0.0361111 0.345141
1 0.476562 0.0465278 0.01875 0.0541667 0.401449
10 0.450781 0.296528 0.0125 0.0486111 0.414491
1 0.964063 0.101389 0.0546875 0.163889 0.428977
4 0.397656 0.0611111 0.0171875 0.105556 0.43933
1 0.657422 0.26875 0.0617188 0.1625 0.44324
11 0.640625 0.729167 0.04375 0.136111 0.582782
4 0.451172 0.158333 0.0164062 0.05 0.598683
1 0.533594 0.129861 0.01875 0.0819444 0.601108
10 0.478125 0.378472 0.0203125 0.0791667 0.630095
4 0.507031 0.0576389 0.01875 0.0513889 0.633105
4 0.844531 0.881944 0.0234375 0.0333333 0.633331
4 0.533203 0.1125 0.0148437 0.0555556 0.670977
1 0.707812 0.113889 0.053125 0.194444 0.689053
4 0.560938 0.108333 0.015625 0.05 0.710977
8 0.589063 0.807639 0.04375 0.148611 0.757793
4 0.450391 0.108333 0.0164062 0.0472222 0.771357
4 0.5875 0.109722 0.015625 0.05 0.7839
4 0.396094 0.110417 0.015625 0.0458333 0.810914
4 0.423438 0.109028 0.015625 0.0486111 0.837218
