1 0.475 0.0194444 0.01875 0.0277778 0.261885
4 0.745703 0.920833 0.0210938 0.05 0.277622
11 0.530078 0.779167 0.0335938 0.102778 0.280929
4 0.411328 0.0194444 0.0164062 0.0361111 0.293962
4 0.560156 0.0569444 0.01875 0.0444444 0.311272
1 0.757422 0.0902778 0.0226563 0.105556 0.312871
4 0.450391 0.0604167 0.0148437 0.0541667 0.351288
4 0.683594 0.0284722 0.01875 0.0458333 0.371957
1 0.821094 0.592361 0.053125 0.120833 0.377319
4 0.417578 0.0194444 0.0164062 0.0333333 0.385237
10 0.397266 0.355556 0.0148437 0.05 0.512691
8 0.588672 0.809028 0.0445312 0.148611 0.557878
4 0.396875 0.04375 0.0171875 0.0625 0.577169
4 0.451953 0.157639 0.0164062 0.0486111 0.606514
4 0.450391 0.107639 0.0148437 0.0486111 0.639695
4 0.533203 0.109722 0.0148437 0.0555556 0.657878
1 0.533984 0.13125 0.0179687 0.0847222 0.686826
4 0.560938 0.107639 0.015625 0.0513889 0.689602
10 0.529688 0.779167 0.0296875 0.0888889 0.728326
4 0.423828 0.106944 0.0148437 0.05 0.778747
4 0.396484 0.110417 0.0148437 0.0458333 0.790787
4 0.587891 0.109028 0.0164062 0.0513889 0.80993
