1 0.534766 0.204167 0.0179687 0.05 0.258843
4 0.845703 0.888194 0.0273438 0.0430556 0.270797
10 0.491797 0.760417 0.0320312 0.115278 0.284697
4 0.423438 0.211111 0.0140625 0.0638889 0.299402
3 0.505859 0.0597222 0.0179687 0.0444444 0.311656
4 0.758984 0.0625 0.0195312 0.0944444 0.314012
4 0.450781 0.15625 0.0140625 0.0486111 0.354167
10 0.603516 0.70625 0.0320312 0.131944 0.422628
11 0.491406 0.760417 0.03125 0.118056 0.447015
10 0.433984 0.681944 0.0257812 0.0805556 0.548551
3 0.652734 0.264583 0.0570313 0.156944 0.568526
11 0.229297 0.882639 0.0554687 0.170833 0.587244
4 0.45 0.110417 0.0140625 0.0513889 0.67002
8 0.590625 0.807639 0.0453125 0.154167 0.701998
4 0.560547 0.107639 0.0148437 0.0486111 0.70313
10 0.467969 0.645139 0.0265625 0.0819444 0.736842
4 0.395703 0.159028 0.0148437 0.0513889 0.795723
10 0.217187 0.355556 0.021875 0.0777778 0.810764
4 0.587109 0.110417 0.0148437 0.0513889 0.832118
4 0.533594 0.109722 0.015625 0.0472222 0.882046
