11 0.197266 0.84375 0.0554687 0.168056 0.262334
4 0.451562 0.132639 0.015625 0.0819444 0.267361
4 0.506641 0.0576389 0.0195312 0.0541667 0.281123
1 0.759766 0.150694 0.0382813 0.1375 0.299986
4 0.417969 0.0194444 0.0171875 0.0333333 0.335271
11 0.646094 0.720833 0.034375 0.116667 0.447438
3 0.65625 0.249306 0.0625 0.179167 0.453406
4 0.451562 0.156944 0.0171875 0.05 0.461505
4 0.397656 0.0590278 0.0171875 0.101389 0.474653
4 0.450781 0.0604167 0.015625 0.0513889 0.487381
10 0.397656 0.354167 0.0171875 0.0555556 0.55767
1 0.533984 0.131944 0.0195312 0.0805556 0.583099
4 0.844922 0.884028 0.0257812 0.0402778 0.593465
4 0.450391 0.107639 0.0164062 0.0513889 0.665958
4 0.533203 0.111806 0.0164062 0.0541667 0.712037
8 0.588672 0.808333 0.0429688 0.147222 0.713072
10 0.530078 0.779167 0.0304688 0.0916667 0.721479
4 0.560938 0.108333 0.015625 0.05 0.763366
4 0.5875 0.109722 0.0171875 0.05 0.805887
4 0.423438 0.107639 0.015625 0.0513889 0.808851
4 0.396484 0.109722 0.0148437 0.0472222 0.823811
