4 0.423047 0.213194 0.0148437 0.0680556 0.260856
4 0.846484 0.892361 0.0304688 0.0569444 0.356028
10 0.397266 0.353472 0.0148437 0.0486111 0.356613
3 0.657812 0.268056 0.053125 0.177778 0.379359
10 0.605469 0.710417 0.034375 0.140278 0.438315
4 0.450781 0.15625 0.0140625 0.0486111 0.465073
11 0.491406 0.760417 0.034375 0.126389 0.484009
8 0.591016 0.809028 0.0445312 0.154167 0.555691
10 0.469531 0.646528 0.028125 0.0819444 0.67189
4 0.45 0.109722 0.0140625 0.05 0.713886
4 0.560938 0.107639 0.015625 0.0486111 0.715803
4 0.5875 0.109028 0.015625 0.0486111 0.804876
4 0.395703 0.159028 0.0148437 0.0513889 0.814505
4 0.533594 0.109722 0.015625 0.0472222 0.877477
