10 0.457422 0.749306 0.0351562 0.115278 0.264321
1 0.650781 0.249306 0.0515625 0.1625 0.287323
4 0.450781 0.0569444 0.0171875 0.0416667 0.297735
4 0.945312 0.932639 0.025 0.0430556 0.30544
1 0.845312 0.890972 0.0359375 0.0513889 0.331249
12 0.199609 0.851389 0.0398437 0.108333 0.332445
4 0.423438 0.20625 0.0125 0.0430556 0.369118
10 0.605469 0.704861 0.0359375 0.1375 0.373874
4 0.683203 0.0277778 0.0195312 0.0444444 0.407489
6 0.0488281 0.928472 0.0554687 0.104167 0.443211
10 0.396875 0.353472 0.0140625 0.0513889 0.479906
4 0.451172 0.154861 0.0148437 0.0541667 0.538325
8 0.589844 0.807639 0.0453125 0.151389 0.544605
10 0.491797 0.754167 0.0351562 0.116667 0.565009
3 0.985547 0.281944 0.0289063 0.172222 0.574867
4 0.560547 0.106944 0.0148437 0.0472222 0.658843
3 0.769531 0.0645833 0.0390625 0.118056 0.706589
4 0.587109 0.109028 0.0148437 0.0513889 0.773821
4 0.396094 0.158333 0.0140625 0.0527778 0.81149
4 0.533594 0.109028 0.0140625 0.0486111 0.856476
