3 0.775 0.05625 0.0265625 0.0958333 0.252733
6 0.757031 0.0354167 0.021875 0.0597222 0.270673
4 0.45 0.0840278 0.015625 0.0763889 0.273798
3 0.762109 0.0506944 0.0257812 0.0930556 0.274498
4 0.449609 0.0611111 0.0148437 0.0527778 0.282052
4 0.559766 0.0576389 0.0179687 0.0458333 0.293667
1 0.50625 0.0555556 0.0171875 0.0555556 0.295692
10 0.423438 0.357639 0.0125 0.0458333 0.312433
4 0.417188 0.01875 0.0171875 0.0347222 0.317548
10 0.416797 0.0173611 0.0164062 0.0347222 0.323477
10 0.397266 0.354861 0.0148437 0.0541667 0.330602
3 0.505859 0.253472 0.0179687 0.0458333 0.352156
11 0.416016 0.717361 0.0429688 0.145833 0.368795
1 0.476953 0.0451389 0.0179687 0.0541667 0.422392
4 0.506641 0.0569444 0.0164062 0.05 0.491127
4 0.397656 0.05625 0.0171875 0.0986111 0.50626
4 0.451172 0.156944 0.0164062 0.0472222 0.579449
11 0.642578 0.731944 0.0429688 0.141667 0.61483
3 0.655859 0.253472 0.0617188 0.179167 0.620612
3 0.883984 0.266667 0.0554687 0.2 0.642998
4 0.560547 0.108333 0.0148437 0.0472222 0.747171
4 0.45 0.108333 0.015625 0.0472222 0.778994
8 0.587891 0.806944 0.0429688 0.15 0.788921
4 0.396094 0.110417 0.015625 0.0458333 0.796336
4 0.5875 0.109028 0.015625 0.0486111 0.832376
4 0.423438 0.107639 0.015625 0.0486111 0.838757
4 0.533594 0.109028 0.015625 0.0486111 0.872768
