3 0.970703 0.0923611 0.0507812 0.156944 0.261287
11 0.673437 0.651389 0.0578125 0.197222 0.266535
3 0.212891 0.0979167 0.0507812 0.1625 0.267755
1 0.819922 0.549306 0.0585938 0.156944 0.274146
1 0.969922 0.0895833 0.0492188 0.148611 0.281409
8 0.591406 0.811111 0.0421875 0.155556 0.286522
1 0.342578 0.04375 0.0351562 0.0708333 0.293012
10 0.410937 0.686806 0.04375 0.140278 0.29961
1 0.735547 0.64375 0.0632813 0.201389 0.313152
1 0.473047 0.0201389 0.0195312 0.0263889 0.316143
6 0.0378906 0.916667 0.0460938 0.105556 0.318555
1 0.476953 0.204167 0.0164062 0.0416667 0.355784
2 0.664062 0.252083 0.0640625 0.176389 0.356098
4 0.417969 0.01875 0.015625 0.0319444 0.382948
10 0.00859375 0.241667 0.015625 0.152778 0.384486
4 0.844922 0.885417 0.0257812 0.0402778 0.454524
6 0.722266 0.025 0.0289063 0.0444444 0.462051
6 0.983203 0.0361111 0.0335938 0.0611111 0.464579
11 0.589453 0.809028 0.0445312 0.148611 0.473802
4 0.397266 0.0590278 0.0164062 0.104167 0.479285
11 0.340234 0.598611 0.0585938 0.180556 0.549146
10 0.397266 0.354861 0.0164062 0.0486111 0.587007
3 0.769922 0.075 0.0429688 0.138889 0.608171
4 0.560547 0.109722 0.0148437 0.05 0.652701
11 0.490234 0.752778 0.0382813 0.136111 0.739006
4 0.450781 0.160417 0.015625 0.0458333 0.758458
4 0.45 0.108333 0.0140625 0.0444444 0.806657
4 0.396094 0.109722 0.015625 0.0472222 0.828658
4 0.423438 0.107639 0.0140625 0.0486111 0.832012
4 0.5875 0.109028 0.015625 0.0486111 0.833568
4 0.533594 0.109028 0.0140625 0.0486111 0.86215
