1 0.195703 0.843056 0.0554687 0.177778 0.256473
6 0.717578 0.0270833 0.0335938 0.0458333 0.261799
4 0.678906 0.0256944 0.0171875 0.0430556 0.27143
11 0.692969 0.636111 0.0359375 0.111111 0.279824
4 0.945312 0.932639 0.025 0.0430556 0.285976
10 0.423828 0.358333 0.0132813 0.0472222 0.325101
4 0.450391 0.0611111 0.0148437 0.0555556 0.33858
3 0.532812 0.152083 0.0203125 0.0569444 0.341264
5 0.122266 0.947917 0.0539063 0.104167 0.345099
2 0.658594 0.252083 0.0640625 0.179167 0.362491
3 0.772266 0.09375 0.0398437 0.159722 0.365496
4 0.533594 0.134722 0.01875 0.0916667 0.365791
11 0.644922 0.720833 0.0351562 0.116667 0.449275
10 0.528125 0.779861 0.0296875 0.0902778 0.491825
4 0.50625 0.0569444 0.01875 0.0583333 0.493422
1 0.533594 0.13125 0.01875 0.0819444 0.493581
4 0.396875 0.0409722 0.0203125 0.0736111 0.505351
7 0.646094 0.720833 0.0328125 0.119444 0.507774
4 0.416016 0.01875 0.0164062 0.0375 0.512401
4 0.844922 0.883333 0.0257812 0.0388889 0.528154
11 0.585938 0.807639 0.04375 0.148611 0.533878
10 0.396875 0.354167 0.015625 0.0555556 0.539138
4 0.450781 0.158333 0.0171875 0.05 0.623216
4 0.450391 0.109028 0.0164062 0.0513889 0.673753
4 0.560547 0.108333 0.0164062 0.0527778 0.706112
4 0.533203 0.111806 0.0164062 0.0541667 0.787148
4 0.587891 0.110417 0.0164062 0.0513889 0.798665
4 0.395703 0.110417 0.0164062 0.0486111 0.819093
4 0.423438 0.108333 0.015625 0.05 0.826027
