2 0.009375 0.546528 0.0171875 0.154167 0.296345
1 0.00742187 0.458333 0.0148437 0.144444 0.300879
1 0.857422 0.904167 0.0539063 0.0777778 0.307884
3 0.105469 0.2875 0.0515625 0.202778 0.332841
1 0.733984 0.538194 0.0539063 0.118056 0.333793
3 0.0460938 0.259722 0.0375 0.136111 0.342285
1 0.0109375 0.270833 0.021875 0.127778 0.435889
6 0.0433594 0.927778 0.0304688 0.0805556 0.493745
1 0.0347656 0.354167 0.0335938 0.125 0.515288
11 0.565234 0.685417 0.0398437 0.123611 0.521024
10 0.598828 0.645139 0.0304688 0.0875 0.559497
