4 0.398828 0.0402778 0.0195312 0.0722222 0.250622
1 0.860547 0.481944 0.0617188 0.169444 0.266017
4 0.560156 0.0583333 0.01875 0.0472222 0.271011
10 0.397266 0.354861 0.0148437 0.0569444 0.284092
3 0.709766 0.1125 0.0539063 0.177778 0.291642
3 0.505859 0.254167 0.0195312 0.05 0.298788
4 0.944922 0.931944 0.0242187 0.0444444 0.30588
4 0.397656 0.0736111 0.015625 0.105556 0.308524
8 0.561719 0.379861 0.0234375 0.0930556 0.31066
4 0.844141 0.884722 0.0257812 0.0388889 0.316262
4 0.45 0.0611111 0.0140625 0.0555556 0.323165
4 0.75625 0.0361111 0.01875 0.0638889 0.326522
10 0.424219 0.358333 0.0125 0.0472222 0.333588
11 0.585938 0.804167 0.046875 0.147222 0.368215
10 0.414062 0.720139 0.040625 0.143056 0.37055
4 0.746875 0.920139 0.0203125 0.0486111 0.419502
1 0.476953 0.0458333 0.0179687 0.0555556 0.423808
7 0.644922 0.725 0.0414063 0.133333 0.443139
9 0.466406 0.702083 0.040625 0.151389 0.449726
1 0.65625 0.2625 0.0578125 0.172222 0.512575
1 0.960156 0.103472 0.0546875 0.179167 0.524881
1 0.709375 0.113194 0.05 0.190278 0.56465
1 0.832031 0.616667 0.05625 0.177778 0.584095
4 0.507031 0.0590278 0.0171875 0.0486111 0.616086
4 0.560938 0.108333 0.015625 0.0472222 0.749339
11 0.641406 0.727083 0.04375 0.1375 0.750864
4 0.451562 0.158333 0.015625 0.0472222 0.77311
4 0.45 0.108333 0.015625 0.0472222 0.783883
8 0.587891 0.80625 0.0445312 0.148611 0.813212
4 0.396484 0.110417 0.0148437 0.0458333 0.823546
4 0.423828 0.108333 0.0148437 0.05 0.83596
4 0.587891 0.110417 0.0164062 0.0486111 0.841494
4 0.533594 0.110417 0.015625 0.0486111 0.876391
