4 0.560156 0.0583333 0.01875 0.0472222 0.251509
1 0.858594 0.482639 0.0609375 0.170833 0.252559
10 0.00859375 0.24375 0.0171875 0.1625 0.257837
9 0.466797 0.706944 0.0414063 0.152778 0.257961
8 0.562109 0.379167 0.0226563 0.0888889 0.2665
3 0.505859 0.254167 0.0195312 0.05 0.269947
4 0.45 0.0618056 0.0140625 0.0569444 0.279535
11 0.585156 0.805556 0.046875 0.144444 0.282905
10 0.414844 0.721528 0.040625 0.148611 0.296066
1 0.656641 0.263194 0.0585938 0.176389 0.296525
4 0.944922 0.931944 0.0242187 0.0444444 0.303233
4 0.397656 0.0708333 0.015625 0.105556 0.315119
4 0.398828 0.0402778 0.0195312 0.0722222 0.330109
10 0.424219 0.357639 0.0125 0.0458333 0.331092
4 0.75625 0.0368056 0.01875 0.0652778 0.338942
4 0.844141 0.884722 0.0257812 0.0388889 0.340606
10 0.230859 0.861806 0.0398437 0.143056 0.346555
1 0.710156 0.115278 0.0484375 0.183333 0.349922
1 0.476953 0.0451389 0.0179687 0.0569444 0.375628
4 0.746875 0.920139 0.0203125 0.0486111 0.428866
3 0.708984 0.114583 0.0492188 0.190278 0.430801
7 0.644141 0.726389 0.0414063 0.133333 0.48736
1 0.958984 0.104167 0.0539063 0.177778 0.493352
1 0.832031 0.61875 0.05625 0.179167 0.584894
4 0.507031 0.0597222 0.0171875 0.05 0.635118
4 0.560938 0.108333 0.015625 0.0472222 0.745622
11 0.641016 0.727778 0.0445312 0.138889 0.746509
4 0.451562 0.157639 0.015625 0.0486111 0.756022
4 0.45 0.108333 0.015625 0.0472222 0.76793
8 0.587109 0.806944 0.0445312 0.15 0.769306
4 0.396484 0.110417 0.0148437 0.0458333 0.810931
4 0.423828 0.108333 0.0148437 0.05 0.827309
4 0.587891 0.110417 0.0164062 0.0486111 0.834155
4 0.533594 0.110417 0.015625 0.0486111 0.876759
