1 0.341016 0.0423611 0.0367187 0.0569444 0.252041
4 0.505469 0.0604167 0.01875 0.0458333 0.28895
4 0.845703 0.8875 0.0273438 0.0444444 0.298149
1 0.450391 0.159722 0.0148437 0.0444444 0.307643
8 0.592969 0.811111 0.0421875 0.161111 0.341075
10 0.605859 0.709722 0.0335938 0.138889 0.363814
4 0.450781 0.15625 0.0140625 0.0486111 0.367623
1 0.534375 0.204167 0.0171875 0.05 0.382247
4 0.423047 0.209722 0.0148437 0.0583333 0.419198
10 0.396484 0.354861 0.0148437 0.0486111 0.483646
11 0.591406 0.809028 0.0453125 0.154167 0.498719
2 0.6625 0.0451389 0.0515625 0.0819444 0.577039
11 0.491797 0.760417 0.0351562 0.129167 0.579095
10 0.469531 0.647222 0.028125 0.0833333 0.59212
4 0.45 0.109722 0.0140625 0.05 0.724576
3 0.649609 0.26875 0.0539063 0.179167 0.735165
4 0.560547 0.108333 0.0148437 0.0472222 0.749839
4 0.395703 0.159028 0.0148437 0.0513889 0.809343
4 0.586719 0.110417 0.015625 0.0513889 0.821961
4 0.533594 0.110417 0.015625 0.0458333 0.873974
