10 0.618359 0.71875 0.0320312 0.0902778 0.251907
4 0.844531 0.884722 0.0265625 0.0361111 0.261219
4 0.560156 0.0576389 0.01875 0.0458333 0.284765
1 0.473828 0.0201389 0.0210938 0.0319444 0.354396
1 0.971484 0.281944 0.0507812 0.175 0.359411
4 0.683203 0.0277778 0.0179687 0.0472222 0.398183
10 0.396875 0.354861 0.015625 0.0513889 0.431205
4 0.397266 0.0555556 0.0164062 0.0972222 0.494623
8 0.590625 0.811111 0.0421875 0.155556 0.553264
4 0.451953 0.158333 0.0164062 0.0472222 0.629502
4 0.45 0.109028 0.0140625 0.0486111 0.693817
4 0.560547 0.107639 0.0148437 0.0513889 0.718208
10 0.529688 0.779167 0.0296875 0.0916667 0.764224
11 0.488281 0.752778 0.0390625 0.133333 0.781126
4 0.5875 0.109028 0.015625 0.0486111 0.785085
4 0.396094 0.110417 0.015625 0.0458333 0.785572
4 0.533203 0.110417 0.0148437 0.0541667 0.821758
4 0.423438 0.108333 0.015625 0.05 0.832869
