4 0.422656 0.05625 0.01875 0.109722 0.26053
1 0.560547 0.104167 0.0179687 0.0555556 0.268813
10 0.423828 0.379167 0.0179687 0.0861111 0.389128
4 0.396875 0.0583333 0.0171875 0.111111 0.399031
10 0.478125 0.376389 0.0203125 0.0888889 0.405054
2 0.6625 0.254167 0.0734375 0.175 0.424667
4 0.5875 0.0576389 0.01875 0.0458333 0.450543
1 0.961719 0.102778 0.0578125 0.175 0.485016
8 0.478516 0.378472 0.0226563 0.0902778 0.540741
1 0.833594 0.588889 0.0625 0.152778 0.548975
3 0.661328 0.253472 0.0695312 0.179167 0.568882
4 0.844141 0.885417 0.0242187 0.0375 0.643226
10 0.533984 0.381944 0.0226563 0.0833333 0.710498
4 0.505469 0.113194 0.01875 0.0458333 0.771744
4 0.560547 0.109722 0.0164062 0.05 0.773193
4 0.5875 0.109722 0.0171875 0.05 0.77461
4 0.450391 0.107639 0.0179687 0.0486111 0.813098
4 0.396094 0.110417 0.0171875 0.0458333 0.8157
4 0.423047 0.109028 0.0179687 0.0513889 0.828145
4 0.533594 0.111111 0.0171875 0.0472222 0.838812
4 0.476953 0.1125 0.0179687 0.0472222 0.865045
