10 0.557813 0.688889 0.0265625 0.0805556 0.252438
4 0.846094 0.892361 0.03125 0.0569444 0.255477
6 0.0511719 0.930556 0.0414063 0.0944444 0.260232
11 0.491406 0.756944 0.0359375 0.122222 0.265481
4 0.50625 0.0590278 0.01875 0.0486111 0.314953
1 0.760547 0.0840278 0.0257812 0.120833 0.333838
8 0.591016 0.809028 0.0429688 0.148611 0.383098
1 0.476953 0.201389 0.0164062 0.0472222 0.388677
10 0.619141 0.754861 0.0335938 0.131944 0.449046
4 0.450781 0.160417 0.0140625 0.0458333 0.617419
4 0.560938 0.106944 0.015625 0.05 0.705391
4 0.45 0.109028 0.0140625 0.0486111 0.721197
4 0.5875 0.109028 0.015625 0.0486111 0.796263
4 0.396484 0.109028 0.0148437 0.0513889 0.824504
4 0.533594 0.109722 0.015625 0.05 0.879595
