3 0.757812 0.0604167 0.0234375 0.106944 0.266299
4 0.417969 0.01875 0.0171875 0.0319444 0.276443
3 0.507812 0.351389 0.0203125 0.0472222 0.278514
10 0.554297 0.6875 0.0226563 0.0777778 0.286198
1 0.473047 0.0208333 0.0210938 0.0277778 0.294061
6 0.758984 0.0458333 0.0257812 0.0861111 0.332313
10 0.419141 0.0180556 0.0164062 0.0361111 0.342057
10 0.520703 0.711806 0.0273438 0.0902778 0.348541
1 0.477734 0.201389 0.0164062 0.0472222 0.355361
4 0.844531 0.884722 0.025 0.0388889 0.436217
4 0.423438 0.206944 0.0140625 0.0472222 0.466251
4 0.396484 0.0555556 0.0164062 0.0944444 0.486525
6 0.723828 0.0243056 0.0304688 0.0430556 0.621943
8 0.588672 0.806944 0.0398437 0.147222 0.674863
11 0.489844 0.754167 0.034375 0.127778 0.695342
4 0.450781 0.160417 0.015625 0.0486111 0.720501
4 0.560547 0.106944 0.0164062 0.05 0.723065
4 0.450391 0.109722 0.0148437 0.05 0.736595
4 0.396094 0.110417 0.0140625 0.0486111 0.77611
4 0.587891 0.109722 0.0164062 0.05 0.826598
4 0.533594 0.109028 0.0140625 0.0486111 0.861862
