1 0.121875 0.945833 0.0609375 0.108333 0.271034
4 0.423438 0.20625 0.0125 0.0430556 0.306263
4 0.845703 0.888889 0.0273438 0.0444444 0.339123
3 0.505859 0.0597222 0.0179687 0.0472222 0.350737
10 0.605078 0.710417 0.0335938 0.1375 0.361332
10 0.397266 0.353472 0.0148437 0.0486111 0.404531
11 0.491797 0.761111 0.0335938 0.122222 0.485484
4 0.450781 0.156944 0.0140625 0.0472222 0.521732
8 0.591016 0.808333 0.0460938 0.155556 0.620581
10 0.469141 0.647222 0.0273438 0.0805556 0.678283
4 0.560938 0.107639 0.015625 0.0486111 0.729287
4 0.450391 0.109722 0.0148437 0.05 0.755273
4 0.395703 0.159028 0.0148437 0.0513889 0.825596
4 0.587891 0.109722 0.0164062 0.05 0.85073
4 0.533594 0.109722 0.015625 0.0472222 0.885077
