3 0.712891 0.107639 0.0492188 0.173611 0.25237
4 0.417188 0.0194444 0.01875 0.0361111 0.26075
11 0.414453 0.716667 0.0476562 0.158333 0.264613
10 0.423438 0.358333 0.0125 0.0472222 0.270644
1 0.791406 0.565972 0.0609375 0.129167 0.272343
1 0.959375 0.113194 0.053125 0.184722 0.273401
3 0.505859 0.254861 0.0179687 0.0458333 0.285216
2 0.657031 0.254167 0.0640625 0.177778 0.302569
10 0.414844 0.718056 0.04375 0.155556 0.313878
10 0.232031 0.863194 0.0421875 0.145833 0.326177
3 0.533984 0.153472 0.0195312 0.0458333 0.337798
3 0.758984 0.0541667 0.0242187 0.102778 0.373631
10 0.527734 0.759028 0.0335938 0.134722 0.454776
4 0.451172 0.157639 0.0164062 0.0486111 0.479834
4 0.45 0.106944 0.015625 0.05 0.498373
10 0.396875 0.354861 0.015625 0.0569444 0.509848
4 0.397656 0.05625 0.0171875 0.0986111 0.510028
11 0.527344 0.758333 0.034375 0.133333 0.587319
8 0.587109 0.807639 0.0398437 0.145833 0.642135
4 0.560547 0.107639 0.0148437 0.0486111 0.708771
4 0.396094 0.109722 0.015625 0.0472222 0.759365
4 0.5875 0.109722 0.015625 0.05 0.793548
4 0.423438 0.107639 0.015625 0.0513889 0.794886
4 0.533203 0.111806 0.0148437 0.0541667 0.8012
