4 0.560156 0.0576389 0.01875 0.0458333 0.256874
10 0.396875 0.354167 0.0140625 0.05 0.257385
6 0.0507812 0.930556 0.0421875 0.0944444 0.272336
1 0.760547 0.0826389 0.0257812 0.120833 0.2841
10 0.433984 0.680556 0.0304688 0.0888889 0.288497
4 0.50625 0.0597222 0.01875 0.0472222 0.356299
1 0.477344 0.201389 0.015625 0.0472222 0.382434
8 0.590625 0.808333 0.0421875 0.15 0.409523
10 0.619922 0.754167 0.0335938 0.133333 0.43773
4 0.450781 0.161111 0.0140625 0.0444444 0.640912
4 0.560938 0.106944 0.015625 0.05 0.705884
4 0.45 0.109028 0.0140625 0.0486111 0.737014
4 0.5875 0.109028 0.015625 0.0486111 0.802672
4 0.396484 0.109722 0.0148437 0.05 0.830239
4 0.533594 0.110417 0.015625 0.0486111 0.883044
