4 0.559766 0.0590278 0.0179687 0.0458333 0.256972
4 0.846094 0.891667 0.0296875 0.0555556 0.265451
1 0.534766 0.204167 0.0179687 0.05 0.285561
4 0.423438 0.20625 0.0125 0.0430556 0.291896
11 0.594141 0.804167 0.0476562 0.152778 0.292065
4 0.450781 0.15625 0.0140625 0.0486111 0.329583
3 0.505859 0.0597222 0.0179687 0.0444444 0.338101
10 0.602734 0.706944 0.0335938 0.136111 0.450551
3 0.652344 0.261111 0.0578125 0.161111 0.459657
10 0.396875 0.354167 0.015625 0.0527778 0.462516
11 0.491406 0.761111 0.0328125 0.119444 0.470768
11 0.230469 0.884028 0.059375 0.176389 0.517555
8 0.590625 0.808333 0.0453125 0.155556 0.639397
4 0.45 0.110417 0.0140625 0.0513889 0.684102
4 0.560938 0.108333 0.015625 0.0472222 0.717354
10 0.46875 0.645833 0.0265625 0.0805556 0.724177
4 0.396094 0.159028 0.0140625 0.0513889 0.796989
4 0.587109 0.110417 0.0148437 0.0513889 0.829594
4 0.533594 0.109722 0.015625 0.0472222 0.883998
