10 0.419531 0.711111 0.0375 0.136111 0.250343
1 0.476172 0.0451389 0.0164062 0.0513889 0.255911
1 0.828516 0.63125 0.0648438 0.179167 0.269739
10 0.533984 0.354861 0.0148437 0.0486111 0.306284
7 0.325 0.6125 0.0640625 0.188889 0.31501
10 0.419141 0.0166667 0.0164062 0.0333333 0.323091
10 0.396484 0.0451389 0.0164062 0.0597222 0.326092
11 0.469141 0.664583 0.0351562 0.120833 0.359593
1 0.660547 0.109028 0.0523437 0.190278 0.360816
1 0.450391 0.157639 0.0164062 0.0430556 0.378173
4 0.397266 0.0590278 0.0164062 0.0986111 0.385193
4 0.746094 0.920139 0.021875 0.0541667 0.39931
4 0.533203 0.1125 0.0148437 0.0555556 0.404134
1 0.666406 0.0319444 0.0453125 0.0638889 0.413102
4 0.50625 0.0527778 0.015625 0.05 0.425135
4 0.5875 0.0576389 0.01875 0.0458333 0.447094
10 0.476953 0.377778 0.0179687 0.075 0.454444
11 0.642187 0.734028 0.046875 0.148611 0.461621
1 0.967188 0.109028 0.053125 0.176389 0.466737
4 0.945312 0.931944 0.0234375 0.0444444 0.476748
1 0.658594 0.259722 0.05625 0.166667 0.501218
4 0.84375 0.884028 0.025 0.0375 0.534126
4 0.450391 0.111111 0.0148437 0.05 0.606562
1 0.533984 0.129167 0.0179687 0.0805556 0.698082
4 0.560938 0.108333 0.015625 0.0472222 0.778775
4 0.396094 0.111111 0.0140625 0.0472222 0.785246
4 0.423438 0.107639 0.015625 0.0486111 0.814499
4 0.5875 0.106944 0.0171875 0.05 0.831541
4 0.477344 0.108333 0.015625 0.05 0.866643
