10 0.521484 0.713194 0.0304688 0.0958333 0.265175
9 0.342187 0.593056 0.06875 0.180556 0.269223
6 0.0375 0.916667 0.0453125 0.102778 0.275928
1 0.472656 0.0194444 0.0203125 0.025 0.277375
3 0.976562 0.282639 0.046875 0.170833 0.28701
10 0.555859 0.688194 0.0242187 0.0791667 0.325769
10 0.4125 0.688194 0.04375 0.1375 0.354887
1 0.341797 0.0430556 0.0351562 0.0722222 0.364206
4 0.844531 0.885417 0.025 0.0402778 0.365232
4 0.396484 0.0611111 0.0164062 0.108333 0.380314
6 0.723828 0.0243056 0.0320312 0.0430556 0.386974
10 0.00898437 0.244444 0.0164062 0.161111 0.388768
1 0.791406 0.540972 0.053125 0.156944 0.39621
2 0.663281 0.252083 0.0671875 0.181944 0.418271
1 0.477344 0.202083 0.0171875 0.0458333 0.462934
8 0.591797 0.809028 0.0414063 0.159722 0.465412
4 0.423828 0.20625 0.0148437 0.0458333 0.479672
10 0.612891 0.725 0.0273438 0.0888889 0.555668
11 0.341406 0.599306 0.059375 0.181944 0.572614
11 0.589844 0.807639 0.04375 0.154167 0.592785
10 0.397266 0.355556 0.0164062 0.0472222 0.651129
4 0.560547 0.109722 0.0148437 0.05 0.666633
4 0.450391 0.160417 0.0148437 0.0458333 0.700887
11 0.491016 0.755556 0.0367187 0.130556 0.715625
4 0.45 0.109028 0.0140625 0.0486111 0.78593
4 0.396094 0.109028 0.015625 0.0486111 0.796728
4 0.5875 0.109028 0.015625 0.0486111 0.827862
4 0.533594 0.109028 0.0140625 0.0486111 0.856572
