6 0.983594 0.0375 0.0328125 0.0638889 0.255461
9 0.341016 0.591667 0.0679687 0.180556 0.256236
3 0.213281 0.0972222 0.05 0.161111 0.263397
10 0.423438 0.358333 0.015625 0.0416667 0.272079
7 0.578516 0.688194 0.0445312 0.159722 0.285661
1 0.342187 0.04375 0.034375 0.0708333 0.291156
3 0.789453 0.574306 0.0460938 0.126389 0.291504
2 0.6625 0.254861 0.0625 0.170833 0.30606
4 0.417188 0.01875 0.015625 0.0319444 0.307424
1 0.473047 0.0201389 0.0195312 0.0263889 0.31102
6 0.0378906 0.917361 0.0460938 0.104167 0.320647
10 0.612891 0.71875 0.0289063 0.0930556 0.323055
1 0.476953 0.204167 0.0164062 0.0416667 0.336689
1 0.791406 0.568056 0.0546875 0.130556 0.367206
4 0.844922 0.885417 0.0257812 0.0402778 0.405533
11 0.587891 0.801389 0.0476562 0.152778 0.406607
6 0.722656 0.0243056 0.0296875 0.0430556 0.429153
10 0.00859375 0.242361 0.015625 0.154167 0.438269
4 0.397266 0.0611111 0.0164062 0.105556 0.450348
11 0.339844 0.598611 0.0578125 0.180556 0.456916
8 0.591016 0.808333 0.0429688 0.158333 0.483302
3 0.767187 0.0673611 0.0421875 0.123611 0.515144
11 0.490234 0.752083 0.0382813 0.1375 0.593323
10 0.397266 0.355556 0.0164062 0.0472222 0.629377
11 0.577344 0.685417 0.046875 0.159722 0.653174
4 0.560547 0.109722 0.0148437 0.05 0.670477
4 0.450781 0.160417 0.015625 0.0458333 0.759079
4 0.45 0.107639 0.0140625 0.0458333 0.80595
4 0.396094 0.109722 0.015625 0.0472222 0.832077
4 0.423438 0.107639 0.0140625 0.0486111 0.834693
4 0.587891 0.109028 0.0164062 0.0486111 0.840896
4 0.533594 0.109028 0.0140625 0.0486111 0.863408
