11 0.491797 0.75625 0.0335938 0.118056 0.256325
10 0.561328 0.354861 0.0148437 0.0513889 0.263338
11 0.590234 0.80625 0.0445312 0.151389 0.295273
4 0.945312 0.931944 0.025 0.0416667 0.303599
1 0.650781 0.247917 0.0515625 0.165278 0.309827
4 0.423438 0.20625 0.0125 0.0458333 0.310641
4 0.751953 0.919444 0.0210938 0.0472222 0.317871
4 0.450781 0.0569444 0.0171875 0.0416667 0.320998
10 0.604688 0.699306 0.034375 0.131944 0.325415
12 0.202344 0.852083 0.04375 0.106944 0.358874
10 0.455078 0.75 0.0320312 0.111111 0.367028
1 0.846484 0.892361 0.0367187 0.0541667 0.384865
4 0.683203 0.0277778 0.0195312 0.0444444 0.389411
10 0.396875 0.353472 0.0140625 0.0513889 0.434065
6 0.0492188 0.926389 0.0546875 0.105556 0.440803
8 0.589844 0.808333 0.0453125 0.152778 0.48637
3 0.769922 0.0645833 0.0382813 0.118056 0.516216
4 0.451172 0.154861 0.0148437 0.0541667 0.519518
10 0.492188 0.757639 0.034375 0.115278 0.520516
3 0.984766 0.283333 0.0304688 0.172222 0.521922
4 0.560547 0.106944 0.0148437 0.0472222 0.645408
4 0.587109 0.109028 0.0148437 0.0513889 0.766196
4 0.396094 0.158333 0.0140625 0.0527778 0.798152
4 0.533594 0.108333 0.0140625 0.05 0.852107
