10 0.424219 0.357639 0.0125 0.0458333 0.28117
11 0.590234 0.802083 0.0445312 0.154167 0.285657
4 0.397656 0.0791667 0.015625 0.102778 0.286462
4 0.45 0.0618056 0.0140625 0.0569444 0.289896
4 0.45 0.0847222 0.015625 0.0777778 0.291079
4 0.944922 0.931944 0.0242187 0.0444444 0.311343
4 0.844141 0.884722 0.0257812 0.0388889 0.336228
1 0.476953 0.0458333 0.0179687 0.0555556 0.373079
4 0.756641 0.0368056 0.0195312 0.0652778 0.416923
1 0.50625 0.254861 0.01875 0.0458333 0.43472
4 0.746484 0.920139 0.0195312 0.0486111 0.435165
1 0.960938 0.104861 0.0546875 0.179167 0.456885
7 0.644141 0.725 0.0414063 0.133333 0.4635
1 0.708984 0.114583 0.0492188 0.190278 0.482215
1 0.65625 0.263889 0.0578125 0.169444 0.486072
1 0.832031 0.615278 0.05625 0.177778 0.582062
4 0.507031 0.0590278 0.0171875 0.0486111 0.607138
4 0.560938 0.108333 0.015625 0.0472222 0.741446
11 0.641406 0.727778 0.04375 0.138889 0.764328
4 0.451172 0.157639 0.0164062 0.0486111 0.767295
8 0.587109 0.806944 0.0429688 0.15 0.769622
4 0.45 0.108333 0.015625 0.0472222 0.784623
4 0.396094 0.110417 0.015625 0.0458333 0.825396
4 0.587891 0.110417 0.0164062 0.0486111 0.839893
4 0.423828 0.108333 0.0148437 0.05 0.843808
4 0.533594 0.110417 0.015625 0.0486111 0.8764
