1 0.794141 0.579861 0.0398437 0.123611 0.251626
6 0.896484 0.895833 0.0367187 0.0555556 0.25493
10 0.423438 0.357639 0.0125 0.0486111 0.259058
10 0.422656 0.201389 0.0140625 0.0472222 0.2934
4 0.944922 0.93125 0.0242187 0.0458333 0.30339
4 0.397656 0.0694444 0.0171875 0.105556 0.308667
3 0.45 0.154167 0.01875 0.0472222 0.329211
7 0.96875 0.0888889 0.0515625 0.155556 0.369405
4 0.505469 0.0451389 0.0171875 0.0597222 0.387294
1 0.837891 0.602778 0.0585938 0.177778 0.399612
1 0.450781 0.15625 0.0171875 0.0458333 0.428657
10 0.396875 0.354167 0.015625 0.0555556 0.44516
4 0.532812 0.113194 0.015625 0.0513889 0.487963
4 0.589453 0.0479167 0.0179687 0.0541667 0.5551
10 0.477344 0.377083 0.01875 0.0791667 0.560061
4 0.45 0.113889 0.015625 0.0527778 0.591442
1 0.533594 0.134722 0.01875 0.0777778 0.614712
1 0.967969 0.0993056 0.0546875 0.168056 0.739188
4 0.396094 0.109722 0.015625 0.0472222 0.791465
4 0.587891 0.109028 0.0164062 0.0486111 0.810869
4 0.561328 0.109722 0.0148437 0.0444444 0.826139
4 0.423438 0.108333 0.015625 0.05 0.826659
4 0.477734 0.109028 0.0164062 0.0513889 0.869032
