7 0.454688 0.733333 0.0421875 0.163889 0.251334
10 0.534766 0.24375 0.0148437 0.0569444 0.255865
4 0.397656 0.08125 0.015625 0.0958333 0.258014
4 0.412109 0.01875 0.0164062 0.0347222 0.262025
4 0.560156 0.0576389 0.01875 0.0458333 0.270982
1 0.114063 0.950694 0.059375 0.0986111 0.278255
4 0.396875 0.0527778 0.0171875 0.0611111 0.282857
1 0.654688 0.247222 0.0640625 0.191667 0.293127
8 0.596094 0.809722 0.0453125 0.158333 0.297245
10 0.424219 0.358333 0.0140625 0.0416667 0.319436
3 0.789844 0.547917 0.0546875 0.165278 0.32913
1 0.533984 0.121528 0.0164062 0.0708333 0.343974
11 0.249219 0.881944 0.0640625 0.177778 0.349676
11 0.533984 0.771528 0.0351562 0.1125 0.361518
3 0.508594 0.35625 0.0203125 0.0458333 0.373375
7 0.494531 0.75625 0.0375 0.129167 0.410663
10 0.221484 0.358333 0.0242187 0.0861111 0.432178
10 0.533984 0.358333 0.0148437 0.0416667 0.434214
9 0.406641 0.696528 0.0398437 0.148611 0.463521
10 0.397656 0.355556 0.015625 0.05 0.467925
4 0.419141 0.0194444 0.0164062 0.0361111 0.480564
4 0.534375 0.203472 0.015625 0.0486111 0.486438
11 0.594141 0.808333 0.0460938 0.15 0.534527
1 0.792969 0.547917 0.05 0.168056 0.572247
4 0.451953 0.158333 0.0164062 0.0472222 0.667567
4 0.560938 0.107639 0.015625 0.0486111 0.705646
4 0.450391 0.107639 0.0148437 0.0458333 0.768137
4 0.423438 0.106944 0.015625 0.0527778 0.779953
4 0.396484 0.111111 0.0148437 0.05 0.793551
4 0.5875 0.109722 0.015625 0.05 0.802818
11 0.494922 0.756944 0.0351562 0.133333 0.820713
4 0.533594 0.109722 0.0140625 0.0527778 0.828295
