10 0.00898437 0.24375 0.0164062 0.156944 0.262933
11 0.270312 0.895833 0.0609375 0.163889 0.265997
1 0.476953 0.203472 0.0164062 0.0430556 0.295464
3 0.96875 0.304167 0.0515625 0.138889 0.319816
4 0.559766 0.0576389 0.0195312 0.0486111 0.336718
10 0.396875 0.354167 0.015625 0.05 0.393417
4 0.397266 0.0388889 0.0179687 0.0666667 0.450299
4 0.845312 0.884722 0.025 0.0388889 0.500814
9 0.405078 0.686806 0.0445312 0.151389 0.538413
3 0.651563 0.25625 0.05625 0.168056 0.629395
11 0.589453 0.809722 0.0429688 0.147222 0.678237
11 0.489453 0.754167 0.0351562 0.125 0.70744
4 0.451172 0.161111 0.0148437 0.0444444 0.708892
4 0.560938 0.106944 0.015625 0.05 0.737958
4 0.396484 0.111111 0.0148437 0.0472222 0.775604
4 0.450391 0.108333 0.0148437 0.0444444 0.778525
4 0.423828 0.106944 0.0148437 0.05 0.800639
4 0.5875 0.109028 0.015625 0.0486111 0.83296
4 0.533594 0.109028 0.0140625 0.0486111 0.868935
