4 0.759375 0.0645833 0.0203125 0.0986111 0.270344
4 0.846094 0.891667 0.0296875 0.0555556 0.272989
1 0.534766 0.204167 0.0179687 0.05 0.284127
11 0.594141 0.804167 0.0476562 0.152778 0.286201
3 0.505859 0.0597222 0.0179687 0.0444444 0.296238
4 0.560156 0.0583333 0.01875 0.0444444 0.322013
4 0.423047 0.20625 0.0117188 0.0430556 0.330685
4 0.450781 0.15625 0.0140625 0.0486111 0.349284
3 0.652734 0.259722 0.0570313 0.166667 0.380701
11 0.231641 0.879167 0.0570313 0.169444 0.432515
11 0.491406 0.759722 0.0328125 0.122222 0.433692
10 0.396875 0.354167 0.015625 0.0527778 0.434253
10 0.603516 0.708333 0.0335938 0.138889 0.447968
10 0.217578 0.35625 0.0210938 0.0791667 0.604569
8 0.590625 0.808333 0.0453125 0.155556 0.605124
3 0.160547 0.475694 0.0601562 0.226389 0.634652
10 0.46875 0.645139 0.0265625 0.0791667 0.671623
4 0.45 0.110417 0.0140625 0.0513889 0.67844
4 0.560547 0.107639 0.0148437 0.0486111 0.726849
4 0.395703 0.158333 0.0148437 0.0527778 0.798757
4 0.5875 0.109028 0.015625 0.0486111 0.829212
4 0.533594 0.109722 0.015625 0.0472222 0.88143
