6 0.0457031 0.926389 0.0523437 0.108333 0.253538
10 0.21875 0.358333 0.0203125 0.0833333 0.258842
4 0.941797 0.930556 0.0257812 0.0472222 0.336666
4 0.844922 0.884722 0.0273438 0.0388889 0.387607
4 0.423438 0.204861 0.0125 0.0430556 0.409558
4 0.559766 0.0569444 0.0179687 0.0444444 0.417803
10 0.397266 0.353472 0.0148437 0.0513889 0.456861
11 0.234766 0.882639 0.0554687 0.170833 0.476456
3 0.661719 0.261806 0.0640625 0.168056 0.494355
4 0.451172 0.156944 0.0148437 0.0472222 0.560489
8 0.590234 0.80625 0.0445312 0.154167 0.676889
4 0.45 0.109722 0.0140625 0.05 0.730566
4 0.560547 0.109722 0.0148437 0.0472222 0.74427
4 0.395703 0.158333 0.0148437 0.0527778 0.808921
4 0.5875 0.109722 0.015625 0.0472222 0.841814
4 0.533594 0.109722 0.015625 0.0472222 0.878365
