7 0.650391 0.722222 0.0382813 0.130556 0.26019
4 0.746094 0.920833 0.0203125 0.05 0.282192
10 0.396875 0.0451389 0.01875 0.0569444 0.30603
1 0.45 0.158333 0.01875 0.0444444 0.312518
4 0.506641 0.211806 0.0148437 0.0625 0.313201
8 0.341016 0.264583 0.0726563 0.240278 0.331555
4 0.397656 0.0645833 0.0171875 0.101389 0.355597
10 0.505859 0.254167 0.0148437 0.0416667 0.359463
10 0.416406 0.0173611 0.0171875 0.0347222 0.372117
4 0.945312 0.931944 0.0234375 0.0444444 0.388128
3 0.216797 0.144444 0.0492188 0.219444 0.395086
9 0.416797 0.713194 0.0429688 0.151389 0.416925
4 0.844141 0.885417 0.0242187 0.0402778 0.459178
8 0.477734 0.377083 0.0195312 0.0819444 0.469113
1 0.841016 0.613194 0.0617188 0.181944 0.50697
3 0.45 0.15625 0.01875 0.0458333 0.545715
1 0.533203 0.151389 0.0179687 0.0527778 0.572175
4 0.533203 0.113194 0.0148437 0.0513889 0.602438
1 0.960547 0.100694 0.0539063 0.170833 0.646861
4 0.45 0.111806 0.015625 0.0513889 0.652429
10 0.477734 0.375694 0.0195312 0.0791667 0.730879
4 0.396094 0.109722 0.015625 0.0472222 0.78326
4 0.587891 0.109028 0.0164062 0.0486111 0.799702
4 0.423438 0.109028 0.015625 0.0486111 0.818501
4 0.560938 0.110417 0.015625 0.0458333 0.828739
10 0.533594 0.383333 0.0203125 0.0722222 0.842421
4 0.477344 0.109028 0.0171875 0.0513889 0.872444
