11 0.59375 0.803472 0.046875 0.154167 0.262981
3 0.759766 0.0638889 0.0210938 0.1 0.283815
4 0.50625 0.0604167 0.01875 0.0458333 0.289436
3 0.505859 0.0604167 0.0179687 0.0458333 0.323542
4 0.423047 0.211111 0.0148437 0.0638889 0.324031
4 0.560156 0.0590278 0.01875 0.0458333 0.345984
4 0.845312 0.886111 0.0265625 0.0416667 0.348088
4 0.451172 0.15625 0.0148437 0.0486111 0.392945
10 0.397266 0.353472 0.0148437 0.0513889 0.419503
10 0.603125 0.708333 0.034375 0.138889 0.473994
11 0.491406 0.759722 0.034375 0.125 0.569881
3 0.652734 0.261806 0.0585938 0.1625 0.612715
10 0.469141 0.645833 0.0273438 0.0805556 0.674809
8 0.590625 0.807639 0.0453125 0.154167 0.676148
4 0.450391 0.109722 0.0148437 0.05 0.724303
4 0.560938 0.106944 0.015625 0.05 0.748613
4 0.395703 0.158333 0.0148437 0.0527778 0.817424
4 0.5875 0.110417 0.015625 0.0486111 0.834786
4 0.533594 0.109722 0.015625 0.0472222 0.883062
