6 0.892187 0.907639 0.034375 0.0763889 0.261661
10 0.477344 0.376389 0.0203125 0.0833333 0.262732
10 0.396875 0.0451389 0.0171875 0.0597222 0.265362
3 0.969531 0.0826389 0.05 0.145833 0.268093
10 0.424219 0.35625 0.0125 0.0486111 0.268493
4 0.506641 0.211806 0.0148437 0.0597222 0.278922
1 0.7625 0.153472 0.0390625 0.143056 0.279637
9 0.446484 0.623611 0.0335938 0.108333 0.290644
9 0.336328 0.721528 0.0429688 0.145833 0.298376
11 0.419531 0.706944 0.0375 0.136111 0.303582
6 0.721094 0.0277778 0.0359375 0.0472222 0.312221
11 0.519141 0.671528 0.0335938 0.1375 0.33074
4 0.423828 0.248611 0.0148437 0.0527778 0.342881
1 0.450781 0.157639 0.0171875 0.0430556 0.346275
4 0.397656 0.0631944 0.015625 0.106944 0.356579
7 0.470313 0.663194 0.0296875 0.1125 0.364813
4 0.945312 0.931944 0.025 0.0472222 0.368149
1 0.476562 0.04375 0.0171875 0.0541667 0.369853
3 0.450391 0.155556 0.0179687 0.0444444 0.395401
11 0.634375 0.735417 0.0484375 0.154167 0.405822
10 0.506641 0.743056 0.0289063 0.0916667 0.410418
4 0.50625 0.0541667 0.015625 0.0472222 0.41575
6 0.972266 0.0381944 0.0445312 0.0569444 0.429239
4 0.587891 0.05625 0.0179687 0.0430556 0.477211
1 0.969141 0.0826389 0.0523437 0.148611 0.481816
4 0.450391 0.111111 0.0148437 0.05 0.655938
4 0.84375 0.885417 0.025 0.0375 0.683521
6 0.823438 0.722222 0.065625 0.202778 0.696333
1 0.533984 0.129167 0.0179687 0.0805556 0.708145
4 0.560938 0.108333 0.0140625 0.0472222 0.791841
4 0.396484 0.110417 0.0148437 0.0458333 0.814923
4 0.423828 0.107639 0.0148437 0.0486111 0.815167
4 0.587891 0.107639 0.0164062 0.0486111 0.848267
4 0.477734 0.109028 0.0164062 0.0513889 0.881394
