4 0.449609 0.0847222 0.0148437 0.0777778 0.270087
1 0.476953 0.0416667 0.0179687 0.0638889 0.275084
4 0.688281 0.0222222 0.021875 0.0388889 0.289532
8 0.596094 0.800694 0.0453125 0.154167 0.327902
4 0.506641 0.209722 0.0148437 0.0527778 0.337257
10 0.397266 0.354167 0.0148437 0.0555556 0.368284
4 0.396484 0.0444444 0.0164062 0.0555556 0.377408
10 0.477344 0.377778 0.0203125 0.0805556 0.382883
4 0.941797 0.929861 0.0242187 0.0486111 0.385506
10 0.423828 0.357639 0.0132813 0.0458333 0.395314
4 0.533203 0.113194 0.0148437 0.0569444 0.40604
1 0.964844 0.102083 0.0515625 0.159722 0.41164
4 0.532812 0.04375 0.015625 0.0625 0.454944
1 0.828125 0.595833 0.0546875 0.15 0.509252
6 0.724219 0.025 0.034375 0.0416667 0.51304
4 0.560938 0.0555556 0.0171875 0.0388889 0.599828
4 0.451172 0.156944 0.0148437 0.0472222 0.628011
11 0.647266 0.728472 0.0445312 0.143056 0.63633
1 0.533984 0.129861 0.0179687 0.0819444 0.686558
4 0.45 0.10625 0.015625 0.0458333 0.745235
4 0.560547 0.109028 0.0148437 0.0486111 0.768171
4 0.423438 0.107639 0.015625 0.0486111 0.812083
4 0.5875 0.109028 0.015625 0.0486111 0.835336
4 0.396094 0.111111 0.0140625 0.0472222 0.843259
