2 0.835547 0.597222 0.0539063 0.136111 0.265401
10 0.41875 0.711806 0.0375 0.134722 0.26587
11 0.595703 0.797917 0.0445312 0.1625 0.26752
1 0.533594 0.0465278 0.0171875 0.0541667 0.268867
10 0.507812 0.742361 0.0296875 0.0958333 0.279078
4 0.422656 0.249306 0.0140625 0.0513889 0.29827
1 0.719141 0.113194 0.0492188 0.184722 0.300102
10 0.505859 0.254861 0.0148437 0.0375 0.324154
1 0.962891 0.100694 0.0507812 0.159722 0.341879
4 0.942187 0.930556 0.0234375 0.0472222 0.362008
10 0.423047 0.357639 0.0132813 0.0458333 0.403042
11 0.529688 0.765278 0.034375 0.111111 0.412239
4 0.532812 0.0444444 0.015625 0.0611111 0.412955
4 0.396484 0.0451389 0.0164062 0.0569444 0.447898
1 0.836328 0.599306 0.0539063 0.148611 0.468174
10 0.477344 0.377083 0.01875 0.0763889 0.477608
10 0.396484 0.354167 0.0148437 0.0527778 0.489307
4 0.844531 0.886111 0.0234375 0.0388889 0.526347
4 0.505469 0.20625 0.0140625 0.0402778 0.527901
10 0.450391 0.154167 0.0148437 0.0444444 0.550052
6 0.724219 0.0229167 0.034375 0.0402778 0.55465
7 0.575781 0.697222 0.0390625 0.147222 0.570487
1 0.476562 0.0381944 0.01875 0.0625 0.570577
4 0.560547 0.0555556 0.0179687 0.0388889 0.577005
11 0.649609 0.722917 0.0398437 0.129167 0.635036
4 0.45 0.104861 0.015625 0.0458333 0.691624
1 0.533203 0.131944 0.0179687 0.0805556 0.724742
4 0.560156 0.109028 0.0140625 0.0486111 0.784019
4 0.423047 0.107639 0.0164062 0.0513889 0.8162
4 0.476953 0.109028 0.0148437 0.0486111 0.826663
4 0.5875 0.108333 0.015625 0.0472222 0.827613
4 0.395703 0.110417 0.0148437 0.0486111 0.85509
