11 0.200781 0.853472 0.0578125 0.173611 0.253645
10 0.419141 0.01875 0.0164062 0.0347222 0.254705
7 0.648438 0.720139 0.03125 0.109722 0.29182
3 0.974219 0.269444 0.0453125 0.141667 0.295572
1 0.763672 0.138194 0.0382813 0.143056 0.312899
4 0.450391 0.0618056 0.0164062 0.0625 0.390344
4 0.683984 0.0284722 0.0179687 0.0486111 0.412777
4 0.397656 0.0569444 0.0171875 0.1 0.462989
10 0.397266 0.354861 0.0148437 0.0513889 0.495823
8 0.590234 0.813194 0.0429688 0.154167 0.496514
4 0.451562 0.157639 0.0171875 0.0486111 0.513167
10 0.530469 0.779861 0.0296875 0.0902778 0.591272
4 0.45 0.108333 0.015625 0.05 0.626065
4 0.533203 0.110417 0.0148437 0.0569444 0.665348
4 0.560547 0.107639 0.0148437 0.0513889 0.67478
1 0.533984 0.13125 0.0179687 0.0847222 0.693366
4 0.587891 0.109028 0.0164062 0.0513889 0.774706
4 0.396094 0.111111 0.015625 0.0472222 0.782094
4 0.423438 0.108333 0.015625 0.05 0.815952
