10 0.397266 0.354167 0.0148437 0.0527778 0.292033
1 0.197656 0.845139 0.05 0.156944 0.30605
4 0.745703 0.920139 0.0210938 0.0486111 0.306828
4 0.417969 0.0194444 0.0171875 0.0333333 0.323772
4 0.560156 0.0569444 0.01875 0.0444444 0.33326
4 0.450781 0.0611111 0.015625 0.0555556 0.367509
1 0.757422 0.0909722 0.0226563 0.104167 0.383017
1 0.822656 0.592361 0.0515625 0.120833 0.419224
10 0.617578 0.714583 0.0320312 0.0930556 0.431183
4 0.683984 0.0284722 0.0179687 0.0458333 0.451719
4 0.396875 0.04375 0.0171875 0.0625 0.555664
4 0.451562 0.157639 0.0171875 0.0486111 0.609811
8 0.589063 0.809028 0.04375 0.148611 0.633523
4 0.450781 0.108333 0.015625 0.05 0.642984
10 0.530469 0.777778 0.0296875 0.0888889 0.662171
4 0.533203 0.110417 0.0148437 0.0569444 0.668084
4 0.560938 0.107639 0.015625 0.0513889 0.695715
1 0.533984 0.13125 0.0179687 0.0847222 0.702184
4 0.396484 0.111111 0.0148437 0.0472222 0.792698
4 0.423438 0.107639 0.015625 0.0513889 0.795365
4 0.587891 0.108333 0.0164062 0.05 0.815722
