4 0.423438 0.205556 0.0125 0.0444444 0.276992
11 0.594141 0.804167 0.0476562 0.155556 0.299514
4 0.757812 0.0659722 0.021875 0.104167 0.308321
11 0.232031 0.881944 0.05625 0.172222 0.330412
4 0.50625 0.0604167 0.0171875 0.0458333 0.360992
4 0.845312 0.886111 0.0265625 0.0416667 0.384277
4 0.560547 0.0590278 0.0195312 0.0458333 0.394004
10 0.396875 0.353472 0.015625 0.0513889 0.436132
11 0.491406 0.759028 0.0328125 0.123611 0.440241
10 0.603906 0.710417 0.034375 0.140278 0.448176
4 0.451562 0.156944 0.0140625 0.05 0.496596
10 0.469531 0.645833 0.028125 0.0805556 0.598228
8 0.591016 0.807639 0.0460938 0.156944 0.656659
4 0.45 0.109722 0.0140625 0.05 0.701593
3 0.652344 0.263194 0.05625 0.156944 0.730404
4 0.560938 0.108333 0.015625 0.0472222 0.746527
4 0.395703 0.159028 0.0148437 0.0541667 0.799318
4 0.5875 0.110417 0.015625 0.0486111 0.826927
4 0.533984 0.109722 0.0148437 0.0472222 0.884927
