3 0.794531 0.569444 0.0390625 0.133333 0.250336
10 0.561328 0.374306 0.0195312 0.0763889 0.283512
4 0.945703 0.931944 0.0242187 0.0444444 0.291388
4 0.397656 0.0701389 0.015625 0.106944 0.29284
3 0.450391 0.155556 0.0179687 0.0444444 0.307299
10 0.505859 0.254861 0.0148437 0.0375 0.310467
10 0.505859 0.74375 0.0320312 0.0930556 0.313016
1 0.533203 0.111806 0.0148437 0.0513889 0.315266
4 0.751172 0.91875 0.0210938 0.0486111 0.320414
4 0.505859 0.20625 0.0132813 0.0402778 0.322828
1 0.476562 0.0402778 0.01875 0.0611111 0.343457
4 0.532812 0.0465278 0.015625 0.0625 0.357172
1 0.844922 0.582639 0.0554687 0.168056 0.37517
1 0.663281 0.250694 0.059375 0.176389 0.383182
1 0.450781 0.157639 0.0171875 0.0430556 0.386153
8 0.592969 0.797917 0.05 0.1625 0.405679
10 0.423828 0.356944 0.0132813 0.0472222 0.425757
11 0.641406 0.722917 0.0421875 0.140278 0.429917
4 0.560156 0.0555556 0.0171875 0.0388889 0.438253
9 0.333984 0.722917 0.0414063 0.154167 0.459431
10 0.396484 0.353472 0.0148437 0.0541667 0.475242
4 0.844141 0.884722 0.0257812 0.0388889 0.497338
7 0.523047 0.666667 0.0367187 0.125 0.53223
4 0.769922 0.327778 0.0273438 0.102778 0.55333
4 0.450391 0.111111 0.0148437 0.0527778 0.59483
1 0.963672 0.0923611 0.0539063 0.156944 0.635063
1 0.533594 0.13125 0.0171875 0.0791667 0.643081
10 0.478125 0.376389 0.0203125 0.0777778 0.653599
11 0.594531 0.794444 0.05 0.166667 0.692982
4 0.560547 0.109028 0.0148437 0.0486111 0.752144
4 0.396094 0.109722 0.015625 0.0444444 0.808289
4 0.423438 0.107639 0.015625 0.0486111 0.811563
4 0.5875 0.109028 0.015625 0.0486111 0.813058
4 0.477734 0.107639 0.0164062 0.0513889 0.845828
