1 0.794141 0.579861 0.0398437 0.123611 0.254088
10 0.423438 0.357639 0.0125 0.0486111 0.257547
6 0.896094 0.895139 0.0359375 0.0569444 0.268632
10 0.422656 0.201389 0.0140625 0.0472222 0.291325
4 0.944922 0.93125 0.0242187 0.0458333 0.306915
3 0.45 0.154167 0.01875 0.0472222 0.323912
4 0.397656 0.0680556 0.0171875 0.105556 0.332697
7 0.969141 0.0902778 0.0523437 0.161111 0.340538
4 0.505859 0.0451389 0.0179687 0.0597222 0.377033
1 0.450781 0.15625 0.0171875 0.0458333 0.400218
10 0.396875 0.354167 0.015625 0.0555556 0.435113
1 0.837891 0.603472 0.0585938 0.179167 0.436187
4 0.532812 0.113889 0.015625 0.05 0.493313
4 0.589453 0.0479167 0.0179687 0.0541667 0.558976
10 0.477344 0.377083 0.01875 0.0791667 0.562918
4 0.45 0.113889 0.015625 0.0527778 0.591689
1 0.533594 0.134722 0.01875 0.0777778 0.605228
1 0.967188 0.0993056 0.0546875 0.173611 0.766727
4 0.396094 0.109722 0.015625 0.0472222 0.797048
4 0.587891 0.109028 0.0164062 0.0486111 0.807807
4 0.561328 0.110417 0.0148437 0.0458333 0.822274
4 0.423438 0.108333 0.015625 0.05 0.827242
4 0.477734 0.109722 0.0164062 0.05 0.869464
