10 0.423438 0.357639 0.0140625 0.0486111 0.252902
1 0.769531 0.207639 0.0546875 0.159722 0.254036
10 0.416797 0.0173611 0.0164062 0.0347222 0.258753
9 0.415625 0.713889 0.04375 0.152778 0.275387
8 0.477734 0.377778 0.0195312 0.0805556 0.298008
3 0.759766 0.0618056 0.0226563 0.109722 0.303037
4 0.506641 0.2125 0.0148437 0.0611111 0.304773
4 0.746094 0.920139 0.021875 0.0541667 0.314958
10 0.505859 0.254167 0.0148437 0.0416667 0.33174
1 0.760156 0.0784722 0.0265625 0.126389 0.340551
7 0.649219 0.722222 0.0390625 0.133333 0.345726
4 0.397656 0.0673611 0.0171875 0.106944 0.364114
4 0.844141 0.884722 0.0242187 0.0388889 0.38619
1 0.45 0.157639 0.01875 0.0458333 0.392028
3 0.194531 0.931944 0.0796875 0.113889 0.407699
4 0.945312 0.931944 0.0234375 0.0444444 0.412014
1 0.840625 0.611806 0.0625 0.181944 0.447336
3 0.45 0.155556 0.01875 0.0472222 0.454121
10 0.396875 0.355556 0.015625 0.0555556 0.514358
1 0.532812 0.150694 0.0171875 0.0569444 0.570412
4 0.45 0.1125 0.015625 0.0527778 0.619469
4 0.533203 0.1125 0.0148437 0.05 0.634658
1 0.960938 0.101389 0.0546875 0.172222 0.665804
10 0.477734 0.375694 0.0195312 0.0791667 0.733134
4 0.396094 0.110417 0.015625 0.0458333 0.78791
4 0.587891 0.109028 0.0164062 0.0486111 0.800507
4 0.560938 0.110417 0.015625 0.0458333 0.831714
10 0.533594 0.383333 0.0203125 0.075 0.833806
4 0.423438 0.109028 0.015625 0.0486111 0.836912
4 0.477344 0.109028 0.0171875 0.0513889 0.874878
