10 0.534375 0.239583 0.015625 0.0652778 0.260315
4 0.765234 0.05 0.0257812 0.0888889 0.26937
4 0.945312 0.932639 0.025 0.0430556 0.298164
3 0.658984 0.266667 0.0617188 0.163889 0.30704
9 0.525781 0.711111 0.03125 0.108333 0.318403
3 0.892187 0.256944 0.0625 0.194444 0.327185
9 0.403906 0.692361 0.040625 0.151389 0.330387
11 0.454688 0.738194 0.0390625 0.145833 0.3552
1 0.658203 0.26875 0.0617188 0.159722 0.391702
4 0.533594 0.203472 0.015625 0.0486111 0.395094
10 0.533984 0.358333 0.0148437 0.0416667 0.411107
4 0.845312 0.884028 0.025 0.0375 0.411702
3 0.507812 0.355556 0.0203125 0.0472222 0.419285
10 0.424219 0.356944 0.0140625 0.0416667 0.436204
4 0.396094 0.0506944 0.0171875 0.0652778 0.443447
1 0.965625 0.102083 0.0546875 0.159722 0.454536
1 0.631641 0.669444 0.0367187 0.147222 0.489357
4 0.560547 0.0569444 0.0179687 0.0416667 0.501748
7 0.491797 0.753472 0.0335938 0.123611 0.531346
1 0.533984 0.123611 0.0164062 0.0722222 0.547588
3 0.979688 0.274306 0.0390625 0.1625 0.547771
4 0.451562 0.156944 0.015625 0.0472222 0.574244
10 0.396875 0.353472 0.015625 0.0486111 0.65298
11 0.491406 0.752778 0.034375 0.125 0.69112
4 0.45 0.108333 0.0140625 0.0472222 0.712162
4 0.560547 0.107639 0.0148437 0.0486111 0.725132
11 0.591797 0.80625 0.0445312 0.151389 0.72932
4 0.533594 0.109722 0.0140625 0.0527778 0.731631
4 0.396094 0.111111 0.0140625 0.0472222 0.798451
4 0.423438 0.107639 0.0140625 0.0486111 0.813807
4 0.5875 0.109028 0.015625 0.0486111 0.840583
