10 0.00820312 0.247222 0.0164062 0.163889 0.273044
10 0.415625 0.0180556 0.0171875 0.0361111 0.28004
4 0.45 0.0631944 0.015625 0.0625 0.288634
10 0.450391 0.297222 0.0117188 0.0472222 0.291979
4 0.417188 0.01875 0.0171875 0.0347222 0.304647
4 0.945312 0.931944 0.025 0.0444444 0.309465
10 0.423828 0.358333 0.0132813 0.0472222 0.314367
7 0.287109 0.354167 0.0585938 0.183333 0.36826
4 0.746094 0.920139 0.0203125 0.0486111 0.398735
2 0.842578 0.597222 0.0648438 0.147222 0.410995
11 0.587109 0.806944 0.0492188 0.141667 0.419886
1 0.652344 0.255556 0.0578125 0.191667 0.441947
1 0.476562 0.0458333 0.01875 0.0555556 0.458083
4 0.397656 0.0604167 0.0171875 0.104167 0.468146
4 0.844531 0.884722 0.0265625 0.0388889 0.548946
1 0.839453 0.597222 0.0664062 0.161111 0.561478
8 0.588672 0.807639 0.0445312 0.148611 0.598504
1 0.708203 0.111111 0.0523437 0.194444 0.599386
4 0.451172 0.157639 0.0164062 0.0486111 0.600604
1 0.533594 0.129861 0.01875 0.0819444 0.605391
4 0.507031 0.0583333 0.01875 0.05 0.620179
11 0.639844 0.727778 0.0453125 0.138889 0.622893
4 0.532812 0.113194 0.015625 0.0541667 0.669825
10 0.478125 0.378472 0.01875 0.0736111 0.71468
4 0.560547 0.109028 0.0148437 0.0486111 0.724601
4 0.45 0.108333 0.015625 0.0472222 0.752027
4 0.5875 0.109722 0.015625 0.05 0.789361
4 0.396094 0.109722 0.015625 0.0472222 0.801268
4 0.423438 0.108333 0.015625 0.05 0.83249
