10 0.450391 0.297222 0.0117188 0.0472222 0.285165
10 0.416016 0.0180556 0.0179687 0.0361111 0.286454
4 0.450391 0.0631944 0.0164062 0.0625 0.29267
4 0.417188 0.01875 0.0171875 0.0347222 0.306746
4 0.945312 0.931944 0.025 0.0444444 0.311642
10 0.423828 0.358333 0.0132813 0.0472222 0.312414
7 0.287109 0.353472 0.0585938 0.1875 0.386331
2 0.842578 0.597222 0.0648438 0.147222 0.394876
4 0.746094 0.920139 0.0203125 0.0486111 0.40624
11 0.587109 0.806944 0.0492188 0.141667 0.41922
1 0.652734 0.255556 0.0585938 0.191667 0.434591
1 0.476562 0.0465278 0.01875 0.0541667 0.460319
4 0.397656 0.0597222 0.0171875 0.102778 0.477015
1 0.839453 0.597222 0.0664062 0.161111 0.551345
4 0.844531 0.884722 0.0265625 0.0388889 0.553657
8 0.588672 0.807639 0.0445312 0.148611 0.58068
1 0.708203 0.111111 0.0523437 0.194444 0.597446
1 0.533594 0.129861 0.01875 0.0819444 0.600818
4 0.450781 0.157639 0.0171875 0.0486111 0.610134
11 0.639844 0.727778 0.0453125 0.138889 0.61648
4 0.507031 0.0583333 0.01875 0.05 0.624327
4 0.532812 0.113194 0.015625 0.0541667 0.669798
10 0.478125 0.378472 0.01875 0.0736111 0.71225
4 0.560547 0.109028 0.0148437 0.0486111 0.725048
4 0.45 0.108333 0.015625 0.0472222 0.752553
4 0.5875 0.109722 0.015625 0.05 0.789182
4 0.396094 0.110417 0.015625 0.0458333 0.801068
4 0.423438 0.108333 0.015625 0.05 0.833762
