10 0.424219 0.357639 0.0125 0.0430556 0.252441
10 0.621094 0.754167 0.034375 0.136111 0.26508
10 0.396875 0.354167 0.0140625 0.05 0.333457
4 0.941797 0.93125 0.0273438 0.0486111 0.373724
3 0.028125 0.0555556 0.05 0.111111 0.389401
4 0.844922 0.886806 0.0273438 0.0430556 0.393428
1 0.0292969 0.0548611 0.0507812 0.104167 0.436662
4 0.50625 0.0590278 0.01875 0.0486111 0.466023
3 0.768359 0.0819444 0.0367187 0.138889 0.517886
11 0.491406 0.752778 0.0359375 0.138889 0.536334
8 0.592969 0.809028 0.0421875 0.159722 0.54022
11 0.591016 0.807639 0.0445312 0.151389 0.614425
4 0.451562 0.157639 0.0140625 0.0458333 0.688648
4 0.560547 0.107639 0.0164062 0.0486111 0.724546
4 0.450391 0.107639 0.0148437 0.0486111 0.743497
4 0.396094 0.109722 0.015625 0.0527778 0.8074
4 0.587891 0.109722 0.0164062 0.05 0.823237
4 0.533594 0.109722 0.015625 0.0472222 0.883247
